   0.0000000e+00  -2.0943951e+00  -1.0471976e+00   0.0000000e+00   1.5707963e+00   0.0000000e+00
   5.0087455e-04  -2.0943212e+00  -1.0473160e+00   4.1201694e-05   1.5708608e+00   0.0000000e+00
   4.9180307e-03  -2.0921460e+00  -1.0506984e+00   1.2313730e-03   1.5716139e+00   0.0000000e+00
   1.0091212e-02  -2.0894592e+00  -1.0550731e+00   2.7335111e-03   1.5725250e+00   0.0000000e+00
   1.4868686e-02  -2.0869535e+00  -1.0593737e+00   4.1702002e-03   1.5733829e+00   0.0000000e+00
   2.0156063e-02  -2.0841806e+00  -1.0643825e+00   5.7994524e-03   1.5743474e+00   0.0000000e+00
   2.5435427e-02  -2.0814182e+00  -1.0696293e+00   7.4616674e-03   1.5753251e+00   0.0000000e+00
   3.0605623e-02  -2.0787207e+00  -1.0749998e+00   9.1211039e-03   1.5762964e+00   0.0000000e+00
   3.5673162e-02  -2.0760848e+00  -1.0804854e+00   1.0776385e-02   1.5772616e+00   0.0000000e+00
   4.0642989e-02  -2.0735079e+00  -1.0860793e+00   1.2426351e-02   1.5782209e+00   0.0000000e+00
   4.5518485e-02  -2.0709879e+00  -1.0917750e+00   1.4069783e-02   1.5791742e+00   0.0000000e+00
   5.0303613e-02  -2.0685225e+00  -1.0975683e+00   1.5705989e-02   1.5801217e+00   0.0000000e+00
   5.5002549e-02  -2.0661093e+00  -1.1034566e+00   1.7334635e-02   1.5810637e+00   0.0000000e+00
   5.9619138e-02  -2.0637461e+00  -1.1094381e+00   1.8955514e-02   1.5820007e+00   0.0000000e+00
   6.4156593e-02  -2.0614310e+00  -1.1155116e+00   2.0568403e-02   1.5829328e+00   0.0000000e+00
   6.8617420e-02  -2.0591624e+00  -1.1216756e+00   2.2173003e-02   1.5838603e+00   0.0000000e+00
   7.3003471e-02  -2.0569392e+00  -1.1279288e+00   2.3768929e-02   1.5847833e+00   0.0000000e+00
   7.7316037e-02  -2.0547604e+00  -1.1342696e+00   2.5355720e-02   1.5857017e+00   0.0000000e+00
   8.1555951e-02  -2.0526255e+00  -1.1406964e+00   2.6932859e-02   1.5866156e+00   0.0000000e+00
   8.5723666e-02  -2.0505339e+00  -1.1472075e+00   2.8499789e-02   1.5875247e+00   0.0000000e+00
   8.9819322e-02  -2.0484853e+00  -1.1538012e+00   3.0055921e-02   1.5884291e+00   0.0000000e+00
   9.3842801e-02  -2.0464797e+00  -1.1604759e+00   3.1600652e-02   1.5893286e+00   0.0000000e+00
   9.7793763e-02  -2.0445168e+00  -1.1672297e+00   3.3133368e-02   1.5902229e+00   0.0000000e+00
   1.0167168e-01  -2.0425967e+00  -1.1740610e+00   3.4653452e-02   1.5911118e+00   0.0000000e+00
   1.0547585e-01  -2.0407194e+00  -1.1809681e+00   3.6160289e-02   1.5919951e+00   0.0000000e+00
   1.0920545e-01  -2.0388853e+00  -1.1879493e+00   3.7653268e-02   1.5928726e+00   0.0000000e+00
   1.1285949e-01  -2.0370944e+00  -1.1950030e+00   3.9131785e-02   1.5937439e+00   0.0000000e+00
   1.1643690e-01  -2.0353469e+00  -1.2021276e+00   4.0595249e-02   1.5946088e+00   0.0000000e+00
   1.1993648e-01  -2.0336433e+00  -1.2093214e+00   4.2043078e-02   1.5954670e+00   0.0000000e+00
   1.2335692e-01  -2.0319837e+00  -1.2165830e+00   4.3474704e-02   1.5963183e+00   0.0000000e+00
   1.2669683e-01  -2.0303686e+00  -1.2239109e+00   4.4889574e-02   1.5971622e+00   0.0000000e+00
   1.2995472e-01  -2.0287983e+00  -1.2313035e+00   4.6287150e-02   1.5979985e+00   0.0000000e+00
   1.3312901e-01  -2.0272732e+00  -1.2387596e+00   4.7666908e-02   1.5988268e+00   0.0000000e+00
   1.3621802e-01  -2.0257939e+00  -1.2462778e+00   4.9028340e-02   1.5996469e+00   0.0000000e+00
   1.3922001e-01  -2.0243606e+00  -1.2538568e+00   5.0370956e-02   1.6004583e+00   0.0000000e+00
   1.4213311e-01  -2.0229739e+00  -1.2614954e+00   5.1694281e-02   1.6012608e+00   0.0000000e+00
   1.4495537e-01  -2.0216342e+00  -1.2691923e+00   5.2997855e-02   1.6020539e+00   0.0000000e+00
   1.4768475e-01  -2.0203421e+00  -1.2769467e+00   5.4281236e-02   1.6028374e+00   0.0000000e+00
   1.5031911e-01  -2.0190982e+00  -1.2847573e+00   5.5543999e-02   1.6036108e+00   0.0000000e+00
   1.5285617e-01  -2.0179029e+00  -1.2926233e+00   5.6785732e-02   1.6043737e+00   0.0000000e+00
   1.5529357e-01  -2.0167567e+00  -1.3005439e+00   5.8006041e-02   1.6051259e+00   0.0000000e+00
   1.5762882e-01  -2.0156605e+00  -1.3085184e+00   5.9204549e-02   1.6058668e+00   0.0000000e+00
   1.5985927e-01  -2.0146146e+00  -1.3165461e+00   6.0380891e-02   1.6065961e+00   0.0000000e+00
   1.6198215e-01  -2.0136198e+00  -1.3246265e+00   6.1534719e-02   1.6073134e+00   0.0000000e+00
   1.6399452e-01  -2.0126768e+00  -1.3327593e+00   6.2665700e-02   1.6080182e+00   0.0000000e+00
   1.6589326e-01  -2.0117862e+00  -1.3409444e+00   6.3773514e-02   1.6087101e+00   0.0000000e+00
   1.6767508e-01  -2.0109488e+00  -1.3491817e+00   6.4857857e-02   1.6093886e+00   0.0000000e+00
   1.6933644e-01  -2.0101654e+00  -1.3574713e+00   6.5918435e-02   1.6100533e+00   0.0000000e+00
   1.7087360e-01  -2.0094370e+00  -1.3658139e+00   6.6954967e-02   1.6107037e+00   0.0000000e+00
   1.7228255e-01  -2.0087642e+00  -1.3742100e+00   6.7967184e-02   1.6113392e+00   0.0000000e+00
   1.7355903e-01  -2.0081483e+00  -1.3826607e+00   6.8954823e-02   1.6119593e+00   0.0000000e+00
   1.7469849e-01  -2.0075902e+00  -1.3911672e+00   6.9917627e-02   1.6125636e+00   0.0000000e+00
   1.7569611e-01  -2.0070911e+00  -1.3997312e+00   7.0855340e-02   1.6131514e+00   0.0000000e+00
   1.7654691e-01  -2.0066523e+00  -1.4083547e+00   7.1767698e-02   1.6137221e+00   0.0000000e+00
   1.7724600e-01  -2.0062754e+00  -1.4170401e+00   7.2654418e-02   1.6142752e+00   0.0000000e+00
   1.7778927e-01  -2.0059619e+00  -1.4257899e+00   7.3515176e-02   1.6148103e+00   0.0000000e+00
   1.7817602e-01  -2.0057140e+00  -1.4346067e+00   7.4349569e-02   1.6153272e+00   0.0000000e+00
   1.7842989e-01  -2.0055344e+00  -1.4434936e+00   7.5157015e-02   1.6158286e+00   0.0000000e+00
   1.7852040e-01  -2.0054431e+00  -1.4501918e+00   7.5743990e-02   1.6161925e+00   0.0000000e+00
   1.7845257e-01  -2.0053943e+00  -1.4569104e+00   7.6313167e-02   1.6165368e+00   0.0000000e+00
   1.7823163e-01  -2.0053875e+00  -1.4636377e+00   7.6863743e-02   1.6168615e+00   0.0000000e+00
   1.7777329e-01  -2.0054296e+00  -1.4719450e+00   7.7518574e-02   1.6172381e+00   0.0000000e+00
   1.7712573e-01  -2.0055309e+00  -1.4800235e+00   7.8127528e-02   1.6175775e+00   0.0000000e+00
   1.7630825e-01  -2.0056860e+00  -1.4878242e+00   7.8689452e-02   1.6178796e+00   0.0000000e+00
   1.7533334e-01  -2.0058901e+00  -1.4953584e+00   7.9207761e-02   1.6181469e+00   0.0000000e+00
   1.7420906e-01  -2.0061396e+00  -1.5026519e+00   7.9686561e-02   1.6183817e+00   0.0000000e+00
   1.7294176e-01  -2.0064311e+00  -1.5097243e+00   8.0129192e-02   1.6185859e+00   0.0000000e+00
   1.7153677e-01  -2.0067616e+00  -1.5165902e+00   8.0538399e-02   1.6187611e+00   0.0000000e+00
   1.6999859e-01  -2.0071286e+00  -1.5232614e+00   8.0916527e-02   1.6189086e+00   0.0000000e+00
   1.6833112e-01  -2.0075298e+00  -1.5297474e+00   8.1265614e-02   1.6190294e+00   0.0000000e+00
   1.6653780e-01  -2.0079629e+00  -1.5360556e+00   8.1587456e-02   1.6191244e+00   0.0000000e+00
   1.6462171e-01  -2.0084259e+00  -1.5421926e+00   8.1883659e-02   1.6191945e+00   0.0000000e+00
   1.6258563e-01  -2.0089169e+00  -1.5481633e+00   8.2155672e-02   1.6192402e+00   0.0000000e+00
   1.6043212e-01  -2.0094341e+00  -1.5539721e+00   8.2404816e-02   1.6192622e+00   0.0000000e+00
   1.5816356e-01  -2.0099757e+00  -1.5596226e+00   8.2632312e-02   1.6192611e+00   0.0000000e+00
   1.5578215e-01  -2.0105401e+00  -1.5651176e+00   8.2839286e-02   1.6192374e+00   0.0000000e+00
   1.5328994e-01  -2.0111256e+00  -1.5704598e+00   8.3026794e-02   1.6191915e+00   0.0000000e+00
   1.5068888e-01  -2.0117308e+00  -1.5756512e+00   8.3195825e-02   1.6191238e+00   0.0000000e+00
   1.4798081e-01  -2.0123540e+00  -1.5806935e+00   8.3347311e-02   1.6190348e+00   0.0000000e+00
   1.4516746e-01  -2.0129938e+00  -1.5855882e+00   8.3482136e-02   1.6189247e+00   0.0000000e+00
   1.4225049e-01  -2.0136487e+00  -1.5903364e+00   8.3601136e-02   1.6187940e+00   0.0000000e+00
   1.3923148e-01  -2.0143173e+00  -1.5949391e+00   8.3705112e-02   1.6186429e+00   0.0000000e+00
   1.3611195e-01  -2.0149983e+00  -1.5993970e+00   8.3794826e-02   1.6184717e+00   0.0000000e+00
   1.3289335e-01  -2.0156901e+00  -1.6037108e+00   8.3871010e-02   1.6182807e+00   0.0000000e+00
   1.2957707e-01  -2.0163916e+00  -1.6078808e+00   8.3934362e-02   1.6180701e+00   0.0000000e+00
   1.2616443e-01  -2.0171013e+00  -1.6119073e+00   8.3985557e-02   1.6178403e+00   0.0000000e+00
   1.2265672e-01  -2.0178179e+00  -1.6157905e+00   8.4025241e-02   1.6175914e+00   0.0000000e+00
   1.1905516e-01  -2.0185401e+00  -1.6195303e+00   8.4054038e-02   1.6173237e+00   0.0000000e+00
   1.1536092e-01  -2.0192666e+00  -1.6231266e+00   8.4072548e-02   1.6170373e+00   0.0000000e+00
   1.1157511e-01  -2.0199961e+00  -1.6265793e+00   8.4081351e-02   1.6167325e+00   0.0000000e+00
   1.0769880e-01  -2.0207274e+00  -1.6298879e+00   8.4081006e-02   1.6164095e+00   0.0000000e+00
   1.0373298e-01  -2.0214591e+00  -1.6330520e+00   8.4072052e-02   1.6160684e+00   0.0000000e+00
   9.9678595e-02  -2.0221900e+00  -1.6360710e+00   8.4055011e-02   1.6157093e+00   0.0000000e+00
   9.5536513e-02  -2.0229189e+00  -1.6389443e+00   8.4030384e-02   1.6153325e+00   0.0000000e+00
   9.1307527e-02  -2.0236444e+00  -1.6416711e+00   8.3998656e-02   1.6149381e+00   0.0000000e+00
   8.6992347e-02  -2.0243653e+00  -1.6442504e+00   8.3960295e-02   1.6145262e+00   0.0000000e+00
   8.2591589e-02  -2.0250804e+00  -1.6466813e+00   8.3915752e-02   1.6140968e+00   0.0000000e+00
   7.8105760e-02  -2.0257884e+00  -1.6489625e+00   8.3865458e-02   1.6136501e+00   0.0000000e+00
   7.3535240e-02  -2.0264880e+00  -1.6510929e+00   8.3809831e-02   1.6131862e+00   0.0000000e+00
   6.8880263e-02  -2.0271780e+00  -1.6530708e+00   8.3749268e-02   1.6127050e+00   0.0000000e+00
   6.4140891e-02  -2.0278571e+00  -1.6548948e+00   8.3684151e-02   1.6122067e+00   0.0000000e+00
   5.9316976e-02  -2.0285241e+00  -1.6565629e+00   8.3614842e-02   1.6116911e+00   0.0000000e+00
   5.4408120e-02  -2.0291777e+00  -1.6580733e+00   8.3541683e-02   1.6111583e+00   0.0000000e+00
   4.9413616e-02  -2.0298165e+00  -1.6594235e+00   8.3464998e-02   1.6106080e+00   0.0000000e+00
   4.4332380e-02  -2.0304394e+00  -1.6606112e+00   8.3385085e-02   1.6100402e+00   0.0000000e+00
   3.9162848e-02  -2.0310450e+00  -1.6616334e+00   8.3302219e-02   1.6094547e+00   0.0000000e+00
   3.3902847e-02  -2.0316322e+00  -1.6624870e+00   8.3216645e-02   1.6088511e+00   0.0000000e+00
   2.8549409e-02  -2.0321996e+00  -1.6631684e+00   8.3128570e-02   1.6082289e+00   0.0000000e+00
   2.3098517e-02  -2.0327461e+00  -1.6636734e+00   8.3038156e-02   1.6075877e+00   0.0000000e+00
   1.7544712e-02  -2.0332708e+00  -1.6639973e+00   8.2945501e-02   1.6069266e+00   0.0000000e+00
   1.1880515e-02  -2.0337728e+00  -1.6641351e+00   8.2850600e-02   1.6062446e+00   0.0000000e+00
   6.0954791e-03  -2.0342523e+00  -1.6640810e+00   8.2753270e-02   1.6055402e+00   0.0000000e+00
   1.7457398e-04  -2.0347116e+00  -1.6638310e+00   8.2652893e-02   1.6048115e+00   0.0000000e+00
  -5.9048202e-03  -2.0351680e+00  -1.6633994e+00   8.2546519e-02   1.6040559e+00   0.0000000e+00
  -1.0609729e-02  -2.0354956e+00  -1.6629271e+00   8.2464286e-02   1.6034659e+00   0.0000000e+00
  -1.5446059e-02  -2.0357831e+00  -1.6622789e+00   8.2383621e-02   1.6028536e+00   0.0000000e+00
  -2.0291348e-02  -2.0360253e+00  -1.6614599e+00   8.2305658e-02   1.6022343e+00   0.0000000e+00
  -2.5010435e-02  -2.0362224e+00  -1.6605168e+00   8.2232012e-02   1.6016258e+00   0.0000000e+00
  -2.9702317e-02  -2.0363855e+00  -1.6594517e+00   8.2160500e-02   1.6010164e+00   0.0000000e+00
  -3.4416367e-02  -2.0365176e+00  -1.6582469e+00   8.2089749e-02   1.6003993e+00   0.0000000e+00
  -3.9055180e-02  -2.0366092e+00  -1.6569180e+00   8.2022169e-02   1.5997870e+00   0.0000000e+00
  -4.4859454e-02  -2.0366770e+00  -1.6550723e+00   8.1939581e-02   1.5990145e+00   0.0000000e+00
  -5.0073733e-02  -2.0366938e+00  -1.6532377e+00   8.1866910e-02   1.5983144e+00   0.0000000e+00
  -5.5164204e-02  -2.0366677e+00  -1.6512813e+00   8.1797446e-02   1.5976251e+00   0.0000000e+00
  -6.0376749e-02  -2.0365953e+00  -1.6491048e+00   8.1727937e-02   1.5969134e+00   0.0000000e+00
  -6.5557551e-02  -2.0364761e+00  -1.6467648e+00   8.1660400e-02   1.5962000e+00   0.0000000e+00
  -7.0582491e-02  -2.0363145e+00  -1.6443239e+00   8.1596208e-02   1.5955024e+00   0.0000000e+00
  -7.5481680e-02  -2.0361118e+00  -1.6417772e+00   8.1534777e-02   1.5948165e+00   0.0000000e+00
  -8.0303228e-02  -2.0358666e+00  -1.6391049e+00   8.1475380e-02   1.5941360e+00   0.0000000e+00
  -8.5046702e-02  -2.0355794e+00  -1.6363102e+00   8.1417881e-02   1.5934610e+00   0.0000000e+00
  -8.9698417e-02  -2.0352513e+00  -1.6334045e+00   8.1362287e-02   1.5927935e+00   0.0000000e+00
  -9.4256956e-02  -2.0348831e+00  -1.6303923e+00   8.1308454e-02   1.5921341e+00   0.0000000e+00
  -9.8725835e-02  -2.0344750e+00  -1.6272747e+00   8.1256191e-02   1.5914821e+00   0.0000000e+00
  -1.0310579e-01  -2.0340272e+00  -1.6240540e+00   8.1205337e-02   1.5908378e+00   0.0000000e+00
  -1.0739586e-01  -2.0335402e+00  -1.6207335e+00   8.1155753e-02   1.5902012e+00   0.0000000e+00
  -1.1159539e-01  -2.0330141e+00  -1.6173161e+00   8.1107296e-02   1.5895726e+00   0.0000000e+00
  -1.1570403e-01  -2.0324493e+00  -1.6138043e+00   8.1059823e-02   1.5889521e+00   0.0000000e+00
  -1.1972125e-01  -2.0318460e+00  -1.6102005e+00   8.1013196e-02   1.5883399e+00   0.0000000e+00
  -1.2364635e-01  -2.0312042e+00  -1.6065072e+00   8.0967284e-02   1.5877361e+00   0.0000000e+00
  -1.2747856e-01  -2.0305242e+00  -1.6027267e+00   8.0921957e-02   1.5871409e+00   0.0000000e+00
  -1.3121704e-01  -2.0298059e+00  -1.5988611e+00   8.0877093e-02   1.5865545e+00   0.0000000e+00
  -1.3486089e-01  -2.0290495e+00  -1.5949127e+00   8.0832574e-02   1.5859771e+00   0.0000000e+00
  -1.3840913e-01  -2.0282548e+00  -1.5908834e+00   8.0788291e-02   1.5854089e+00   0.0000000e+00
  -1.4186071e-01  -2.0274220e+00  -1.5867754e+00   8.0744139e-02   1.5848500e+00   0.0000000e+00
  -1.4521454e-01  -2.0265508e+00  -1.5825904e+00   8.0700022e-02   1.5843006e+00   0.0000000e+00
  -1.4846944e-01  -2.0256411e+00  -1.5783304e+00   8.0655853e-02   1.5837610e+00   0.0000000e+00
  -1.5162416e-01  -2.0246926e+00  -1.5739971e+00   8.0611553e-02   1.5832314e+00   0.0000000e+00
  -1.5467742e-01  -2.0237052e+00  -1.5695922e+00   8.0567052e-02   1.5827119e+00   0.0000000e+00
  -1.5762781e-01  -2.0226784e+00  -1.5651172e+00   8.0522292e-02   1.5822029e+00   0.0000000e+00
  -1.6047390e-01  -2.0216117e+00  -1.5605736e+00   8.0477225e-02   1.5817044e+00   0.0000000e+00
  -1.6321415e-01  -2.0205048e+00  -1.5559627e+00   8.0431815e-02   1.5812168e+00   0.0000000e+00
  -1.6584692e-01  -2.0193569e+00  -1.5512857e+00   8.0386041e-02   1.5807403e+00   0.0000000e+00
  -1.6837051e-01  -2.0181674e+00  -1.5465436e+00   8.0339893e-02   1.5802751e+00   0.0000000e+00
  -1.7078308e-01  -2.0169352e+00  -1.5417372e+00   8.0293379e-02   1.5798216e+00   0.0000000e+00
  -1.7308267e-01  -2.0156594e+00  -1.5368669e+00   8.0246519e-02   1.5793798e+00   0.0000000e+00
  -1.7526721e-01  -2.0143388e+00  -1.5319331e+00   8.0199353e-02   1.5789502e+00   0.0000000e+00
  -1.7733443e-01  -2.0129718e+00  -1.5269354e+00   8.0151939e-02   1.5785330e+00   0.0000000e+00
  -1.7928190e-01  -2.0115566e+00  -1.5218730e+00   8.0104352e-02   1.5781285e+00   0.0000000e+00
  -1.8110698e-01  -2.0100911e+00  -1.5167444e+00   8.0056687e-02   1.5777369e+00   0.0000000e+00
  -1.8280675e-01  -2.0085726e+00  -1.5115471e+00   8.0009062e-02   1.5773586e+00   0.0000000e+00
  -1.8437799e-01  -2.0069978e+00  -1.5062772e+00   7.9961611e-02   1.5769939e+00   0.0000000e+00
  -1.8581710e-01  -2.0053625e+00  -1.5009288e+00   7.9914491e-02   1.5766430e+00   0.0000000e+00
  -1.8712000e-01  -2.0036612e+00  -1.4954930e+00   7.9867869e-02   1.5763062e+00   0.0000000e+00
  -1.8828188e-01  -2.0018866e+00  -1.4899568e+00   7.9821925e-02   1.5759837e+00   0.0000000e+00
  -1.8928509e-01  -2.0000512e+00  -1.4843684e+00   7.9777317e-02   1.5756792e+00   0.0000000e+00
  -1.9010168e-01  -1.9982151e+00  -1.4789099e+00   7.9735597e-02   1.5754021e+00   0.0000000e+00
  -1.9074915e-01  -1.9963618e+00  -1.4735270e+00   7.9696364e-02   1.5751486e+00   0.0000000e+00
  -1.9124721e-01  -1.9944399e+00  -1.4680670e+00   7.9658224e-02   1.5749112e+00   0.0000000e+00
  -1.9160047e-01  -1.9924444e+00  -1.4624974e+00   7.9619231e-02   1.5746880e+00   0.0000000e+00
  -1.9183737e-01  -1.9904016e+00  -1.4568120e+00   7.9572959e-02   1.5744748e+00   0.0000000e+00
  -1.9185378e-01  -1.9887613e+00  -1.4524382e+00   7.9546357e-02   1.5743322e+00   0.0000000e+00
  -1.9171196e-01  -1.9870127e+00  -1.4479842e+00   7.9530802e-02   1.5742081e+00   0.0000000e+00
  -1.9133063e-01  -1.9848162e+00  -1.4426185e+00   7.9524449e-02   1.5740860e+00   0.0000000e+00
  -1.9076255e-01  -1.9826454e+00  -1.4375259e+00   7.9529894e-02   1.5739970e+00   0.0000000e+00
  -1.9001627e-01  -1.9804671e+00  -1.4326086e+00   7.9546381e-02   1.5739369e+00   0.0000000e+00
  -1.8911200e-01  -1.9783032e+00  -1.4279060e+00   7.9573468e-02   1.5739044e+00   0.0000000e+00
  -1.8808024e-01  -1.9761884e+00  -1.4234782e+00   7.9610272e-02   1.5738976e+00   0.0000000e+00
  -1.8692171e-01  -1.9740938e+00  -1.4192521e+00   7.9656892e-02   1.5739140e+00   0.0000000e+00
  -1.8562547e-01  -1.9719865e+00  -1.4151565e+00   7.9714172e-02   1.5739530e+00   0.0000000e+00
  -1.8419587e-01  -1.9698674e+00  -1.4111926e+00   7.9782429e-02   1.5740141e+00   0.0000000e+00
  -1.8264252e-01  -1.9677445e+00  -1.4073736e+00   7.9861691e-02   1.5740965e+00   0.0000000e+00
  -1.8096999e-01  -1.9656179e+00  -1.4036977e+00   7.9952192e-02   1.5741998e+00   0.0000000e+00
  -1.7918025e-01  -1.9634850e+00  -1.4001589e+00   8.0054303e-02   1.5743235e+00   0.0000000e+00
  -1.7727582e-01  -1.9613447e+00  -1.3967545e+00   8.0168364e-02   1.5744673e+00   0.0000000e+00
  -1.7525955e-01  -1.9591968e+00  -1.3934834e+00   8.0294688e-02   1.5746310e+00   0.0000000e+00
  -1.7313386e-01  -1.9570409e+00  -1.3903444e+00   8.0433602e-02   1.5748142e+00   0.0000000e+00
  -1.7090080e-01  -1.9548765e+00  -1.3873365e+00   8.0585449e-02   1.5750167e+00   0.0000000e+00
  -1.6856229e-01  -1.9527032e+00  -1.3844588e+00   8.0750571e-02   1.5752384e+00   0.0000000e+00
  -1.6612007e-01  -1.9505206e+00  -1.3817110e+00   8.0929313e-02   1.5754792e+00   0.0000000e+00
  -1.6357574e-01  -1.9483284e+00  -1.3790927e+00   8.1122022e-02   1.5757389e+00   0.0000000e+00
  -1.6093075e-01  -1.9461263e+00  -1.3766040e+00   8.1329044e-02   1.5760174e+00   0.0000000e+00
  -1.5818643e-01  -1.9439140e+00  -1.3742448e+00   8.1550729e-02   1.5763146e+00   0.0000000e+00
  -1.5534400e-01  -1.9416914e+00  -1.3720153e+00   8.1787423e-02   1.5766306e+00   0.0000000e+00
  -1.5240457e-01  -1.9394582e+00  -1.3699161e+00   8.2039475e-02   1.5769652e+00   0.0000000e+00
  -1.4936913e-01  -1.9372141e+00  -1.3679475e+00   8.2307232e-02   1.5773184e+00   0.0000000e+00
  -1.4623859e-01  -1.9349591e+00  -1.3661102e+00   8.2591042e-02   1.5776904e+00   0.0000000e+00
  -1.4301376e-01  -1.9326929e+00  -1.3644049e+00   8.2891250e-02   1.5780810e+00   0.0000000e+00
  -1.3969536e-01  -1.9304154e+00  -1.3628325e+00   8.3208205e-02   1.5784904e+00   0.0000000e+00
  -1.3628401e-01  -1.9281264e+00  -1.3613939e+00   8.3542253e-02   1.5789185e+00   0.0000000e+00
  -1.3278024e-01  -1.9258258e+00  -1.3600902e+00   8.3893743e-02   1.5793656e+00   0.0000000e+00
  -1.2918448e-01  -1.9235133e+00  -1.3589227e+00   8.4263024e-02   1.5798316e+00   0.0000000e+00
  -1.2549705e-01  -1.9211888e+00  -1.3578924e+00   8.4650449e-02   1.5803167e+00   0.0000000e+00
  -1.2171819e-01  -1.9188522e+00  -1.3570010e+00   8.5056375e-02   1.5808210e+00   0.0000000e+00
  -1.1784800e-01  -1.9165031e+00  -1.3562500e+00   8.5481163e-02   1.5813447e+00   0.0000000e+00
  -1.1388645e-01  -1.9141415e+00  -1.3556410e+00   8.5925182e-02   1.5818880e+00   0.0000000e+00
  -1.0983340e-01  -1.9117671e+00  -1.3551759e+00   8.6388810e-02   1.5824510e+00   0.0000000e+00
  -1.0568854e-01  -1.9093796e+00  -1.3548567e+00   8.6872440e-02   1.5830341e+00   0.0000000e+00
  -1.0145139e-01  -1.9069787e+00  -1.3546857e+00   8.7376476e-02   1.5836375e+00   0.0000000e+00
  -9.7121245e-02  -1.9045640e+00  -1.3546651e+00   8.7901348e-02   1.5842614e+00   0.0000000e+00
  -9.2697195e-02  -1.9021351e+00  -1.3547977e+00   8.8447509e-02   1.5849064e+00   0.0000000e+00
  -8.8177971e-02  -1.8996915e+00  -1.3550864e+00   8.9015456e-02   1.5855728e+00   0.0000000e+00
  -8.3562033e-02  -1.8972324e+00  -1.3555345e+00   8.9605719e-02   1.5862610e+00   0.0000000e+00
  -7.8847464e-02  -1.8947572e+00  -1.3561456e+00   9.0218881e-02   1.5869716e+00   0.0000000e+00
  -7.4031850e-02  -1.8922650e+00  -1.3569237e+00   9.0855594e-02   1.5877054e+00   0.0000000e+00
  -6.9112164e-02  -1.8897546e+00  -1.3578736e+00   9.1516599e-02   1.5884630e+00   0.0000000e+00
  -6.4084608e-02  -1.8872247e+00  -1.3590006e+00   9.2202753e-02   1.5892453e+00   0.0000000e+00
  -5.8944391e-02  -1.8846734e+00  -1.3603108e+00   9.2915063e-02   1.5900535e+00   0.0000000e+00
  -5.3714682e-02  -1.8821128e+00  -1.3618027e+00   9.3650592e-02   1.5908842e+00   0.0000000e+00
  -4.8404736e-02  -1.8795476e+00  -1.3634766e+00   9.4408184e-02   1.5917363e+00   0.0000000e+00
  -4.3006067e-02  -1.8769740e+00  -1.3653383e+00   9.5189170e-02   1.5926112e+00   0.0000000e+00
  -3.7512373e-02  -1.8743894e+00  -1.3673939e+00   9.5994586e-02   1.5935104e+00   0.0000000e+00
  -3.1922572e-02  -1.8717940e+00  -1.3696478e+00   9.6824675e-02   1.5944342e+00   0.0000000e+00
  -2.6235084e-02  -1.8691877e+00  -1.3721046e+00   9.7679679e-02   1.5953833e+00   0.0000000e+00
  -2.0445426e-02  -1.8665695e+00  -1.3747696e+00   9.8560141e-02   1.5963587e+00   0.0000000e+00
  -1.4547048e-02  -1.8639375e+00  -1.3776478e+00   9.9466640e-02   1.5973615e+00   0.0000000e+00
  -8.5317778e-03  -1.8612902e+00  -1.3807402e+00   1.0039923e-01   1.5983931e+00   0.0000000e+00
  -2.3887289e-03  -1.8586283e+00  -1.3840155e+00   1.0135379e-01   1.5994535e+00   0.0000000e+00
   3.9011609e-03  -1.8559423e+00  -1.3875212e+00   1.0233733e-01   1.6005480e+00   0.0000000e+00
   1.0364554e-02  -1.8532089e+00  -1.3914386e+00   1.0337475e-01   1.6016904e+00   0.0000000e+00
   1.6903135e-02  -1.8504744e+00  -1.3956841e+00   1.0444554e-01   1.6028621e+00   0.0000000e+00
   2.3335622e-02  -1.8478166e+00  -1.4001086e+00   1.0551533e-01   1.6040289e+00   0.0000000e+00
   2.9649082e-02  -1.8452398e+00  -1.4046810e+00   1.0657928e-01   1.6051874e+00   0.0000000e+00
   3.5861372e-02  -1.8427351e+00  -1.4094006e+00   1.0763878e-01   1.6063398e+00   0.0000000e+00
   4.1972358e-02  -1.8403012e+00  -1.4142577e+00   1.0869262e-01   1.6074857e+00   0.0000000e+00
   4.7978001e-02  -1.8379380e+00  -1.4192407e+00   1.0973911e-01   1.6086238e+00   0.0000000e+00
   5.3874898e-02  -1.8356455e+00  -1.4243391e+00   1.1077678e-01   1.6097530e+00   0.0000000e+00
   5.9661822e-02  -1.8334227e+00  -1.4295447e+00   1.1180461e-01   1.6108727e+00   0.0000000e+00
   6.5335834e-02  -1.8312693e+00  -1.4348484e+00   1.1282135e-01   1.6119818e+00   0.0000000e+00
   7.0876434e-02  -1.8291915e+00  -1.4402236e+00   1.1382261e-01   1.6130758e+00   0.0000000e+00
   7.6298171e-02  -1.8271826e+00  -1.4456772e+00   1.1481034e-01   1.6141573e+00   0.0000000e+00
   8.1620838e-02  -1.8252339e+00  -1.4512240e+00   1.1578760e-01   1.6152299e+00   0.0000000e+00
   8.6845532e-02  -1.8233442e+00  -1.4568618e+00   1.1675416e-01   1.6162934e+00   0.0000000e+00
   9.1968114e-02  -1.8215140e+00  -1.4625828e+00   1.1770881e-01   1.6173469e+00   0.0000000e+00
   9.6988813e-02  -1.8197423e+00  -1.4683839e+00   1.1865120e-01   1.6183901e+00   0.0000000e+00
   1.0190949e-01  -1.8180277e+00  -1.4742646e+00   1.1958132e-01   1.6194233e+00   0.0000000e+00
   1.0673072e-01  -1.8163691e+00  -1.4802233e+00   1.2049898e-01   1.6204464e+00   0.0000000e+00
   1.1145227e-01  -1.8147659e+00  -1.4862578e+00   1.2140383e-01   1.6214592e+00   0.0000000e+00
   1.1607386e-01  -1.8132175e+00  -1.4923660e+00   1.2229557e-01   1.6224615e+00   0.0000000e+00
   1.2059520e-01  -1.8117233e+00  -1.4985463e+00   1.2317391e-01   1.6234530e+00   0.0000000e+00
   1.2501580e-01  -1.8102829e+00  -1.5047968e+00   1.2403856e-01   1.6244337e+00   0.0000000e+00
   1.2933504e-01  -1.8088959e+00  -1.5111160e+00   1.2488921e-01   1.6254032e+00   0.0000000e+00
   1.3355216e-01  -1.8075618e+00  -1.5175022e+00   1.2572558e-01   1.6263613e+00   0.0000000e+00
   1.3766631e-01  -1.8062806e+00  -1.5239539e+00   1.2654735e-01   1.6273077e+00   0.0000000e+00
   1.4167652e-01  -1.8050519e+00  -1.5304697e+00   1.2735425e-01   1.6282423e+00   0.0000000e+00
   1.4558175e-01  -1.8038755e+00  -1.5370482e+00   1.2814597e-01   1.6291647e+00   0.0000000e+00
   1.4938088e-01  -1.8027514e+00  -1.5436881e+00   1.2892225e-01   1.6300746e+00   0.0000000e+00
   1.5307267e-01  -1.8016793e+00  -1.5503883e+00   1.2968280e-01   1.6309717e+00   0.0000000e+00
   1.5665582e-01  -1.8006594e+00  -1.5571478e+00   1.3042734e-01   1.6318558e+00   0.0000000e+00
   1.6012895e-01  -1.7996915e+00  -1.5639654e+00   1.3115563e-01   1.6327266e+00   0.0000000e+00
   1.6349060e-01  -1.7987756e+00  -1.5708406e+00   1.3186739e-01   1.6335837e+00   0.0000000e+00
   1.6673922e-01  -1.7979119e+00  -1.5777725e+00   1.3256238e-01   1.6344269e+00   0.0000000e+00
   1.6987315e-01  -1.7971003e+00  -1.5847607e+00   1.3324035e-01   1.6352559e+00   0.0000000e+00
   1.7289068e-01  -1.7963411e+00  -1.5918049e+00   1.3390107e-01   1.6360702e+00   0.0000000e+00
   1.7578996e-01  -1.7956344e+00  -1.5989051e+00   1.3454432e-01   1.6368697e+00   0.0000000e+00
   1.7856904e-01  -1.7949804e+00  -1.6060615e+00   1.3516987e-01   1.6376540e+00   0.0000000e+00
   1.8122587e-01  -1.7943794e+00  -1.6132747e+00   1.3577752e-01   1.6384227e+00   0.0000000e+00
   1.8375824e-01  -1.7938317e+00  -1.6205456e+00   1.3636706e-01   1.6391757e+00   0.0000000e+00
   1.8616379e-01  -1.7933378e+00  -1.6278758e+00   1.3693832e-01   1.6399125e+00   0.0000000e+00
   1.8843999e-01  -1.7928980e+00  -1.6352674e+00   1.3749112e-01   1.6406328e+00   0.0000000e+00
   1.9058411e-01  -1.7925131e+00  -1.6427234e+00   1.3802529e-01   1.6413364e+00   0.0000000e+00
   1.9259319e-01  -1.7921837e+00  -1.6502477e+00   1.3854069e-01   1.6420230e+00   0.0000000e+00
   1.9446397e-01  -1.7919106e+00  -1.6578460e+00   1.3903721e-01   1.6426924e+00   0.0000000e+00
   1.9619286e-01  -1.7916950e+00  -1.6655255e+00   1.3951476e-01   1.6433443e+00   0.0000000e+00
   1.9777585e-01  -1.7915382e+00  -1.6732967e+00   1.3997329e-01   1.6439786e+00   0.0000000e+00
   1.9920844e-01  -1.7914419e+00  -1.6811738e+00   1.4041284e-01   1.6445954e+00   0.0000000e+00
   2.0048543e-01  -1.7914085e+00  -1.6891776e+00   1.4083354e-01   1.6451949e+00   0.0000000e+00
   2.0159136e-01  -1.7914405e+00  -1.6972641e+00   1.4123214e-01   1.6457724e+00   0.0000000e+00
   2.0250998e-01  -1.7915385e+00  -1.7053415e+00   1.4160383e-01   1.6463208e+00   0.0000000e+00
   2.0324176e-01  -1.7917026e+00  -1.7134142e+00   1.4194888e-01   1.6468404e+00   0.0000000e+00
   2.0379352e-01  -1.7919357e+00  -1.7215655e+00   1.4227047e-01   1.6473362e+00   0.0000000e+00
   2.0417320e-01  -1.7922426e+00  -1.7298426e+00   1.4256932e-01   1.6478115e+00   0.0000000e+00
   2.0437362e-01  -1.7925199e+00  -1.7360947e+00   1.4277690e-01   1.6481564e+00   0.0000000e+00
   2.0442422e-01  -1.7928416e+00  -1.7423580e+00   1.4296819e-01   1.6484793e+00   0.0000000e+00
   2.0428989e-01  -1.7932039e+00  -1.7486081e+00   1.4314304e-01   1.6487742e+00   0.0000000e+00
   2.0390130e-01  -1.7937061e+00  -1.7563968e+00   1.4334000e-01   1.6491088e+00   0.0000000e+00
   2.0329472e-01  -1.7942530e+00  -1.7639385e+00   1.4350713e-01   1.6493982e+00   0.0000000e+00
   2.0248982e-01  -1.7948413e+00  -1.7712512e+00   1.4364685e-01   1.6496461e+00   0.0000000e+00
   2.0150312e-01  -1.7954659e+00  -1.7783269e+00   1.4376093e-01   1.6498545e+00   0.0000000e+00
   2.0034529e-01  -1.7961242e+00  -1.7851845e+00   1.4385148e-01   1.6500260e+00   0.0000000e+00
   1.9902410e-01  -1.7968142e+00  -1.7918426e+00   1.4392035e-01   1.6501627e+00   0.0000000e+00
   1.9754593e-01  -1.7975342e+00  -1.7983152e+00   1.4396913e-01   1.6502663e+00   0.0000000e+00
   1.9591607e-01  -1.7982824e+00  -1.8046132e+00   1.4399916e-01   1.6503382e+00   0.0000000e+00
   1.9413909e-01  -1.7990571e+00  -1.8107452e+00   1.4401165e-01   1.6503795e+00   0.0000000e+00
   1.9221896e-01  -1.7998568e+00  -1.8167182e+00   1.4400768e-01   1.6503912e+00   0.0000000e+00
   1.9015923e-01  -1.8006801e+00  -1.8225375e+00   1.4398824e-01   1.6503741e+00   0.0000000e+00
   1.8796307e-01  -1.8015255e+00  -1.8282078e+00   1.4395424e-01   1.6503289e+00   0.0000000e+00
   1.8563341e-01  -1.8023917e+00  -1.8337325e+00   1.4390652e-01   1.6502563e+00   0.0000000e+00
   1.8317289e-01  -1.8032772e+00  -1.8391147e+00   1.4384590e-01   1.6501569e+00   0.0000000e+00
   1.8058400e-01  -1.8041807e+00  -1.8443567e+00   1.4377312e-01   1.6500312e+00   0.0000000e+00
   1.7786905e-01  -1.8051010e+00  -1.8494604e+00   1.4368890e-01   1.6498796e+00   0.0000000e+00
   1.7503017e-01  -1.8060368e+00  -1.8544273e+00   1.4359393e-01   1.6497026e+00   0.0000000e+00
   1.7206942e-01  -1.8069867e+00  -1.8592588e+00   1.4348888e-01   1.6495006e+00   0.0000000e+00
   1.6898871e-01  -1.8079496e+00  -1.8639556e+00   1.4337438e-01   1.6492740e+00   0.0000000e+00
   1.6578987e-01  -1.8089243e+00  -1.8685187e+00   1.4325105e-01   1.6490232e+00   0.0000000e+00
   1.6247464e-01  -1.8099094e+00  -1.8729484e+00   1.4311949e-01   1.6487483e+00   0.0000000e+00
   1.5904466e-01  -1.8109038e+00  -1.8772452e+00   1.4298028e-01   1.6484499e+00   0.0000000e+00
   1.5550152e-01  -1.8119064e+00  -1.8814092e+00   1.4283399e-01   1.6481281e+00   0.0000000e+00
   1.5184673e-01  -1.8129158e+00  -1.8854404e+00   1.4268117e-01   1.6477832e+00   0.0000000e+00
   1.4808174e-01  -1.8139310e+00  -1.8893388e+00   1.4252236e-01   1.6474155e+00   0.0000000e+00
   1.4420794e-01  -1.8149507e+00  -1.8931042e+00   1.4235808e-01   1.6470253e+00   0.0000000e+00
   1.4022665e-01  -1.8159738e+00  -1.8967362e+00   1.4218887e-01   1.6466127e+00   0.0000000e+00
   1.3613913e-01  -1.8169991e+00  -1.9002345e+00   1.4201522e-01   1.6461780e+00   0.0000000e+00
   1.3194659e-01  -1.8180254e+00  -1.9035984e+00   1.4183763e-01   1.6457215e+00   0.0000000e+00
   1.2765017e-01  -1.8190515e+00  -1.9068275e+00   1.4165659e-01   1.6452432e+00   0.0000000e+00
   1.2325096e-01  -1.8200763e+00  -1.9099211e+00   1.4147258e-01   1.6447435e+00   0.0000000e+00
   1.1874997e-01  -1.8210986e+00  -1.9128782e+00   1.4128607e-01   1.6442224e+00   0.0000000e+00
   1.1414812e-01  -1.8221172e+00  -1.9156981e+00   1.4109751e-01   1.6436802e+00   0.0000000e+00
   1.0944630e-01  -1.8231309e+00  -1.9183797e+00   1.4090738e-01   1.6431170e+00   0.0000000e+00
   1.0464525e-01  -1.8241386e+00  -1.9209219e+00   1.4071610e-01   1.6425329e+00   0.0000000e+00
   9.9745670e-02  -1.8251390e+00  -1.9233237e+00   1.4052412e-01   1.6419280e+00   0.0000000e+00
   9.4748108e-02  -1.8261310e+00  -1.9255836e+00   1.4033188e-01   1.6413025e+00   0.0000000e+00
   8.9653000e-02  -1.8271134e+00  -1.9277002e+00   1.4013979e-01   1.6406565e+00   0.0000000e+00
   8.4460631e-02  -1.8280850e+00  -1.9296720e+00   1.3994827e-01   1.6399899e+00   0.0000000e+00
   7.9171113e-02  -1.8290445e+00  -1.9314974e+00   1.3975772e-01   1.6393028e+00   0.0000000e+00
   7.3784349e-02  -1.8299907e+00  -1.9331744e+00   1.3956856e-01   1.6385952e+00   0.0000000e+00
   6.8299998e-02  -1.8309225e+00  -1.9347009e+00   1.3938117e-01   1.6378671e+00   0.0000000e+00
   6.2717418e-02  -1.8318385e+00  -1.9360749e+00   1.3919593e-01   1.6371184e+00   0.0000000e+00
   5.7035606e-02  -1.8327376e+00  -1.9372937e+00   1.3901323e-01   1.6363488e+00   0.0000000e+00
   5.1253104e-02  -1.8336185e+00  -1.9383546e+00   1.3883341e-01   1.6355582e+00   0.0000000e+00
   4.5367888e-02  -1.8344800e+00  -1.9392547e+00   1.3865684e-01   1.6347463e+00   0.0000000e+00
   3.9377211e-02  -1.8353208e+00  -1.9399903e+00   1.3848385e-01   1.6339126e+00   0.0000000e+00
   3.3277387e-02  -1.8361399e+00  -1.9405576e+00   1.3831475e-01   1.6330565e+00   0.0000000e+00
   2.7063483e-02  -1.8369360e+00  -1.9409522e+00   1.3814983e-01   1.6321772e+00   0.0000000e+00
   2.0728866e-02  -1.8377083e+00  -1.9411689e+00   1.3798933e-01   1.6312737e+00   0.0000000e+00
   1.4264519e-02  -1.8384561e+00  -1.9412020e+00   1.3783341e-01   1.6303446e+00   0.0000000e+00
   7.6579320e-03  -1.8391793e+00  -1.9410446e+00   1.3768210e-01   1.6293879e+00   0.0000000e+00
   8.9122378e-04  -1.8398793e+00  -1.9406897e+00   1.3753507e-01   1.6284008e+00   0.0000000e+00
  -6.0623457e-03  -1.8405632e+00  -1.9401336e+00   1.3739082e-01   1.6273792e+00   0.0000000e+00
  -1.3245313e-02  -1.8412537e+00  -1.9393853e+00   1.3724464e-01   1.6263168e+00   0.0000000e+00
  -1.8863367e-02  -1.8417343e+00  -1.9386222e+00   1.3714215e-01   1.6254803e+00   0.0000000e+00
  -2.4637383e-02  -1.8421697e+00  -1.9376709e+00   1.3704844e-01   1.6246155e+00   0.0000000e+00
  -3.0423318e-02  -1.8425518e+00  -1.9365436e+00   1.3696512e-01   1.6237433e+00   0.0000000e+00
  -3.6064419e-02  -1.8428763e+00  -1.9352923e+00   1.3689321e-01   1.6228882e+00   0.0000000e+00
  -4.1697330e-02  -1.8431609e+00  -1.9339089e+00   1.3682893e-01   1.6220302e+00   0.0000000e+00
  -4.7112857e-02  -1.8433959e+00  -1.9324416e+00   1.3677437e-01   1.6212008e+00   0.0000000e+00
  -5.3668060e-02  -1.8436189e+00  -1.9304764e+00   1.3671989e-01   1.6201913e+00   0.0000000e+00
  -5.9591633e-02  -1.8437707e+00  -1.9285326e+00   1.3667977e-01   1.6192739e+00   0.0000000e+00
  -6.5502904e-02  -1.8438728e+00  -1.9264292e+00   1.3664861e-01   1.6183534e+00   0.0000000e+00
  -7.1544006e-02  -1.8439235e+00  -1.9241066e+00   1.3662631e-01   1.6174074e+00   0.0000000e+00
  -7.7492508e-02  -1.8439187e+00  -1.9216453e+00   1.3661392e-01   1.6164709e+00   0.0000000e+00
  -8.3258008e-02  -1.8438611e+00  -1.9190922e+00   1.3661095e-01   1.6155582e+00   0.0000000e+00
  -8.8896499e-02  -1.8437528e+00  -1.9164317e+00   1.3661676e-01   1.6146609e+00   0.0000000e+00
  -9.4446776e-02  -1.8435937e+00  -1.9136501e+00   1.3663110e-01   1.6137729e+00   0.0000000e+00
  -9.9900449e-02  -1.8433846e+00  -1.9107548e+00   1.3665368e-01   1.6128957e+00   0.0000000e+00
  -1.0524731e-01  -1.8431266e+00  -1.9077551e+00   1.3668415e-01   1.6120312e+00   0.0000000e+00
  -1.1048908e-01  -1.8428204e+00  -1.9046540e+00   1.3672223e-01   1.6111790e+00   0.0000000e+00
  -1.1562897e-01  -1.8424664e+00  -1.9014530e+00   1.3676766e-01   1.6103389e+00   0.0000000e+00
  -1.2066728e-01  -1.8420651e+00  -1.8981548e+00   1.3682019e-01   1.6095108e+00   0.0000000e+00
  -1.2560351e-01  -1.8416169e+00  -1.8947628e+00   1.3687958e-01   1.6086951e+00   0.0000000e+00
  -1.3043744e-01  -1.8411223e+00  -1.8912795e+00   1.3694557e-01   1.6078917e+00   0.0000000e+00
  -1.3516892e-01  -1.8405816e+00  -1.8877074e+00   1.3701797e-01   1.6071007e+00   0.0000000e+00
  -1.3979757e-01  -1.8399949e+00  -1.8840492e+00   1.3709655e-01   1.6063224e+00   0.0000000e+00
  -1.4432286e-01  -1.8393626e+00  -1.8803070e+00   1.3718112e-01   1.6055569e+00   0.0000000e+00
  -1.4874418e-01  -1.8386848e+00  -1.8764833e+00   1.3727148e-01   1.6048042e+00   0.0000000e+00
  -1.5306082e-01  -1.8379616e+00  -1.8725803e+00   1.3736746e-01   1.6040647e+00   0.0000000e+00
  -1.5727200e-01  -1.8371932e+00  -1.8686002e+00   1.3746888e-01   1.6033383e+00   0.0000000e+00
  -1.6137684e-01  -1.8363794e+00  -1.8645449e+00   1.3757558e-01   1.6026254e+00   0.0000000e+00
  -1.6537441e-01  -1.8355204e+00  -1.8604166e+00   1.3768742e-01   1.6019262e+00   0.0000000e+00
  -1.6926366e-01  -1.8346161e+00  -1.8562171e+00   1.3780427e-01   1.6012407e+00   0.0000000e+00
  -1.7304352e-01  -1.8336663e+00  -1.8519484e+00   1.3792598e-01   1.6005692e+00   0.0000000e+00
  -1.7671282e-01  -1.8326708e+00  -1.8476123e+00   1.3805247e-01   1.5999120e+00   0.0000000e+00
  -1.8027031e-01  -1.8316294e+00  -1.8432105e+00   1.3818361e-01   1.5992692e+00   0.0000000e+00
  -1.8371468e-01  -1.8305418e+00  -1.8387446e+00   1.3831935e-01   1.5986412e+00   0.0000000e+00
  -1.8704453e-01  -1.8294075e+00  -1.8342161e+00   1.3845959e-01   1.5980280e+00   0.0000000e+00
  -1.9025840e-01  -1.8282262e+00  -1.8296266e+00   1.3860430e-01   1.5974300e+00   0.0000000e+00
  -1.9335471e-01  -1.8269972e+00  -1.8249774e+00   1.3875345e-01   1.5968474e+00   0.0000000e+00
  -1.9633181e-01  -1.8257198e+00  -1.8202695e+00   1.3890702e-01   1.5962806e+00   0.0000000e+00
  -1.9918793e-01  -1.8243933e+00  -1.8155041e+00   1.3906503e-01   1.5957297e+00   0.0000000e+00
  -2.0192119e-01  -1.8230166e+00  -1.8106819e+00   1.3922751e-01   1.5951950e+00   0.0000000e+00
  -2.0452958e-01  -1.8215888e+00  -1.8058035e+00   1.3939453e-01   1.5946770e+00   0.0000000e+00
  -2.0701094e-01  -1.8201083e+00  -1.8008691e+00   1.3956619e-01   1.5941759e+00   0.0000000e+00
  -2.0936295e-01  -1.8185737e+00  -1.7958786e+00   1.3974263e-01   1.5936919e+00   0.0000000e+00
  -2.1158309e-01  -1.8169830e+00  -1.7908314e+00   1.3992404e-01   1.5932256e+00   0.0000000e+00
  -2.1366863e-01  -1.8153339e+00  -1.7857262e+00   1.4011065e-01   1.5927773e+00   0.0000000e+00
  -2.1561657e-01  -1.8136237e+00  -1.7805607e+00   1.4030278e-01   1.5923473e+00   0.0000000e+00
  -2.1742359e-01  -1.8118490e+00  -1.7753315e+00   1.4050080e-01   1.5919360e+00   0.0000000e+00
  -2.1908598e-01  -1.8100052e+00  -1.7700335e+00   1.4070524e-01   1.5915439e+00   0.0000000e+00
  -2.2059958e-01  -1.8080868e+00  -1.7646589e+00   1.4091674e-01   1.5911714e+00   0.0000000e+00
  -2.2195964e-01  -1.8060862e+00  -1.7591961e+00   1.4113619e-01   1.5908189e+00   0.0000000e+00
  -2.2316066e-01  -1.8039924e+00  -1.7536267e+00   1.4136481e-01   1.5904867e+00   0.0000000e+00
  -2.2419626e-01  -1.8017894e+00  -1.7479203e+00   1.4160441e-01   1.5901748e+00   0.0000000e+00
  -2.2504625e-01  -1.7994880e+00  -1.7421161e+00   1.4185375e-01   1.5898875e+00   0.0000000e+00
  -2.2568352e-01  -1.7971683e+00  -1.7364102e+00   1.4210393e-01   1.5896341e+00   0.0000000e+00
  -2.2612496e-01  -1.7948795e+00  -1.7308914e+00   1.4234878e-01   1.5894144e+00   0.0000000e+00
  -2.2643516e-01  -1.7925414e+00  -1.7252890e+00   1.4259386e-01   1.5892106e+00   0.0000000e+00
  -2.2650747e-01  -1.7906492e+00  -1.7209211e+00   1.4279472e-01   1.5890774e+00   0.0000000e+00
  -2.2638124e-01  -1.7886012e+00  -1.7164143e+00   1.4301761e-01   1.5889709e+00   0.0000000e+00
  -2.2602334e-01  -1.7861556e+00  -1.7112490e+00   1.4328824e-01   1.5888815e+00   0.0000000e+00
  -2.2544469e-01  -1.7836689e+00  -1.7062026e+00   1.4356736e-01   1.5888291e+00   0.0000000e+00
  -2.2466894e-01  -1.7811814e+00  -1.7013419e+00   1.4385024e-01   1.5888120e+00   0.0000000e+00
  -2.2371215e-01  -1.7787013e+00  -1.6966713e+00   1.4413597e-01   1.5888279e+00   0.0000000e+00
  -2.2258443e-01  -1.7762256e+00  -1.6921764e+00   1.4442504e-01   1.5888751e+00   0.0000000e+00
  -2.2129334e-01  -1.7737508e+00  -1.6878450e+00   1.4471801e-01   1.5889522e+00   0.0000000e+00
  -2.1984500e-01  -1.7712745e+00  -1.6836681e+00   1.4501538e-01   1.5890580e+00   0.0000000e+00
  -2.1824456e-01  -1.7687948e+00  -1.6796389e+00   1.4531762e-01   1.5891917e+00   0.0000000e+00
  -2.1649640e-01  -1.7663103e+00  -1.6757522e+00   1.4562512e-01   1.5893527e+00   0.0000000e+00
  -2.1460433e-01  -1.7638198e+00  -1.6720040e+00   1.4593826e-01   1.5895404e+00   0.0000000e+00
  -2.1257173e-01  -1.7613226e+00  -1.6683913e+00   1.4625739e-01   1.5897542e+00   0.0000000e+00
  -2.1040164e-01  -1.7588181e+00  -1.6649116e+00   1.4658284e-01   1.5899938e+00   0.0000000e+00
  -2.0809679e-01  -1.7563057e+00  -1.6615633e+00   1.4691492e-01   1.5902589e+00   0.0000000e+00
  -2.0565968e-01  -1.7537851e+00  -1.6583449e+00   1.4725393e-01   1.5905491e+00   0.0000000e+00
  -2.0309263e-01  -1.7512562e+00  -1.6552556e+00   1.4760013e-01   1.5908642e+00   0.0000000e+00
  -2.0039777e-01  -1.7487188e+00  -1.6522946e+00   1.4795381e-01   1.5912039e+00   0.0000000e+00
  -1.9757709e-01  -1.7461729e+00  -1.6494615e+00   1.4831520e-01   1.5915681e+00   0.0000000e+00
  -1.9463246e-01  -1.7436185e+00  -1.6467561e+00   1.4868458e-01   1.5919566e+00   0.0000000e+00
  -1.9156561e-01  -1.7410556e+00  -1.6441783e+00   1.4906216e-01   1.5923694e+00   0.0000000e+00
  -1.8837822e-01  -1.7384844e+00  -1.6417281e+00   1.4944817e-01   1.5928061e+00   0.0000000e+00
  -1.8507184e-01  -1.7359050e+00  -1.6394058e+00   1.4984284e-01   1.5932668e+00   0.0000000e+00
  -1.8164796e-01  -1.7333175e+00  -1.6372117e+00   1.5024637e-01   1.5937514e+00   0.0000000e+00
  -1.7810798e-01  -1.7307222e+00  -1.6351462e+00   1.5065897e-01   1.5942598e+00   0.0000000e+00
  -1.7445327e-01  -1.7281193e+00  -1.6332097e+00   1.5108082e-01   1.5947920e+00   0.0000000e+00
  -1.7068510e-01  -1.7255091e+00  -1.6314029e+00   1.5151211e-01   1.5953479e+00   0.0000000e+00
  -1.6680471e-01  -1.7228917e+00  -1.6297263e+00   1.5195303e-01   1.5959274e+00   0.0000000e+00
  -1.6281326e-01  -1.7202676e+00  -1.6281808e+00   1.5240372e-01   1.5965306e+00   0.0000000e+00
  -1.5871189e-01  -1.7176371e+00  -1.6267670e+00   1.5286437e-01   1.5971574e+00   0.0000000e+00
  -1.5450168e-01  -1.7150003e+00  -1.6254858e+00   1.5333512e-01   1.5978079e+00   0.0000000e+00
  -1.5018363e-01  -1.7123577e+00  -1.6243381e+00   1.5381611e-01   1.5984820e+00   0.0000000e+00
  -1.4575874e-01  -1.7097097e+00  -1.6233248e+00   1.5430749e-01   1.5991798e+00   0.0000000e+00
  -1.4122791e-01  -1.7070565e+00  -1.6224471e+00   1.5480938e-01   1.5999013e+00   0.0000000e+00
  -1.3659204e-01  -1.7043984e+00  -1.6217059e+00   1.5532192e-01   1.6006465e+00   0.0000000e+00
  -1.3185192e-01  -1.7017360e+00  -1.6211024e+00   1.5584522e-01   1.6014156e+00   0.0000000e+00
  -1.2700833e-01  -1.6990694e+00  -1.6206379e+00   1.5637940e-01   1.6022086e+00   0.0000000e+00
  -1.2206194e-01  -1.6963991e+00  -1.6203138e+00   1.5692456e-01   1.6030255e+00   0.0000000e+00
  -1.1701340e-01  -1.6937254e+00  -1.6201314e+00   1.5748082e-01   1.6038664e+00   0.0000000e+00
  -1.1186323e-01  -1.6910486e+00  -1.6200922e+00   1.5804827e-01   1.6047316e+00   0.0000000e+00
  -1.0661190e-01  -1.6883692e+00  -1.6201978e+00   1.5862702e-01   1.6056210e+00   0.0000000e+00
  -1.0125976e-01  -1.6856873e+00  -1.6204501e+00   1.5921716e-01   1.6065349e+00   0.0000000e+00
  -9.5807037e-02  -1.6830033e+00  -1.6208508e+00   1.5981880e-01   1.6074734e+00   0.0000000e+00
  -9.0253839e-02  -1.6803175e+00  -1.6214021e+00   1.6043205e-01   1.6084368e+00   0.0000000e+00
  -8.4600102e-02  -1.6776301e+00  -1.6221060e+00   1.6105700e-01   1.6094253e+00   0.0000000e+00
  -7.8845573e-02  -1.6749413e+00  -1.6229650e+00   1.6169379e-01   1.6104392e+00   0.0000000e+00
  -7.2989772e-02  -1.6722513e+00  -1.6239818e+00   1.6234254e-01   1.6114788e+00   0.0000000e+00
  -6.7031941e-02  -1.6695600e+00  -1.6251591e+00   1.6300339e-01   1.6125445e+00   0.0000000e+00
  -6.0970987e-02  -1.6668677e+00  -1.6265001e+00   1.6367652e-01   1.6136368e+00   0.0000000e+00
  -5.4805400e-02  -1.6641740e+00  -1.6280082e+00   1.6436211e-01   1.6147562e+00   0.0000000e+00
  -4.8533149e-02  -1.6614788e+00  -1.6296872e+00   1.6506039e-01   1.6159033e+00   0.0000000e+00
  -4.2151544e-02  -1.6587818e+00  -1.6315414e+00   1.6577163e-01   1.6170791e+00   0.0000000e+00
  -3.5657046e-02  -1.6560823e+00  -1.6335750e+00   1.6649613e-01   1.6182843e+00   0.0000000e+00
  -2.9045000e-02  -1.6533794e+00  -1.6357929e+00   1.6723426e-01   1.6195202e+00   0.0000000e+00
  -2.2309257e-02  -1.6506720e+00  -1.6381991e+00   1.6798637e-01   1.6207881e+00   0.0000000e+00
  -1.5441598e-02  -1.6479586e+00  -1.6407954e+00   1.6875271e-01   1.6220897e+00   0.0000000e+00
  -8.4308727e-03  -1.6452378e+00  -1.6435712e+00   1.6953260e-01   1.6234262e+00   0.0000000e+00
  -1.2608012e-03  -1.6425080e+00  -1.6464979e+00   1.7032412e-01   1.6247990e+00   0.0000000e+00
   6.0887723e-03  -1.6397521e+00  -1.6497696e+00   1.7114432e-01   1.6262223e+00   0.0000000e+00
   1.3673555e-02  -1.6369528e+00  -1.6534158e+00   1.7199836e-01   1.6277071e+00   0.0000000e+00
   2.1542297e-02  -1.6340985e+00  -1.6574513e+00   1.7288913e-01   1.6292629e+00   0.0000000e+00
   2.9341949e-02  -1.6313189e+00  -1.6616910e+00   1.7377540e-01   1.6308195e+00   0.0000000e+00
   3.6927992e-02  -1.6286626e+00  -1.6660401e+00   1.7463987e-01   1.6323474e+00   0.0000000e+00
   4.4375288e-02  -1.6261001e+00  -1.6705269e+00   1.7549052e-01   1.6338605e+00   0.0000000e+00
   5.1709349e-02  -1.6236199e+00  -1.6751583e+00   1.7632987e-01   1.6353636e+00   0.0000000e+00
   5.8922600e-02  -1.6212225e+00  -1.6799228e+00   1.7715674e-01   1.6368547e+00   0.0000000e+00
   6.5858250e-02  -1.6189564e+00  -1.6847029e+00   1.7795278e-01   1.6383005e+00   0.0000000e+00
   7.2479020e-02  -1.6168289e+00  -1.6894533e+00   1.7871343e-01   1.6396919e+00   0.0000000e+00
   7.8969676e-02  -1.6147771e+00  -1.6942944e+00   1.7945984e-01   1.6410670e+00   0.0000000e+00
   8.5389688e-02  -1.6127807e+00  -1.6992676e+00   1.8019866e-01   1.6424382e+00   0.0000000e+00
   9.1689494e-02  -1.6108540e+00  -1.7043318e+00   1.8092396e-01   1.6437947e+00   0.0000000e+00
   9.7848426e-02  -1.6090017e+00  -1.7094659e+00   1.8163323e-01   1.6451316e+00   0.0000000e+00
   1.0388104e-01  -1.6072175e+00  -1.7146776e+00   1.8232802e-01   1.6464519e+00   0.0000000e+00
   1.0979704e-01  -1.6054974e+00  -1.7199722e+00   1.8300933e-01   1.6477574e+00   0.0000000e+00
   1.1559580e-01  -1.6038403e+00  -1.7253464e+00   1.8367695e-01   1.6490478e+00   0.0000000e+00
   1.2127644e-01  -1.6022451e+00  -1.7307971e+00   1.8433069e-01   1.6503226e+00   0.0000000e+00
   1.2683987e-01  -1.6007106e+00  -1.7363232e+00   1.8497054e-01   1.6515819e+00   0.0000000e+00
   1.3228683e-01  -1.5992355e+00  -1.7419237e+00   1.8559650e-01   1.6528257e+00   0.0000000e+00
   1.3761741e-01  -1.5978188e+00  -1.7475972e+00   1.8620849e-01   1.6540538e+00   0.0000000e+00
   1.4283138e-01  -1.5964596e+00  -1.7533424e+00   1.8680640e-01   1.6552661e+00   0.0000000e+00
   1.4792844e-01  -1.5951571e+00  -1.7591581e+00   1.8739012e-01   1.6564624e+00   0.0000000e+00
   1.5290808e-01  -1.5939106e+00  -1.7650431e+00   1.8795953e-01   1.6576425e+00   0.0000000e+00
   1.5776966e-01  -1.5927196e+00  -1.7709963e+00   1.8851449e-01   1.6588061e+00   0.0000000e+00
   1.6251240e-01  -1.5915834e+00  -1.7770167e+00   1.8905485e-01   1.6599531e+00   0.0000000e+00
   1.6713539e-01  -1.5905017e+00  -1.7831031e+00   1.8958046e-01   1.6610830e+00   0.0000000e+00
   1.7163761e-01  -1.5894739e+00  -1.7892547e+00   1.9009114e-01   1.6621957e+00   0.0000000e+00
   1.7601792e-01  -1.5884997e+00  -1.7954706e+00   1.9058674e-01   1.6632908e+00   0.0000000e+00
   1.8027510e-01  -1.5875788e+00  -1.8017500e+00   1.9106707e-01   1.6643680e+00   0.0000000e+00
   1.8440782e-01  -1.5867110e+00  -1.8080922e+00   1.9153195e-01   1.6654270e+00   0.0000000e+00
   1.8841465e-01  -1.5858961e+00  -1.8144965e+00   1.9198120e-01   1.6664674e+00   0.0000000e+00
   1.9229406e-01  -1.5851338e+00  -1.8209626e+00   1.9241463e-01   1.6674890e+00   0.0000000e+00
   1.9604444e-01  -1.5844241e+00  -1.8274899e+00   1.9283203e-01   1.6684913e+00   0.0000000e+00
   1.9966405e-01  -1.5837670e+00  -1.8340784e+00   1.9323320e-01   1.6694740e+00   0.0000000e+00
   2.0315106e-01  -1.5831625e+00  -1.8407279e+00   1.9361795e-01   1.6704366e+00   0.0000000e+00
   2.0650353e-01  -1.5826105e+00  -1.8474387e+00   1.9398605e-01   1.6713790e+00   0.0000000e+00
   2.0971938e-01  -1.5821113e+00  -1.8542111e+00   1.9433728e-01   1.6723005e+00   0.0000000e+00
   2.1279640e-01  -1.5816649e+00  -1.8610460e+00   1.9467142e-01   1.6732009e+00   0.0000000e+00
   2.1573223e-01  -1.5812718e+00  -1.8679443e+00   1.9498822e-01   1.6740797e+00   0.0000000e+00
   2.1852435e-01  -1.5809322e+00  -1.8749076e+00   1.9528744e-01   1.6749365e+00   0.0000000e+00
   2.2117004e-01  -1.5806465e+00  -1.8819381e+00   1.9556880e-01   1.6757709e+00   0.0000000e+00
   2.2366637e-01  -1.5804154e+00  -1.8890387e+00   1.9583203e-01   1.6765824e+00   0.0000000e+00
   2.2601014e-01  -1.5802396e+00  -1.8962130e+00   1.9607682e-01   1.6773708e+00   0.0000000e+00
   2.2819787e-01  -1.5801200e+00  -1.9034664e+00   1.9630283e-01   1.6781354e+00   0.0000000e+00
   2.3022571e-01  -1.5800578e+00  -1.9108055e+00   1.9650971e-01   1.6788760e+00   0.0000000e+00
   2.3208937e-01  -1.5800544e+00  -1.9182397e+00   1.9669701e-01   1.6795922e+00   0.0000000e+00
   2.3378405e-01  -1.5801117e+00  -1.9257817e+00   1.9686427e-01   1.6802838e+00   0.0000000e+00
   2.3530427e-01  -1.5802324e+00  -1.9334499e+00   1.9701089e-01   1.6809506e+00   0.0000000e+00
   2.3664372e-01  -1.5804200e+00  -1.9412714e+00   1.9713615e-01   1.6815929e+00   0.0000000e+00
   2.3779505e-01  -1.5806797e+00  -1.9492891e+00   1.9723910e-01   1.6822115e+00   0.0000000e+00
   2.3874975e-01  -1.5810203e+00  -1.9575779e+00   1.9731840e-01   1.6828084e+00   0.0000000e+00
   2.3947087e-01  -1.5814353e+00  -1.9658919e+00   1.9737022e-01   1.6833643e+00   0.0000000e+00
   2.3996008e-01  -1.5819097e+00  -1.9739714e+00   1.9739382e-01   1.6838658e+00   0.0000000e+00
   2.4028345e-01  -1.5824501e+00  -1.9819585e+00   1.9739062e-01   1.6843310e+00   0.0000000e+00
   2.4028549e-01  -1.5830749e+00  -1.9901642e+00   1.9736082e-01   1.6847508e+00   0.0000000e+00
   2.3996471e-01  -1.5837354e+00  -1.9979881e+00   1.9730752e-01   1.6850941e+00   0.0000000e+00
   2.3939359e-01  -1.5844203e+00  -2.0053834e+00   1.9723428e-01   1.6853708e+00   0.0000000e+00
   2.3858767e-01  -1.5851476e+00  -2.0126054e+00   1.9714088e-01   1.6855965e+00   0.0000000e+00
   2.3756903e-01  -1.5859092e+00  -2.0196091e+00   1.9702942e-01   1.6857727e+00   0.0000000e+00
   2.3635145e-01  -1.5867023e+00  -2.0264060e+00   1.9690130e-01   1.6859025e+00   0.0000000e+00
   2.3494460e-01  -1.5875256e+00  -2.0330132e+00   1.9675763e-01   1.6859883e+00   0.0000000e+00
   2.3335608e-01  -1.5883776e+00  -2.0394446e+00   1.9659938e-01   1.6860323e+00   0.0000000e+00
   2.3159220e-01  -1.5892571e+00  -2.0457110e+00   1.9642739e-01   1.6860360e+00   0.0000000e+00
   2.2965829e-01  -1.5901630e+00  -2.0518206e+00   1.9624246e-01   1.6860009e+00   0.0000000e+00
   2.2755899e-01  -1.5910941e+00  -2.0577800e+00   1.9604531e-01   1.6859281e+00   0.0000000e+00
   2.2529838e-01  -1.5920492e+00  -2.0635944e+00   1.9583663e-01   1.6858187e+00   0.0000000e+00
   2.2288012e-01  -1.5930272e+00  -2.0692679e+00   1.9561707e-01   1.6856733e+00   0.0000000e+00
   2.2030753e-01  -1.5940271e+00  -2.0748037e+00   1.9538725e-01   1.6854929e+00   0.0000000e+00
   2.1758363e-01  -1.5950478e+00  -2.0802044e+00   1.9514777e-01   1.6852781e+00   0.0000000e+00
   2.1471122e-01  -1.5960882e+00  -2.0854719e+00   1.9489921e-01   1.6850294e+00   0.0000000e+00
   2.1169287e-01  -1.5971473e+00  -2.0906079e+00   1.9464212e-01   1.6847475e+00   0.0000000e+00
   2.0853101e-01  -1.5982241e+00  -2.0956135e+00   1.9437706e-01   1.6844328e+00   0.0000000e+00
   2.0522790e-01  -1.5993175e+00  -2.1004896e+00   1.9410457e-01   1.6840858e+00   0.0000000e+00
   2.0178567e-01  -1.6004266e+00  -2.1052369e+00   1.9382516e-01   1.6837070e+00   0.0000000e+00
   1.9820635e-01  -1.6015504e+00  -2.1098557e+00   1.9353935e-01   1.6832967e+00   0.0000000e+00
   1.9449184e-01  -1.6026879e+00  -2.1143463e+00   1.9324765e-01   1.6828553e+00   0.0000000e+00
   1.9064398e-01  -1.6038380e+00  -2.1187086e+00   1.9295057e-01   1.6823832e+00   0.0000000e+00
   1.8666448e-01  -1.6049999e+00  -2.1229426e+00   1.9264859e-01   1.6818807e+00   0.0000000e+00
   1.8255501e-01  -1.6061726e+00  -2.1270481e+00   1.9234221e-01   1.6813480e+00   0.0000000e+00
   1.7831714e-01  -1.6073550e+00  -2.1310246e+00   1.9203192e-01   1.6807856e+00   0.0000000e+00
   1.7395240e-01  -1.6085462e+00  -2.1348716e+00   1.9171817e-01   1.6801938e+00   0.0000000e+00
   1.6946221e-01  -1.6097453e+00  -2.1385887e+00   1.9140147e-01   1.6795726e+00   0.0000000e+00
   1.6484795e-01  -1.6109511e+00  -2.1421750e+00   1.9108227e-01   1.6789226e+00   0.0000000e+00
   1.6011094e-01  -1.6121629e+00  -2.1456299e+00   1.9076104e-01   1.6782438e+00   0.0000000e+00
   1.5525241e-01  -1.6133795e+00  -2.1489526e+00   1.9043825e-01   1.6775365e+00   0.0000000e+00
   1.5027353e-01  -1.6146001e+00  -2.1521420e+00   1.9011436e-01   1.6768010e+00   0.0000000e+00
   1.4517539e-01  -1.6158236e+00  -2.1551971e+00   1.8978983e-01   1.6760375e+00   0.0000000e+00
   1.3995903e-01  -1.6170489e+00  -2.1581169e+00   1.8946511e-01   1.6752461e+00   0.0000000e+00
   1.3462537e-01  -1.6182753e+00  -2.1609001e+00   1.8914066e-01   1.6744270e+00   0.0000000e+00
   1.2917525e-01  -1.6195015e+00  -2.1635456e+00   1.8881693e-01   1.6735805e+00   0.0000000e+00
   1.2360941e-01  -1.6207267e+00  -2.1660518e+00   1.8849436e-01   1.6727066e+00   0.0000000e+00
   1.1792848e-01  -1.6219497e+00  -2.1684173e+00   1.8817340e-01   1.6718056e+00   0.0000000e+00
   1.1213293e-01  -1.6231697e+00  -2.1706406e+00   1.8785450e-01   1.6708774e+00   0.0000000e+00
   1.0622311e-01  -1.6243855e+00  -2.1727200e+00   1.8753808e-01   1.6699222e+00   0.0000000e+00
   1.0019917e-01  -1.6255961e+00  -2.1746535e+00   1.8722461e-01   1.6689401e+00   0.0000000e+00
   9.4061063e-02  -1.6268006e+00  -2.1764393e+00   1.8691449e-01   1.6679310e+00   0.0000000e+00
   8.7808480e-02  -1.6279978e+00  -2.1780752e+00   1.8660818e-01   1.6668949e+00   0.0000000e+00
   8.1440827e-02  -1.6291867e+00  -2.1795589e+00   1.8630609e-01   1.6658317e+00   0.0000000e+00
   7.4957146e-02  -1.6303664e+00  -2.1808879e+00   1.8600866e-01   1.6647413e+00   0.0000000e+00
   6.8356039e-02  -1.6315358e+00  -2.1820592e+00   1.8571630e-01   1.6636235e+00   0.0000000e+00
   6.1635565e-02  -1.6326938e+00  -2.1830700e+00   1.8542943e-01   1.6624778e+00   0.0000000e+00
   5.4793097e-02  -1.6338396e+00  -2.1839168e+00   1.8514844e-01   1.6613038e+00   0.0000000e+00
   4.7825137e-02  -1.6349722e+00  -2.1845956e+00   1.8487375e-01   1.6601010e+00   0.0000000e+00
   4.0727058e-02  -1.6360907e+00  -2.1851023e+00   1.8460572e-01   1.6588684e+00   0.0000000e+00
   3.3492732e-02  -1.6371944e+00  -2.1854319e+00   1.8434470e-01   1.6576049e+00   0.0000000e+00
   2.6113995e-02  -1.6382829e+00  -2.1855786e+00   1.8409101e-01   1.6563091e+00   0.0000000e+00
   1.8579828e-02  -1.6393557e+00  -2.1855358e+00   1.8384490e-01   1.6549788e+00   0.0000000e+00
   1.0875049e-02  -1.6404135e+00  -2.1852956e+00   1.8360647e-01   1.6536113e+00   0.0000000e+00
   2.9780992e-03  -1.6414577e+00  -2.1848486e+00   1.8337559e-01   1.6522026e+00   0.0000000e+00
  -5.1430219e-03  -1.6424929e+00  -2.1841846e+00   1.8315143e-01   1.6507466e+00   0.0000000e+00
  -1.3539083e-02  -1.6435337e+00  -2.1832970e+00   1.8293076e-01   1.6492340e+00   0.0000000e+00
  -2.0108758e-02  -1.6443414e+00  -2.1824813e+00   1.8276222e-01   1.6480457e+00   0.0000000e+00
  -2.6957164e-02  -1.6451212e+00  -2.1814541e+00   1.8260453e-01   1.6468024e+00   0.0000000e+00
  -3.3947961e-02  -1.6458503e+00  -2.1802066e+00   1.8246304e-01   1.6455278e+00   0.0000000e+00
  -4.0930366e-02  -1.6465204e+00  -2.1787786e+00   1.8233875e-01   1.6442499e+00   0.0000000e+00
  -4.7806648e-02  -1.6471353e+00  -2.1772209e+00   1.8222962e-01   1.6429875e+00   0.0000000e+00
  -5.4355292e-02  -1.6476793e+00  -2.1755851e+00   1.8213813e-01   1.6417809e+00   0.0000000e+00
  -6.2175729e-02  -1.6482665e+00  -2.1734296e+00   1.8204693e-01   1.6403349e+00   0.0000000e+00
  -6.9170969e-02  -1.6487418e+00  -2.1713258e+00   1.8197982e-01   1.6390368e+00   0.0000000e+00
  -7.6170760e-02  -1.6491681e+00  -2.1690500e+00   1.8192680e-01   1.6377335e+00   0.0000000e+00
  -8.3335618e-02  -1.6495507e+00  -2.1665395e+00   1.8188766e-01   1.6363949e+00   0.0000000e+00
  -9.0377330e-02  -1.6498721e+00  -2.1638911e+00   1.8186432e-01   1.6350749e+00   0.0000000e+00
  -9.7199886e-02  -1.6501308e+00  -2.1611513e+00   1.8185607e-01   1.6337917e+00   0.0000000e+00
  -1.0387403e-01  -1.6503320e+00  -2.1583017e+00   1.8186193e-01   1.6325324e+00   0.0000000e+00
  -1.1044033e-01  -1.6504778e+00  -2.1553302e+00   1.8188145e-01   1.6312895e+00   0.0000000e+00
  -1.1688896e-01  -1.6505685e+00  -2.1522453e+00   1.8191424e-01   1.6300650e+00   0.0000000e+00
  -1.2321160e-01  -1.6506049e+00  -2.1490554e+00   1.8195979e-01   1.6288606e+00   0.0000000e+00
  -1.2941146e-01  -1.6505877e+00  -2.1457632e+00   1.8201769e-01   1.6276758e+00   0.0000000e+00
  -1.3549205e-01  -1.6505176e+00  -2.1423709e+00   1.8208760e-01   1.6265101e+00   0.0000000e+00
  -1.4145414e-01  -1.6503950e+00  -2.1388814e+00   1.8216916e-01   1.6253634e+00   0.0000000e+00
  -1.4729787e-01  -1.6502203e+00  -2.1352980e+00   1.8226203e-01   1.6242358e+00   0.0000000e+00
  -1.5302357e-01  -1.6499941e+00  -2.1316233e+00   1.8236590e-01   1.6231272e+00   0.0000000e+00
  -1.5863148e-01  -1.6497165e+00  -2.1278601e+00   1.8248048e-01   1.6220378e+00   0.0000000e+00
  -1.6412155e-01  -1.6493877e+00  -2.1240109e+00   1.8260548e-01   1.6209675e+00   0.0000000e+00
  -1.6949361e-01  -1.6490080e+00  -2.1200781e+00   1.8274064e-01   1.6199164e+00   0.0000000e+00
  -1.7474733e-01  -1.6485775e+00  -2.1160643e+00   1.8288571e-01   1.6188847e+00   0.0000000e+00
  -1.7988227e-01  -1.6480963e+00  -2.1119717e+00   1.8304045e-01   1.6178724e+00   0.0000000e+00
  -1.8489789e-01  -1.6475644e+00  -2.1078026e+00   1.8320463e-01   1.6168797e+00   0.0000000e+00
  -1.8979354e-01  -1.6469818e+00  -2.1035592e+00   1.8337804e-01   1.6159067e+00   0.0000000e+00
  -1.9456848e-01  -1.6463485e+00  -2.0992436e+00   1.8356048e-01   1.6149536e+00   0.0000000e+00
  -1.9922187e-01  -1.6456642e+00  -2.0948578e+00   1.8375177e-01   1.6140206e+00   0.0000000e+00
  -2.0375281e-01  -1.6449290e+00  -2.0904038e+00   1.8395173e-01   1.6131078e+00   0.0000000e+00
  -2.0816029e-01  -1.6441424e+00  -2.0858837e+00   1.8416021e-01   1.6122154e+00   0.0000000e+00
  -2.1244325e-01  -1.6433044e+00  -2.0812991e+00   1.8437707e-01   1.6113436e+00   0.0000000e+00
  -2.1660054e-01  -1.6424144e+00  -2.0766520e+00   1.8460218e-01   1.6104927e+00   0.0000000e+00
  -2.2063090e-01  -1.6414723e+00  -2.0719440e+00   1.8483543e-01   1.6096628e+00   0.0000000e+00
  -2.2453303e-01  -1.6404774e+00  -2.0671767e+00   1.8507673e-01   1.6088542e+00   0.0000000e+00
  -2.2830552e-01  -1.6394292e+00  -2.0623517e+00   1.8532601e-01   1.6080672e+00   0.0000000e+00
  -2.3194686e-01  -1.6383271e+00  -2.0574704e+00   1.8558322e-01   1.6073021e+00   0.0000000e+00
  -2.3545547e-01  -1.6371704e+00  -2.0525341e+00   1.8584834e-01   1.6065590e+00   0.0000000e+00
  -2.3882963e-01  -1.6359583e+00  -2.0475439e+00   1.8612136e-01   1.6058383e+00   0.0000000e+00
  -2.4206753e-01  -1.6346897e+00  -2.0425008e+00   1.8640232e-01   1.6051404e+00   0.0000000e+00
  -2.4516721e-01  -1.6333635e+00  -2.0374056e+00   1.8669127e-01   1.6044655e+00   0.0000000e+00
  -2.4812659e-01  -1.6319785e+00  -2.0322587e+00   1.8698832e-01   1.6038140e+00   0.0000000e+00
  -2.5094342e-01  -1.6305331e+00  -2.0270605e+00   1.8729361e-01   1.6031863e+00   0.0000000e+00
  -2.5361526e-01  -1.6290256e+00  -2.0218106e+00   1.8760734e-01   1.6025828e+00   0.0000000e+00
  -2.5613946e-01  -1.6274538e+00  -2.0165084e+00   1.8792977e-01   1.6020039e+00   0.0000000e+00
  -2.5851314e-01  -1.6258154e+00  -2.0111525e+00   1.8826123e-01   1.6014501e+00   0.0000000e+00
  -2.6073313e-01  -1.6241072e+00  -2.0057405e+00   1.8860217e-01   1.6009218e+00   0.0000000e+00
  -2.6279593e-01  -1.6223257e+00  -2.0002690e+00   1.8895315e-01   1.6004197e+00   0.0000000e+00
  -2.6469762e-01  -1.6204662e+00  -1.9947327e+00   1.8931489e-01   1.5999442e+00   0.0000000e+00
  -2.6643380e-01  -1.6185227e+00  -1.9891237e+00   1.8968837e-01   1.5994959e+00   0.0000000e+00
  -2.6799947e-01  -1.6164874e+00  -1.9834303e+00   1.9007489e-01   1.5990755e+00   0.0000000e+00
  -2.6938890e-01  -1.6143492e+00  -1.9776342e+00   1.9047631e-01   1.5986834e+00   0.0000000e+00
  -2.7059550e-01  -1.6120918e+00  -1.9717051e+00   1.9089543e-01   1.5983201e+00   0.0000000e+00
  -2.7161188e-01  -1.6096876e+00  -1.9655884e+00   1.9133692e-01   1.5979856e+00   0.0000000e+00
  -2.7223860e-01  -1.6077741e+00  -1.9608504e+00   1.9168496e-01   1.5977547e+00   0.0000000e+00
  -2.7274293e-01  -1.6057652e+00  -1.9559694e+00   1.9204699e-01   1.5975412e+00   0.0000000e+00
  -2.7311660e-01  -1.6038519e+00  -1.9513821e+00   1.9238837e-01   1.5973580e+00   0.0000000e+00
  -2.7341955e-01  -1.6013230e+00  -1.9454328e+00   1.9283514e-01   1.5971520e+00   0.0000000e+00
  -2.7342660e-01  -1.5992936e+00  -1.9409194e+00   1.9319340e-01   1.5970366e+00   0.0000000e+00
  -2.7315039e-01  -1.5966002e+00  -1.9352192e+00   1.9366816e-01   1.5969429e+00   0.0000000e+00
  -2.7263698e-01  -1.5939994e+00  -1.9299580e+00   1.9412536e-01   1.5969036e+00   0.0000000e+00
  -2.7189331e-01  -1.5913691e+00  -1.9248524e+00   1.9458661e-01   1.5969102e+00   0.0000000e+00
  -2.7094034e-01  -1.5887347e+00  -1.9199381e+00   1.9504769e-01   1.5969598e+00   0.0000000e+00
  -2.6979144e-01  -1.5860979e+00  -1.9152068e+00   1.9550858e-01   1.5970501e+00   0.0000000e+00
  -2.6845594e-01  -1.5834563e+00  -1.9106456e+00   1.9596999e-01   1.5971791e+00   0.0000000e+00
  -2.6694110e-01  -1.5808076e+00  -1.9062438e+00   1.9643261e-01   1.5973454e+00   0.0000000e+00
  -2.6525293e-01  -1.5781500e+00  -1.9019934e+00   1.9689702e-01   1.5975478e+00   0.0000000e+00
  -2.6339647e-01  -1.5754824e+00  -1.8978882e+00   1.9736370e-01   1.5977854e+00   0.0000000e+00
  -2.6137608e-01  -1.5728038e+00  -1.8939234e+00   1.9783308e-01   1.5980575e+00   0.0000000e+00
  -2.5919557e-01  -1.5701136e+00  -1.8900951e+00   1.9830553e-01   1.5983634e+00   0.0000000e+00
  -2.5685833e-01  -1.5674114e+00  -1.8864003e+00   1.9878137e-01   1.5987026e+00   0.0000000e+00
  -2.5436740e-01  -1.5646968e+00  -1.8828367e+00   1.9926089e-01   1.5990746e+00   0.0000000e+00
  -2.5172553e-01  -1.5619699e+00  -1.8794024e+00   1.9974436e-01   1.5994792e+00   0.0000000e+00
  -2.4893524e-01  -1.5592306e+00  -1.8760958e+00   2.0023201e-01   1.5999159e+00   0.0000000e+00
  -2.4599884e-01  -1.5564789e+00  -1.8729158e+00   2.0072407e-01   1.6003844e+00   0.0000000e+00
  -2.4291846e-01  -1.5537150e+00  -1.8698615e+00   2.0122073e-01   1.6008846e+00   0.0000000e+00
  -2.3969609e-01  -1.5509392e+00  -1.8669321e+00   2.0172217e-01   1.6014163e+00   0.0000000e+00
  -2.3633358e-01  -1.5481516e+00  -1.8641272e+00   2.0222859e-01   1.6019792e+00   0.0000000e+00
  -2.3283266e-01  -1.5453526e+00  -1.8614464e+00   2.0274012e-01   1.6025733e+00   0.0000000e+00
  -2.2919498e-01  -1.5425426e+00  -1.8588895e+00   2.0325692e-01   1.6031984e+00   0.0000000e+00
  -2.2542206e-01  -1.5397217e+00  -1.8564563e+00   2.0377914e-01   1.6038544e+00   0.0000000e+00
  -2.2151536e-01  -1.5368906e+00  -1.8541468e+00   2.0430690e-01   1.6045413e+00   0.0000000e+00
  -2.1747627e-01  -1.5340495e+00  -1.8519612e+00   2.0484032e-01   1.6052590e+00   0.0000000e+00
  -2.1330609e-01  -1.5311990e+00  -1.8498995e+00   2.0537950e-01   1.6060074e+00   0.0000000e+00
  -2.0900608e-01  -1.5283394e+00  -1.8479620e+00   2.0592456e-01   1.6067866e+00   0.0000000e+00
  -2.0457743e-01  -1.5254713e+00  -1.8461490e+00   2.0647559e-01   1.6075965e+00   0.0000000e+00
  -2.0002127e-01  -1.5225950e+00  -1.8444608e+00   2.0703268e-01   1.6084371e+00   0.0000000e+00
  -1.9533867e-01  -1.5197112e+00  -1.8428978e+00   2.0759590e-01   1.6093085e+00   0.0000000e+00
  -1.9053067e-01  -1.5168203e+00  -1.8414606e+00   2.0816533e-01   1.6102107e+00   0.0000000e+00
  -1.8559826e-01  -1.5139228e+00  -1.8401497e+00   2.0874104e-01   1.6111437e+00   0.0000000e+00
  -1.8054235e-01  -1.5110193e+00  -1.8389656e+00   2.0932308e-01   1.6121076e+00   0.0000000e+00
  -1.7536383e-01  -1.5081102e+00  -1.8379090e+00   2.0991151e-01   1.6131025e+00   0.0000000e+00
  -1.7006353e-01  -1.5051960e+00  -1.8369806e+00   2.1050638e-01   1.6141283e+00   0.0000000e+00
  -1.6464222e-01  -1.5022774e+00  -1.8361812e+00   2.1110773e-01   1.6151853e+00   0.0000000e+00
  -1.5910062e-01  -1.4993548e+00  -1.8355117e+00   2.1171560e-01   1.6162736e+00   0.0000000e+00
  -1.5343940e-01  -1.4964287e+00  -1.8349729e+00   2.1233002e-01   1.6173932e+00   0.0000000e+00
  -1.4765914e-01  -1.4934996e+00  -1.8345658e+00   2.1295103e-01   1.6185443e+00   0.0000000e+00
  -1.4176035e-01  -1.4905681e+00  -1.8342916e+00   2.1357866e-01   1.6197270e+00   0.0000000e+00
  -1.3574348e-01  -1.4876345e+00  -1.8341514e+00   2.1421293e-01   1.6209416e+00   0.0000000e+00
  -1.2960886e-01  -1.4846995e+00  -1.8341464e+00   2.1485387e-01   1.6221882e+00   0.0000000e+00
  -1.2335674e-01  -1.4817634e+00  -1.8342780e+00   2.1550151e-01   1.6234671e+00   0.0000000e+00
  -1.1698721e-01  -1.4788267e+00  -1.8345479e+00   2.1615587e-01   1.6247785e+00   0.0000000e+00
  -1.1050025e-01  -1.4758897e+00  -1.8349575e+00   2.1681699e-01   1.6261228e+00   0.0000000e+00
  -1.0389565e-01  -1.4729528e+00  -1.8355087e+00   2.1748490e-01   1.6275002e+00   0.0000000e+00
  -9.7173014e-02  -1.4700163e+00  -1.8362035e+00   2.1815965e-01   1.6289111e+00   0.0000000e+00
  -9.0331691e-02  -1.4670806e+00  -1.8370440e+00   2.1884129e-01   1.6303561e+00   0.0000000e+00
  -8.3370750e-02  -1.4641457e+00  -1.8380326e+00   2.1952989e-01   1.6318355e+00   0.0000000e+00
  -7.6288905e-02  -1.4612118e+00  -1.8391719e+00   2.2022554e-01   1.6333500e+00   0.0000000e+00
  -6.9084442e-02  -1.4582788e+00  -1.8404649e+00   2.2092833e-01   1.6349003e+00   0.0000000e+00
  -6.1755106e-02  -1.4553468e+00  -1.8419145e+00   2.2163842e-01   1.6364873e+00   0.0000000e+00
  -5.4297976e-02  -1.4524153e+00  -1.8435243e+00   2.2235596e-01   1.6381118e+00   0.0000000e+00
  -4.6709267e-02  -1.4494840e+00  -1.8452979e+00   2.2308115e-01   1.6397751e+00   0.0000000e+00
  -3.8984091e-02  -1.4465522e+00  -1.8472388e+00   2.2381423e-01   1.6414786e+00   0.0000000e+00
  -3.1116091e-02  -1.4436188e+00  -1.8493503e+00   2.2455546e-01   1.6432239e+00   0.0000000e+00
  -2.3096936e-02  -1.4406828e+00  -1.8516327e+00   2.2530501e-01   1.6450130e+00   0.0000000e+00
  -1.4915600e-02  -1.4377436e+00  -1.8540713e+00   2.2606222e-01   1.6468475e+00   0.0000000e+00
  -6.5542474e-03  -1.4347994e+00  -1.8566430e+00   2.2682632e-01   1.6487300e+00   0.0000000e+00
   2.0103640e-03  -1.4318323e+00  -1.8595193e+00   2.2760874e-01   1.6506753e+00   0.0000000e+00
   1.0812998e-02  -1.4288331e+00  -1.8627231e+00   2.2841222e-01   1.6526924e+00   0.0000000e+00
   1.9902798e-02  -1.4257910e+00  -1.8662591e+00   2.2923900e-01   1.6547920e+00   0.0000000e+00
   2.9361837e-02  -1.4226844e+00  -1.8701679e+00   2.3009518e-01   1.6569941e+00   0.0000000e+00
   3.8905939e-02  -1.4196108e+00  -1.8743479e+00   2.3095433e-01   1.6592336e+00   0.0000000e+00
   4.8201356e-02  -1.4166743e+00  -1.8786438e+00   2.3178636e-01   1.6614315e+00   0.0000000e+00
   5.7305657e-02  -1.4138522e+00  -1.8830685e+00   2.3259659e-01   1.6636005e+00   0.0000000e+00
   6.6272682e-02  -1.4111240e+00  -1.8876404e+00   2.3338996e-01   1.6657527e+00   0.0000000e+00
   7.4977996e-02  -1.4085238e+00  -1.8922883e+00   2.3415575e-01   1.6678575e+00   0.0000000e+00
   8.3243191e-02  -1.4060985e+00  -1.8968961e+00   2.3487865e-01   1.6698700e+00   0.0000000e+00
   9.1171133e-02  -1.4038119e+00  -1.9014968e+00   2.3556799e-01   1.6718136e+00   0.0000000e+00
   9.8968952e-02  -1.4016007e+00  -1.9062018e+00   2.3624208e-01   1.6737382e+00   0.0000000e+00
   1.0665301e-01  -1.3994582e+00  -1.9110195e+00   2.3690244e-01   1.6756476e+00   0.0000000e+00
   1.1417103e-01  -1.3973970e+00  -1.9159137e+00   2.3754465e-01   1.6775285e+00   0.0000000e+00
   1.2151896e-01  -1.3954159e+00  -1.9208764e+00   2.3816849e-01   1.6793793e+00   0.0000000e+00
   1.2871452e-01  -1.3935081e+00  -1.9259155e+00   2.3877556e-01   1.6812041e+00   0.0000000e+00
   1.3576475e-01  -1.3916699e+00  -1.9310330e+00   2.3936656e-01   1.6830043e+00   0.0000000e+00
   1.4266992e-01  -1.3898995e+00  -1.9362264e+00   2.3994157e-01   1.6847798e+00   0.0000000e+00
   1.4943116e-01  -1.3881951e+00  -1.9414943e+00   2.4050076e-01   1.6865305e+00   0.0000000e+00
   1.5605026e-01  -1.3865546e+00  -1.9468362e+00   2.4104434e-01   1.6882566e+00   0.0000000e+00
   1.6252841e-01  -1.3849764e+00  -1.9522513e+00   2.4157245e-01   1.6899583e+00   0.0000000e+00
   1.6886619e-01  -1.3834590e+00  -1.9577390e+00   2.4208520e-01   1.6916355e+00   0.0000000e+00
   1.7506389e-01  -1.3820011e+00  -1.9632983e+00   2.4258265e-01   1.6932881e+00   0.0000000e+00
   1.8112157e-01  -1.3806014e+00  -1.9689286e+00   2.4306484e-01   1.6949159e+00   0.0000000e+00
   1.8703901e-01  -1.3792589e+00  -1.9746291e+00   2.4353179e-01   1.6965188e+00   0.0000000e+00
   1.9281584e-01  -1.3779725e+00  -1.9803992e+00   2.4398348e-01   1.6980965e+00   0.0000000e+00
   1.9845145e-01  -1.3767414e+00  -1.9862382e+00   2.4441990e-01   1.6996487e+00   0.0000000e+00
   2.0394509e-01  -1.3755647e+00  -1.9921456e+00   2.4484101e-01   1.7011753e+00   0.0000000e+00
   2.0929587e-01  -1.3744417e+00  -1.9981207e+00   2.4524675e-01   1.7026757e+00   0.0000000e+00
   2.1450275e-01  -1.3733717e+00  -2.0041631e+00   2.4563704e-01   1.7041499e+00   0.0000000e+00
   2.1956454e-01  -1.3723541e+00  -2.0102723e+00   2.4601182e-01   1.7055972e+00   0.0000000e+00
   2.2447997e-01  -1.3713883e+00  -2.0164481e+00   2.4637097e-01   1.7070174e+00   0.0000000e+00
   2.2924760e-01  -1.3704738e+00  -2.0226901e+00   2.4671439e-01   1.7084101e+00   0.0000000e+00
   2.3386590e-01  -1.3696103e+00  -2.0289982e+00   2.4704197e-01   1.7097749e+00   0.0000000e+00
   2.3833322e-01  -1.3687972e+00  -2.0353723e+00   2.4735357e-01   1.7111113e+00   0.0000000e+00
   2.4264778e-01  -1.3680343e+00  -2.0418125e+00   2.4764903e-01   1.7124188e+00   0.0000000e+00
   2.4680767e-01  -1.3673214e+00  -2.0483191e+00   2.4792822e-01   1.7136971e+00   0.0000000e+00
   2.5081086e-01  -1.3666581e+00  -2.0548925e+00   2.4819095e-01   1.7149455e+00   0.0000000e+00
   2.5465515e-01  -1.3660445e+00  -2.0615333e+00   2.4843703e-01   1.7161637e+00   0.0000000e+00
   2.5833823e-01  -1.3654802e+00  -2.0682426e+00   2.4866627e-01   1.7173510e+00   0.0000000e+00
   2.6185758e-01  -1.3649655e+00  -2.0750214e+00   2.4887843e-01   1.7185070e+00   0.0000000e+00
   2.6521051e-01  -1.3645003e+00  -2.0818716e+00   2.4907327e-01   1.7196311e+00   0.0000000e+00
   2.6839414e-01  -1.3640848e+00  -2.0887953e+00   2.4925053e-01   1.7207227e+00   0.0000000e+00
   2.7140531e-01  -1.3637194e+00  -2.0957954e+00   2.4940988e-01   1.7217812e+00   0.0000000e+00
   2.7424064e-01  -1.3634043e+00  -2.1028758e+00   2.4955101e-01   1.7228061e+00   0.0000000e+00
   2.7689638e-01  -1.3631401e+00  -2.1100411e+00   2.4967350e-01   1.7237966e+00   0.0000000e+00
   2.7936844e-01  -1.3629276e+00  -2.1172979e+00   2.4977692e-01   1.7247523e+00   0.0000000e+00
   2.8165228e-01  -1.3627678e+00  -2.1246548e+00   2.4986074e-01   1.7256725e+00   0.0000000e+00
   2.8374282e-01  -1.3626620e+00  -2.1321234e+00   2.4992432e-01   1.7265566e+00   0.0000000e+00
   2.8563433e-01  -1.3626119e+00  -2.1397200e+00   2.4996686e-01   1.7274042e+00   0.0000000e+00
   2.8732029e-01  -1.3626200e+00  -2.1474684e+00   2.4998735e-01   1.7282152e+00   0.0000000e+00
   2.8879322e-01  -1.3626898e+00  -2.1554053e+00   2.4998442e-01   1.7289898e+00   0.0000000e+00
   2.9004464e-01  -1.3628265e+00  -2.1635920e+00   2.4995602e-01   1.7297293e+00   0.0000000e+00
   2.9106587e-01  -1.3630396e+00  -2.1721501e+00   2.4989877e-01   1.7304386e+00   0.0000000e+00
   2.9166536e-01  -1.3632569e+00  -2.1787986e+00   2.4983422e-01   1.7309461e+00   0.0000000e+00
   2.9212061e-01  -1.3635290e+00  -2.1855738e+00   2.4974933e-01   1.7314273e+00   0.0000000e+00
   2.9248600e-01  -1.3639313e+00  -2.1940954e+00   2.4961812e-01   1.7319854e+00   0.0000000e+00
   2.9242040e-01  -1.3643724e+00  -2.2021527e+00   2.4946914e-01   1.7324237e+00   0.0000000e+00
   2.9201719e-01  -1.3648476e+00  -2.2097946e+00   2.4930477e-01   1.7327645e+00   0.0000000e+00
   2.9132528e-01  -1.3653657e+00  -2.2172316e+00   2.4912263e-01   1.7330297e+00   0.0000000e+00
   2.9036889e-01  -1.3659249e+00  -2.2244853e+00   2.4892351e-01   1.7332255e+00   0.0000000e+00
   2.8916909e-01  -1.3665208e+00  -2.2315379e+00   2.4870921e-01   1.7333554e+00   0.0000000e+00
   2.8774002e-01  -1.3671515e+00  -2.2384010e+00   2.4848072e-01   1.7334231e+00   0.0000000e+00
   2.8609205e-01  -1.3678154e+00  -2.2450890e+00   2.4823871e-01   1.7334316e+00   0.0000000e+00
   2.8423343e-01  -1.3685116e+00  -2.2516137e+00   2.4798379e-01   1.7333832e+00   0.0000000e+00
   2.8217100e-01  -1.3692389e+00  -2.2579840e+00   2.4771652e-01   1.7332798e+00   0.0000000e+00
   2.7991056e-01  -1.3699965e+00  -2.2642072e+00   2.4743742e-01   1.7331231e+00   0.0000000e+00
   2.7745717e-01  -1.3707834e+00  -2.2702886e+00   2.4714698e-01   1.7329145e+00   0.0000000e+00
   2.7481529e-01  -1.3715991e+00  -2.2762327e+00   2.4684566e-01   1.7326549e+00   0.0000000e+00
   2.7198891e-01  -1.3724425e+00  -2.2820426e+00   2.4653394e-01   1.7323455e+00   0.0000000e+00
   2.6898165e-01  -1.3733132e+00  -2.2877209e+00   2.4621225e-01   1.7319872e+00   0.0000000e+00
   2.6579681e-01  -1.3742103e+00  -2.2932695e+00   2.4588102e-01   1.7315806e+00   0.0000000e+00
   2.6243740e-01  -1.3751332e+00  -2.2986900e+00   2.4554068e-01   1.7311265e+00   0.0000000e+00
   2.5890625e-01  -1.3760814e+00  -2.3039832e+00   2.4519163e-01   1.7306255e+00   0.0000000e+00
   2.5520595e-01  -1.3770543e+00  -2.3091500e+00   2.4483428e-01   1.7300782e+00   0.0000000e+00
   2.5133897e-01  -1.3780511e+00  -2.3141908e+00   2.4446904e-01   1.7294851e+00   0.0000000e+00
   2.4627931e-01  -1.3793305e+00  -2.3203154e+00   2.4400190e-01   1.7286810e+00   0.0000000e+00
   2.4096411e-01  -1.3806454e+00  -2.3262433e+00   2.4352381e-01   1.7278064e+00   0.0000000e+00
   2.3539452e-01  -1.3819945e+00  -2.3319719e+00   2.4303570e-01   1.7268614e+00   0.0000000e+00
   2.2957984e-01  -1.3833775e+00  -2.3375030e+00   2.4253806e-01   1.7258479e+00   0.0000000e+00
   2.2353158e-01  -1.3847936e+00  -2.3428368e+00   2.4203152e-01   1.7247684e+00   0.0000000e+00
   2.1724244e-01  -1.3862412e+00  -2.3479691e+00   2.4151707e-01   1.7236212e+00   0.0000000e+00
   2.1071283e-01  -1.3877189e+00  -2.3528963e+00   2.4099564e-01   1.7224062e+00   0.0000000e+00
   2.0395134e-01  -1.3892264e+00  -2.3576192e+00   2.4046769e-01   1.7211254e+00   0.0000000e+00
   1.9696678e-01  -1.3907636e+00  -2.3621391e+00   2.3993366e-01   1.7197808e+00   0.0000000e+00
   1.8975296e-01  -1.3923282e+00  -2.3664489e+00   2.3939474e-01   1.7183707e+00   0.0000000e+00
   1.8230967e-01  -1.3939189e+00  -2.3705441e+00   2.3885186e-01   1.7168951e+00   0.0000000e+00
   1.7464495e-01  -1.3955354e+00  -2.3744250e+00   2.3830548e-01   1.7153558e+00   0.0000000e+00
   1.6676404e-01  -1.3971780e+00  -2.3780934e+00   2.3775588e-01   1.7137541e+00   0.0000000e+00
   1.5866245e-01  -1.3988440e+00  -2.3815401e+00   2.3720442e-01   1.7120889e+00   0.0000000e+00
   1.5033919e-01  -1.4005321e+00  -2.3847597e+00   2.3665205e-01   1.7103599e+00   0.0000000e+00
   1.4180145e-01  -1.4022417e+00  -2.3877517e+00   2.3609926e-01   1.7085687e+00   0.0000000e+00
   1.3304923e-01  -1.4039738e+00  -2.3905181e+00   2.3554614e-01   1.7067158e+00   0.0000000e+00
   1.2589071e-01  -1.4053730e+00  -2.3925594e+00   2.3510464e-01   1.7051882e+00   0.0000000e+00
   1.1859366e-01  -1.4067845e+00  -2.3944479e+00   2.3466419e-01   1.7036208e+00   0.0000000e+00
   1.1115757e-01  -1.4082076e+00  -2.3961809e+00   2.3422520e-01   1.7020135e+00   0.0000000e+00
   1.0358155e-01  -1.4096419e+00  -2.3977558e+00   2.3378804e-01   1.7003660e+00   0.0000000e+00
   9.5864289e-02  -1.4110870e+00  -2.3991698e+00   2.3335311e-01   1.6986783e+00   0.0000000e+00
   8.8003962e-02  -1.4125425e+00  -2.4004196e+00   2.3292079e-01   1.6969498e+00   0.0000000e+00
   7.9998078e-02  -1.4140080e+00  -2.4015019e+00   2.3249145e-01   1.6951802e+00   0.0000000e+00
   7.1843335e-02  -1.4154833e+00  -2.4024128e+00   2.3206544e-01   1.6933688e+00   0.0000000e+00
   6.3535395e-02  -1.4169681e+00  -2.4031480e+00   2.3164312e-01   1.6915146e+00   0.0000000e+00
   5.5068575e-02  -1.4184625e+00  -2.4037028e+00   2.3122480e-01   1.6896164e+00   0.0000000e+00
   4.6435418e-02  -1.4199666e+00  -2.4040716e+00   2.3081076e-01   1.6876726e+00   0.0000000e+00
   3.7626068e-02  -1.4214810e+00  -2.4042482e+00   2.3040121e-01   1.6856809e+00   0.0000000e+00
   2.8627320e-02  -1.4230067e+00  -2.4042251e+00   2.2999629e-01   1.6836385e+00   0.0000000e+00
   1.9421126e-02  -1.4245455e+00  -2.4039933e+00   2.2959597e-01   1.6815411e+00   0.0000000e+00
   9.9820740e-03  -1.4261002e+00  -2.4035419e+00   2.2919995e-01   1.6793829e+00   0.0000000e+00
   2.7282348e-04  -1.4276763e+00  -2.4028571e+00   2.2880746e-01   1.6771553e+00   0.0000000e+00
  -9.7651608e-03  -1.4292835e+00  -2.4019210e+00   2.2841659e-01   1.6748446e+00   0.0000000e+00
  -2.0233764e-02  -1.4309471e+00  -2.4007152e+00   2.2802145e-01   1.6724269e+00   0.0000000e+00
  -2.8394456e-02  -1.4322566e+00  -2.3996341e+00   2.2771576e-01   1.6705366e+00   0.0000000e+00
  -3.7254308e-02  -1.4336266e+00  -2.3982614e+00   2.2740542e-01   1.6684803e+00   0.0000000e+00
  -4.6161775e-02  -1.4349440e+00  -2.3966594e+00   2.2711799e-01   1.6664087e+00   0.0000000e+00
  -5.4978171e-02  -1.4361972e+00  -2.3948499e+00   2.2685559e-01   1.6643534e+00   0.0000000e+00
  -6.3550381e-02  -1.4373702e+00  -2.3928960e+00   2.2661995e-01   1.6623513e+00   0.0000000e+00
  -7.2799324e-02  -1.4385999e+00  -2.3905943e+00   2.2638256e-01   1.6601875e+00   0.0000000e+00
  -8.1001752e-02  -1.4396531e+00  -2.3883691e+00   2.2618876e-01   1.6582650e+00   0.0000000e+00
  -8.9621733e-02  -1.4407204e+00  -2.3858435e+00   2.2600233e-01   1.6562414e+00   0.0000000e+00
  -9.8460857e-02  -1.4417726e+00  -2.3830541e+00   2.2582941e-01   1.6541630e+00   0.0000000e+00
  -1.0702103e-01  -1.4427500e+00  -2.3801580e+00   2.2567967e-01   1.6521471e+00   0.0000000e+00
  -1.1529732e-01  -1.4436542e+00  -2.3771721e+00   2.2555189e-01   1.6501953e+00   0.0000000e+00
  -1.2341948e-01  -1.4445006e+00  -2.3740602e+00   2.2544316e-01   1.6482772e+00   0.0000000e+00
  -1.3140925e-01  -1.4452919e+00  -2.3708194e+00   2.2535271e-01   1.6463879e+00   0.0000000e+00
  -1.3924569e-01  -1.4460262e+00  -2.3674635e+00   2.2528031e-01   1.6445324e+00   0.0000000e+00
  -1.4692730e-01  -1.4467038e+00  -2.3639986e+00   2.2522548e-01   1.6427114e+00   0.0000000e+00
  -1.5446139e-01  -1.4473257e+00  -2.3604265e+00   2.2518769e-01   1.6409232e+00   0.0000000e+00
  -1.6185153e-01  -1.4478922e+00  -2.3567502e+00   2.2516652e-01   1.6391669e+00   0.0000000e+00
  -1.6909899e-01  -1.4484037e+00  -2.3529731e+00   2.2516157e-01   1.6374425e+00   0.0000000e+00
  -1.7620500e-01  -1.4488603e+00  -2.3490985e+00   2.2517247e-01   1.6357496e+00   0.0000000e+00
  -1.8317078e-01  -1.4492621e+00  -2.3451292e+00   2.2519888e-01   1.6340880e+00   0.0000000e+00
  -1.8999719e-01  -1.4496091e+00  -2.3410682e+00   2.2524048e-01   1.6324575e+00   0.0000000e+00
  -1.9668481e-01  -1.4499014e+00  -2.3369182e+00   2.2529696e-01   1.6308580e+00   0.0000000e+00
  -2.0323400e-01  -1.4501387e+00  -2.3326819e+00   2.2536803e-01   1.6292894e+00   0.0000000e+00
  -2.0964494e-01  -1.4503209e+00  -2.3283619e+00   2.2545343e-01   1.6277517e+00   0.0000000e+00
  -2.1591767e-01  -1.4504480e+00  -2.3239605e+00   2.2555288e-01   1.6262448e+00   0.0000000e+00
  -2.2205207e-01  -1.4505195e+00  -2.3194804e+00   2.2566616e-01   1.6247687e+00   0.0000000e+00
  -2.2804787e-01  -1.4505354e+00  -2.3149238e+00   2.2579303e-01   1.6233234e+00   0.0000000e+00
  -2.3390471e-01  -1.4504952e+00  -2.3102930e+00   2.2593326e-01   1.6219090e+00   0.0000000e+00
  -2.3962212e-01  -1.4503987e+00  -2.3055903e+00   2.2608666e-01   1.6205256e+00   0.0000000e+00
  -2.4519952e-01  -1.4502453e+00  -2.3008178e+00   2.2625302e-01   1.6191731e+00   0.0000000e+00
  -2.5063624e-01  -1.4500348e+00  -2.2959776e+00   2.2643217e-01   1.6178518e+00   0.0000000e+00
  -2.5593152e-01  -1.4497666e+00  -2.2910718e+00   2.2662394e-01   1.6165617e+00   0.0000000e+00
  -2.6108451e-01  -1.4494403e+00  -2.2861023e+00   2.2682817e-01   1.6153029e+00   0.0000000e+00
  -2.6609427e-01  -1.4490552e+00  -2.2810711e+00   2.2704474e-01   1.6140756e+00   0.0000000e+00
  -2.7095979e-01  -1.4486107e+00  -2.2759800e+00   2.2727350e-01   1.6128799e+00   0.0000000e+00
  -2.7567995e-01  -1.4481063e+00  -2.2708307e+00   2.2751437e-01   1.6117160e+00   0.0000000e+00
  -2.8025356e-01  -1.4475412e+00  -2.2656250e+00   2.2776724e-01   1.6105842e+00   0.0000000e+00
  -2.8467931e-01  -1.4469146e+00  -2.2603644e+00   2.2803205e-01   1.6094845e+00   0.0000000e+00
  -2.8895581e-01  -1.4462256e+00  -2.2550505e+00   2.2830876e-01   1.6084173e+00   0.0000000e+00
  -2.9308157e-01  -1.4454733e+00  -2.2496846e+00   2.2859734e-01   1.6073828e+00   0.0000000e+00
  -2.9705497e-01  -1.4446567e+00  -2.2442680e+00   2.2889778e-01   1.6063812e+00   0.0000000e+00
  -3.0087428e-01  -1.4437746e+00  -2.2388017e+00   2.2921014e-01   1.6054130e+00   0.0000000e+00
  -3.0453763e-01  -1.4428258e+00  -2.2332866e+00   2.2953447e-01   1.6044783e+00   0.0000000e+00
  -3.0804300e-01  -1.4418088e+00  -2.2277233e+00   2.2987089e-01   1.6035775e+00   0.0000000e+00
  -3.1138821e-01  -1.4407219e+00  -2.2221123e+00   2.3021954e-01   1.6027112e+00   0.0000000e+00
  -3.1457088e-01  -1.4395635e+00  -2.2164535e+00   2.3058063e-01   1.6018796e+00   0.0000000e+00
  -3.1758843e-01  -1.4383314e+00  -2.2107466e+00   2.3095444e-01   1.6010832e+00   0.0000000e+00
  -3.2043804e-01  -1.4370232e+00  -2.2049904e+00   2.3134131e-01   1.6003226e+00   0.0000000e+00
  -3.2311661e-01  -1.4356360e+00  -2.1991831e+00   2.3174170e-01   1.5995982e+00   0.0000000e+00
  -3.2562071e-01  -1.4341666e+00  -2.1933221e+00   2.3215618e-01   1.5989109e+00   0.0000000e+00
  -3.2794652e-01  -1.4326107e+00  -2.1874029e+00   2.3258549e-01   1.5982611e+00   0.0000000e+00
  -3.3008979e-01  -1.4309635e+00  -2.1814196e+00   2.3303059e-01   1.5976496e+00   0.0000000e+00
  -3.3204569e-01  -1.4292185e+00  -2.1753628e+00   2.3349275e-01   1.5970772e+00   0.0000000e+00
  -3.3380876e-01  -1.4273672e+00  -2.1692188e+00   2.3397370e-01   1.5965447e+00   0.0000000e+00
  -3.3537279e-01  -1.4253979e+00  -2.1629661e+00   2.3447591e-01   1.5960529e+00   0.0000000e+00
  -3.3673076e-01  -1.4232933e+00  -2.1565693e+00   2.3500313e-01   1.5956025e+00   0.0000000e+00
  -3.3787537e-01  -1.4210246e+00  -2.1499632e+00   2.3556165e-01   1.5951934e+00   0.0000000e+00
  -3.3859899e-01  -1.4191640e+00  -2.1447400e+00   2.3601290e-01   1.5949094e+00   0.0000000e+00
  -3.3919590e-01  -1.4171747e+00  -2.1393031e+00   2.3648921e-01   1.5946474e+00   0.0000000e+00
  -3.3967241e-01  -1.4151428e+00  -2.1337856e+00   2.3696969e-01   1.5944078e+00   0.0000000e+00
  -3.3988658e-01  -1.4130531e+00  -2.1284288e+00   2.3745766e-01   1.5942306e+00   0.0000000e+00
  -3.3985407e-01  -1.4110409e+00  -2.1235885e+00   2.3792253e-01   1.5941219e+00   0.0000000e+00
  -3.3952899e-01  -1.4084879e+00  -2.1177685e+00   2.3850625e-01   1.5940551e+00   0.0000000e+00
  -3.3893860e-01  -1.4059261e+00  -2.1122228e+00   2.3908595e-01   1.5940542e+00   0.0000000e+00
  -3.3809685e-01  -1.4033210e+00  -2.1068476e+00   2.3967002e-01   1.5941138e+00   0.0000000e+00
  -3.3702345e-01  -1.4006918e+00  -2.1016668e+00   2.4025463e-01   1.5942300e+00   0.0000000e+00
  -3.3573123e-01  -1.3980402e+00  -2.0966704e+00   2.4083984e-01   1.5944001e+00   0.0000000e+00
  -3.3422969e-01  -1.3953655e+00  -2.0918467e+00   2.4142627e-01   1.5946217e+00   0.0000000e+00
  -3.3252633e-01  -1.3926668e+00  -2.0871857e+00   2.4201448e-01   1.5948934e+00   0.0000000e+00
  -3.3062734e-01  -1.3899436e+00  -2.0826797e+00   2.4260497e-01   1.5952136e+00   0.0000000e+00
  -3.2853796e-01  -1.3871954e+00  -2.0783225e+00   2.4319816e-01   1.5955813e+00   0.0000000e+00
  -3.2626268e-01  -1.3844222e+00  -2.0741091e+00   2.4379439e-01   1.5959957e+00   0.0000000e+00
  -3.2380545e-01  -1.3816239e+00  -2.0700354e+00   2.4439396e-01   1.5964560e+00   0.0000000e+00
  -3.2116973e-01  -1.3788009e+00  -2.0660984e+00   2.4499711e-01   1.5969616e+00   0.0000000e+00
  -3.1835864e-01  -1.3759533e+00  -2.0622952e+00   2.4560406e-01   1.5975121e+00   0.0000000e+00
  -3.1537496e-01  -1.3730816e+00  -2.0586238e+00   2.4621501e-01   1.5981070e+00   0.0000000e+00
  -3.1222124e-01  -1.3701863e+00  -2.0550822e+00   2.4683010e-01   1.5987460e+00   0.0000000e+00
  -3.0889979e-01  -1.3672677e+00  -2.0516690e+00   2.4744950e-01   1.5994288e+00   0.0000000e+00
  -3.0541272e-01  -1.3643265e+00  -2.0483829e+00   2.4807332e-01   1.6001552e+00   0.0000000e+00
  -3.0176198e-01  -1.3613633e+00  -2.0452229e+00   2.4870168e-01   1.6009252e+00   0.0000000e+00
  -2.9794939e-01  -1.3583786e+00  -2.0421880e+00   2.4933467e-01   1.6017384e+00   0.0000000e+00
  -2.9295445e-01  -1.3546165e+00  -2.0385709e+00   2.5013310e-01   1.6028169e+00   0.0000000e+00
  -2.8772165e-01  -1.3508281e+00  -2.0351427e+00   2.5093784e-01   1.6039606e+00   0.0000000e+00
  -2.8224143e-01  -1.3470084e+00  -2.0319081e+00   2.5175062e-01   1.6051725e+00   0.0000000e+00
  -2.7651350e-01  -1.3431577e+00  -2.0288697e+00   2.5257185e-01   1.6064537e+00   0.0000000e+00
  -2.7054577e-01  -1.3392798e+00  -2.0260215e+00   2.5340095e-01   1.6078026e+00   0.0000000e+00
  -2.6434950e-01  -1.3353805e+00  -2.0233591e+00   2.5423687e-01   1.6092172e+00   0.0000000e+00
  -2.5791527e-01  -1.3314559e+00  -2.0208889e+00   2.5508107e-01   1.6107007e+00   0.0000000e+00
  -2.5124224e-01  -1.3275064e+00  -2.0186136e+00   2.5593387e-01   1.6122541e+00   0.0000000e+00
  -2.4433783e-01  -1.3235360e+00  -2.0165284e+00   2.5679462e-01   1.6138763e+00   0.0000000e+00
  -2.3721152e-01  -1.3195494e+00  -2.0146285e+00   2.5766242e-01   1.6155655e+00   0.0000000e+00
  -2.2985459e-01  -1.3155437e+00  -2.0129215e+00   2.5853846e-01   1.6173249e+00   0.0000000e+00
  -2.2226583e-01  -1.3115196e+00  -2.0114103e+00   2.5942299e-01   1.6191557e+00   0.0000000e+00
  -2.1445234e-01  -1.3074808e+00  -2.0100905e+00   2.6031530e-01   1.6210568e+00   0.0000000e+00
  -2.0642142e-01  -1.3034310e+00  -2.0089582e+00   2.6121471e-01   1.6230270e+00   0.0000000e+00
  -1.9816554e-01  -1.2993685e+00  -2.0080211e+00   2.6212210e-01   1.6250693e+00   0.0000000e+00
  -1.8968317e-01  -1.2952938e+00  -2.0072823e+00   2.6303764e-01   1.6271851e+00   0.0000000e+00
  -1.8098106e-01  -1.2912106e+00  -2.0067386e+00   2.6396063e-01   1.6293734e+00   0.0000000e+00
  -1.7206349e-01  -1.2871213e+00  -2.0063869e+00   2.6489066e-01   1.6316336e+00   0.0000000e+00
  -1.6292465e-01  -1.2830251e+00  -2.0062351e+00   2.6582828e-01   1.6339685e+00   0.0000000e+00
  -1.5356248e-01  -1.2789228e+00  -2.0062866e+00   2.6677360e-01   1.6363796e+00   0.0000000e+00
  -1.4398315e-01  -1.2748177e+00  -2.0065396e+00   2.6772596e-01   1.6388660e+00   0.0000000e+00
  -1.3418629e-01  -1.2707102e+00  -2.0069927e+00   2.6868536e-01   1.6414286e+00   0.0000000e+00
  -1.2416833e-01  -1.2666010e+00  -2.0076537e+00   2.6965197e-01   1.6440695e+00   0.0000000e+00
  -1.1392603e-01  -1.2624907e+00  -2.0085270e+00   2.7062587e-01   1.6467906e+00   0.0000000e+00
  -1.0346414e-01  -1.2583821e+00  -2.0096121e+00   2.7160651e-01   1.6495914e+00   0.0000000e+00
  -9.2774353e-02  -1.2542726e+00  -2.0109113e+00   2.7259457e-01   1.6524750e+00   0.0000000e+00
  -8.4057918e-02  -1.2509865e+00  -2.0121103e+00   2.7339009e-01   1.6548425e+00   0.0000000e+00
  -7.5192287e-02  -1.2477012e+00  -2.0134526e+00   2.7419024e-01   1.6572652e+00   0.0000000e+00
  -6.6174398e-02  -1.2444167e+00  -2.0149404e+00   2.7499512e-01   1.6597443e+00   0.0000000e+00
  -5.7000366e-02  -1.2411329e+00  -2.0165759e+00   2.7580481e-01   1.6622815e+00   0.0000000e+00
  -4.7665254e-02  -1.2378495e+00  -2.0183608e+00   2.7661941e-01   1.6648786e+00   0.0000000e+00
  -3.7316032e-02  -1.2342769e+00  -2.0204720e+00   2.7751137e-01   1.6677752e+00   0.0000000e+00
  -3.4061997e-02  -1.2331679e+00  -2.0211619e+00   2.7778938e-01   1.6686895e+00   0.0000000e+00
