   0.0000000e+00  -2.0943951e+00  -1.0471976e+00   0.0000000e+00   1.5707963e+00   0.0000000e+00
   5.0101750e-04  -2.0943246e+00  -1.0472942e+00   3.6110448e-05   1.5708595e+00   0.0000000e+00
   4.9184424e-03  -2.0921557e+00  -1.0506352e+00   1.2167523e-03   1.5716101e+00   0.0000000e+00
   1.0091926e-02  -2.0894751e+00  -1.0549691e+00   2.7096189e-03   1.5725188e+00   0.0000000e+00
   1.4825313e-02  -2.0869976e+00  -1.0591964e+00   4.1256457e-03   1.5733668e+00   0.0000000e+00
   2.0015337e-02  -2.0842804e+00  -1.0640761e+00   5.7172256e-03   1.5743113e+00   0.0000000e+00
   2.5188437e-02  -2.0815777e+00  -1.0691783e+00   7.3383911e-03   1.5752671e+00   0.0000000e+00
   3.0254778e-02  -2.0789378e+00  -1.0743998e+00   8.9570365e-03   1.5762165e+00   0.0000000e+00
   3.5219113e-02  -2.0763585e+00  -1.0797304e+00   1.0571251e-02   1.5771595e+00   0.0000000e+00
   4.0087217e-02  -2.0738366e+00  -1.0851640e+00   1.2180172e-02   1.5780964e+00   0.0000000e+00
   4.4863906e-02  -2.0713694e+00  -1.0906958e+00   1.3783098e-02   1.5790276e+00   0.0000000e+00
   4.9554102e-02  -2.0689543e+00  -1.0963230e+00   1.5379719e-02   1.5799533e+00   0.0000000e+00
   5.4162370e-02  -2.0665886e+00  -1.1020438e+00   1.6969891e-02   1.5808741e+00   0.0000000e+00
   5.8692563e-02  -2.0642700e+00  -1.1078568e+00   1.8553464e-02   1.5817903e+00   0.0000000e+00
   6.3147737e-02  -2.0619969e+00  -1.1137606e+00   2.0130209e-02   1.5827022e+00   0.0000000e+00
   6.7530210e-02  -2.0597678e+00  -1.1197538e+00   2.1699801e-02   1.5836098e+00   0.0000000e+00
   7.1841673e-02  -2.0575816e+00  -1.1258350e+00   2.3261829e-02   1.5845134e+00   0.0000000e+00
   7.6083301e-02  -2.0554375e+00  -1.1320027e+00   2.4815818e-02   1.5854129e+00   0.0000000e+00
   8.0255848e-02  -2.0533350e+00  -1.1382551e+00   2.6361242e-02   1.5863082e+00   0.0000000e+00
   8.4359721e-02  -2.0512736e+00  -1.1445907e+00   2.7897540e-02   1.5871993e+00   0.0000000e+00
   8.8395043e-02  -2.0492530e+00  -1.1510077e+00   2.9424128e-02   1.5880860e+00   0.0000000e+00
   9.2361693e-02  -2.0472731e+00  -1.1575045e+00   3.0940408e-02   1.5889682e+00   0.0000000e+00
   9.6259348e-02  -2.0453338e+00  -1.1640794e+00   3.2445773e-02   1.5898457e+00   0.0000000e+00
   1.0008751e-01  -2.0434352e+00  -1.1707306e+00   3.3939615e-02   1.5907182e+00   0.0000000e+00
   1.0384553e-01  -2.0415773e+00  -1.1774565e+00   3.5421325e-02   1.5915856e+00   0.0000000e+00
   1.0753260e-01  -2.0397603e+00  -1.1842556e+00   3.6890301e-02   1.5924476e+00   0.0000000e+00
   1.1114784e-01  -2.0379844e+00  -1.1911260e+00   3.8345950e-02   1.5933039e+00   0.0000000e+00
   1.1469021e-01  -2.0362498e+00  -1.1980664e+00   3.9787685e-02   1.5941543e+00   0.0000000e+00
   1.1815859e-01  -2.0345568e+00  -1.2050750e+00   4.1214931e-02   1.5949985e+00   0.0000000e+00
   1.2155177e-01  -2.0329057e+00  -1.2121505e+00   4.2627128e-02   1.5958362e+00   0.0000000e+00
   1.2486844e-01  -2.0312969e+00  -1.2192913e+00   4.4023726e-02   1.5966671e+00   0.0000000e+00
   1.2810721e-01  -2.0297307e+00  -1.2264959e+00   4.5404190e-02   1.5974910e+00   0.0000000e+00
   1.3126661e-01  -2.0282075e+00  -1.2337630e+00   4.6767999e-02   1.5983074e+00   0.0000000e+00
   1.3434507e-01  -2.0267277e+00  -1.2410911e+00   4.8114649e-02   1.5991161e+00   0.0000000e+00
   1.3734096e-01  -2.0252918e+00  -1.2484791e+00   4.9443648e-02   1.5999168e+00   0.0000000e+00
   1.4025256e-01  -2.0239002e+00  -1.2559256e+00   5.0754520e-02   1.6007091e+00   0.0000000e+00
   1.4307807e-01  -2.0225533e+00  -1.2634294e+00   5.2046805e-02   1.6014927e+00   0.0000000e+00
   1.4581560e-01  -2.0212517e+00  -1.2709893e+00   5.3320059e-02   1.6022672e+00   0.0000000e+00
   1.4846315e-01  -2.0199959e+00  -1.2786043e+00   5.4573851e-02   1.6030323e+00   0.0000000e+00
   1.5101867e-01  -2.0187863e+00  -1.2862733e+00   5.5807767e-02   1.6037877e+00   0.0000000e+00
   1.5347998e-01  -2.0176234e+00  -1.2939954e+00   5.7021406e-02   1.6045329e+00   0.0000000e+00
   1.5584480e-01  -2.0165080e+00  -1.3017697e+00   5.8214383e-02   1.6052677e+00   0.0000000e+00
   1.5811073e-01  -2.0154404e+00  -1.3095953e+00   5.9386328e-02   1.6059915e+00   0.0000000e+00
   1.6027527e-01  -2.0144214e+00  -1.3174717e+00   6.0536884e-02   1.6067040e+00   0.0000000e+00
   1.6233576e-01  -2.0134515e+00  -1.3253982e+00   6.1665708e-02   1.6074049e+00   0.0000000e+00
   1.6428941e-01  -2.0125314e+00  -1.3333743e+00   6.2772471e-02   1.6080936e+00   0.0000000e+00
   1.6613328e-01  -2.0116618e+00  -1.3413998e+00   6.3856857e-02   1.6087699e+00   0.0000000e+00
   1.6786426e-01  -2.0108433e+00  -1.3494743e+00   6.4918563e-02   1.6094331e+00   0.0000000e+00
   1.6947902e-01  -2.0100768e+00  -1.3575980e+00   6.5957297e-02   1.6100830e+00   0.0000000e+00
   1.7097407e-01  -2.0093630e+00  -1.3657709e+00   6.6972779e-02   1.6107189e+00   0.0000000e+00
   1.7234568e-01  -2.0087027e+00  -1.3739935e+00   6.7964738e-02   1.6113404e+00   0.0000000e+00
   1.7358990e-01  -2.0080970e+00  -1.3822664e+00   6.8932913e-02   1.6119471e+00   0.0000000e+00
   1.7470253e-01  -2.0075467e+00  -1.3905904e+00   6.9877046e-02   1.6125384e+00   0.0000000e+00
   1.7567917e-01  -2.0070530e+00  -1.3989669e+00   7.0796886e-02   1.6131137e+00   0.0000000e+00
   1.7651531e-01  -2.0066170e+00  -1.4073972e+00   7.1692174e-02   1.6136725e+00   0.0000000e+00
   1.7720649e-01  -2.0062401e+00  -1.4158832e+00   7.2562644e-02   1.6142144e+00   0.0000000e+00
   1.7774900e-01  -2.0059237e+00  -1.4244270e+00   7.3408000e-02   1.6147388e+00   0.0000000e+00
   1.7814191e-01  -2.0056697e+00  -1.4330307e+00   7.4227896e-02   1.6152457e+00   0.0000000e+00
   1.7840434e-01  -2.0054804e+00  -1.4416967e+00   7.5021809e-02   1.6157372e+00   0.0000000e+00
   1.7852149e-01  -2.0053578e+00  -1.4504135e+00   7.5788172e-02   1.6162109e+00   0.0000000e+00
   1.7838096e-01  -2.0053009e+00  -1.4591722e+00   7.6526339e-02   1.6166533e+00   0.0000000e+00
   1.7800921e-01  -2.0053106e+00  -1.4677078e+00   7.7214877e-02   1.6170536e+00   0.0000000e+00
   1.7744214e-01  -2.0053819e+00  -1.4759314e+00   7.7849371e-02   1.6174115e+00   0.0000000e+00
   1.7669903e-01  -2.0055093e+00  -1.4838648e+00   7.8434521e-02   1.6177308e+00   0.0000000e+00
   1.7579330e-01  -2.0056881e+00  -1.4915253e+00   7.8974356e-02   1.6180141e+00   0.0000000e+00
   1.7473467e-01  -2.0059139e+00  -1.4989348e+00   7.9472878e-02   1.6182639e+00   0.0000000e+00
   1.7353023e-01  -2.0061833e+00  -1.5061151e+00   7.9933704e-02   1.6184823e+00   0.0000000e+00
   1.7218575e-01  -2.0064933e+00  -1.5130827e+00   8.0359818e-02   1.6186710e+00   0.0000000e+00
   1.7070608e-01  -2.0068412e+00  -1.5198506e+00   8.0753729e-02   1.6188314e+00   0.0000000e+00
   1.6909540e-01  -2.0072244e+00  -1.5264290e+00   8.1117605e-02   1.6189647e+00   0.0000000e+00
   1.6735736e-01  -2.0076407e+00  -1.5328263e+00   8.1453345e-02   1.6190717e+00   0.0000000e+00
   1.6549519e-01  -2.0080881e+00  -1.5390495e+00   8.1762640e-02   1.6191534e+00   0.0000000e+00
   1.6351181e-01  -2.0085646e+00  -1.5451042e+00   8.2047009e-02   1.6192105e+00   0.0000000e+00
   1.6140988e-01  -2.0090683e+00  -1.5509950e+00   8.2307832e-02   1.6192436e+00   0.0000000e+00
   1.5919185e-01  -2.0095974e+00  -1.5567258e+00   8.2546374e-02   1.6192533e+00   0.0000000e+00
   1.5685999e-01  -2.0101503e+00  -1.5622999e+00   8.2763806e-02   1.6192402e+00   0.0000000e+00
   1.5441642e-01  -2.0107253e+00  -1.5677200e+00   8.2961216e-02   1.6192046e+00   0.0000000e+00
   1.5186315e-01  -2.0113208e+00  -1.5729884e+00   8.3139623e-02   1.6191471e+00   0.0000000e+00
   1.4920204e-01  -2.0119353e+00  -1.5781068e+00   8.3299985e-02   1.6190680e+00   0.0000000e+00
   1.4643488e-01  -2.0125672e+00  -1.5830769e+00   8.3443209e-02   1.6189678e+00   0.0000000e+00
   1.4356337e-01  -2.0132152e+00  -1.5879000e+00   8.3570154e-02   1.6188467e+00   0.0000000e+00
   1.4058912e-01  -2.0138778e+00  -1.5925772e+00   8.3681637e-02   1.6187050e+00   0.0000000e+00
   1.3751368e-01  -2.0145536e+00  -1.5971092e+00   8.3778438e-02   1.6185432e+00   0.0000000e+00
   1.3433851e-01  -2.0152411e+00  -1.6014968e+00   8.3861302e-02   1.6183614e+00   0.0000000e+00
   1.3106504e-01  -2.0159391e+00  -1.6057404e+00   8.3930946e-02   1.6181599e+00   0.0000000e+00
   1.2769463e-01  -2.0166461e+00  -1.6098403e+00   8.3988054e-02   1.6179391e+00   0.0000000e+00
   1.2422857e-01  -2.0173610e+00  -1.6137968e+00   8.4033287e-02   1.6176990e+00   0.0000000e+00
   1.2066812e-01  -2.0180822e+00  -1.6176100e+00   8.4067279e-02   1.6174400e+00   0.0000000e+00
   1.1701446e-01  -2.0188086e+00  -1.6212796e+00   8.4090642e-02   1.6171623e+00   0.0000000e+00
   1.1326875e-01  -2.0195388e+00  -1.6248057e+00   8.4103966e-02   1.6168660e+00   0.0000000e+00
   1.0943206e-01  -2.0202716e+00  -1.6281879e+00   8.4107820e-02   1.6165514e+00   0.0000000e+00
   1.0550542e-01  -2.0210056e+00  -1.6314257e+00   8.4102752e-02   1.6162186e+00   0.0000000e+00
   1.0148979e-01  -2.0217397e+00  -1.6345188e+00   8.4089294e-02   1.6158678e+00   0.0000000e+00
   9.7386081e-02  -2.0224725e+00  -1.6374664e+00   8.4067956e-02   1.6154992e+00   0.0000000e+00
   9.3195115e-02  -2.0232028e+00  -1.6402678e+00   8.4039233e-02   1.6151129e+00   0.0000000e+00
   8.8917640e-02  -2.0239294e+00  -1.6429223e+00   8.4003600e-02   1.6147090e+00   0.0000000e+00
   8.4554314e-02  -2.0246509e+00  -1.6454287e+00   8.3961516e-02   1.6142876e+00   0.0000000e+00
   8.0105693e-02  -2.0253662e+00  -1.6477861e+00   8.3913422e-02   1.6138489e+00   0.0000000e+00
   7.5572214e-02  -2.0260739e+00  -1.6499932e+00   8.3859743e-02   1.6133928e+00   0.0000000e+00
   7.0954176e-02  -2.0267728e+00  -1.6520487e+00   8.3800886e-02   1.6129196e+00   0.0000000e+00
   6.6251719e-02  -2.0274617e+00  -1.6539509e+00   8.3737240e-02   1.6124291e+00   0.0000000e+00
   6.1464788e-02  -2.0281393e+00  -1.6556983e+00   8.3669176e-02   1.6119214e+00   0.0000000e+00
   5.6593096e-02  -2.0288043e+00  -1.6572889e+00   8.3597047e-02   1.6113964e+00   0.0000000e+00
   5.1636077e-02  -2.0294555e+00  -1.6587205e+00   8.3521183e-02   1.6108541e+00   0.0000000e+00
   4.6592814e-02  -2.0300916e+00  -1.6599909e+00   8.3441894e-02   1.6102943e+00   0.0000000e+00
   4.1461960e-02  -2.0307114e+00  -1.6610974e+00   8.3359465e-02   1.6097169e+00   0.0000000e+00
   3.6241614e-02  -2.0313136e+00  -1.6620369e+00   8.3274153e-02   1.6091215e+00   0.0000000e+00
   3.0929168e-02  -2.0318969e+00  -1.6628062e+00   8.3186180e-02   1.6085078e+00   0.0000000e+00
   2.5521077e-02  -2.0324603e+00  -1.6634013e+00   8.3095726e-02   1.6078753e+00   0.0000000e+00
   2.0012534e-02  -2.0330027e+00  -1.6638181e+00   8.3002911e-02   1.6072232e+00   0.0000000e+00
   1.4396977e-02  -2.0335234e+00  -1.6640516e+00   8.2907769e-02   1.6065508e+00   0.0000000e+00
   8.6653089e-03  -2.0340221e+00  -1.6640967e+00   8.2810187e-02   1.6058566e+00   0.0000000e+00
   2.8045996e-03  -2.0345002e+00  -1.6639487e+00   8.2709746e-02   1.6051391e+00   0.0000000e+00
  -3.2042661e-03  -2.0349660e+00  -1.6636104e+00   8.2604883e-02   1.6043957e+00   0.0000000e+00
  -9.3920637e-03  -2.0354337e+00  -1.6630886e+00   8.2493003e-02   1.6036229e+00   0.0000000e+00
  -1.4188227e-02  -2.0357419e+00  -1.6625032e+00   8.2410503e-02   1.6030176e+00   0.0000000e+00
  -1.8991816e-02  -2.0360014e+00  -1.6617441e+00   8.2331323e-02   1.6024053e+00   0.0000000e+00
  -2.3675048e-02  -2.0362143e+00  -1.6608581e+00   8.2256660e-02   1.6018031e+00   0.0000000e+00
  -2.8324019e-02  -2.0363927e+00  -1.6598522e+00   8.2184334e-02   1.6012009e+00   0.0000000e+00
  -3.2987760e-02  -2.0365401e+00  -1.6587106e+00   8.2112985e-02   1.6005920e+00   0.0000000e+00
  -3.7639288e-02  -2.0366495e+00  -1.6574300e+00   8.2043783e-02   1.5999798e+00   0.0000000e+00
  -4.2253099e-02  -2.0367189e+00  -1.6560235e+00   8.1977499e-02   1.5993678e+00   0.0000000e+00
  -4.7641022e-02  -2.0367661e+00  -1.6542253e+00   8.1900504e-02   1.5986476e+00   0.0000000e+00
  -5.2666501e-02  -2.0367670e+00  -1.6523827e+00   8.1830378e-02   1.5979702e+00   0.0000000e+00
  -5.7838795e-02  -2.0367228e+00  -1.6503168e+00   8.1759999e-02   1.5972671e+00   0.0000000e+00
  -6.3086306e-02  -2.0366305e+00  -1.6480435e+00   8.1690249e-02   1.5965478e+00   0.0000000e+00
  -6.8188627e-02  -2.0364945e+00  -1.6456589e+00   8.1623830e-02   1.5958424e+00   0.0000000e+00
  -7.3130878e-02  -2.0363171e+00  -1.6431810e+00   8.1560772e-02   1.5951536e+00   0.0000000e+00
  -7.7985314e-02  -2.0360972e+00  -1.6405811e+00   8.1500034e-02   1.5944714e+00   0.0000000e+00
  -8.2770338e-02  -2.0358343e+00  -1.6378526e+00   8.1441232e-02   1.5937935e+00   0.0000000e+00
  -8.7467469e-02  -2.0355298e+00  -1.6350088e+00   8.1384429e-02   1.5931225e+00   0.0000000e+00
  -9.2069508e-02  -2.0351849e+00  -1.6320580e+00   8.1329555e-02   1.5924597e+00   0.0000000e+00
  -9.6580646e-02  -2.0347995e+00  -1.6290011e+00   8.1276410e-02   1.5918046e+00   0.0000000e+00
  -1.0100324e-01  -2.0343741e+00  -1.6258394e+00   8.1224816e-02   1.5911569e+00   0.0000000e+00
  -1.0533643e-01  -2.0339089e+00  -1.6225764e+00   8.1174630e-02   1.5905169e+00   0.0000000e+00
  -1.0957926e-01  -2.0334043e+00  -1.6192152e+00   8.1125712e-02   1.5898848e+00   0.0000000e+00
  -1.1373139e-01  -2.0328607e+00  -1.6157584e+00   8.1077918e-02   1.5892608e+00   0.0000000e+00
  -1.1779241e-01  -2.0322781e+00  -1.6122084e+00   8.1031109e-02   1.5886450e+00   0.0000000e+00
  -1.2176168e-01  -2.0316567e+00  -1.6085678e+00   8.0985149e-02   1.5880375e+00   0.0000000e+00
  -1.2563844e-01  -2.0309968e+00  -1.6048388e+00   8.0939907e-02   1.5874386e+00   0.0000000e+00
  -1.2942190e-01  -2.0302984e+00  -1.6010237e+00   8.0895260e-02   1.5868484e+00   0.0000000e+00
  -1.3311119e-01  -2.0295616e+00  -1.5971248e+00   8.0851087e-02   1.5862671e+00   0.0000000e+00
  -1.3670536e-01  -2.0287863e+00  -1.5931441e+00   8.0807274e-02   1.5856948e+00   0.0000000e+00
  -1.4020340e-01  -2.0279726e+00  -1.5890837e+00   8.0763714e-02   1.5851319e+00   0.0000000e+00
  -1.4360423e-01  -2.0271203e+00  -1.5849454e+00   8.0720307e-02   1.5845783e+00   0.0000000e+00
  -1.4690672e-01  -2.0262294e+00  -1.5807313e+00   8.0676961e-02   1.5840345e+00   0.0000000e+00
  -1.5010967e-01  -2.0252997e+00  -1.5764430e+00   8.0633594e-02   1.5835005e+00   0.0000000e+00
  -1.5321178e-01  -2.0243308e+00  -1.5720824e+00   8.0590131e-02   1.5829766e+00   0.0000000e+00
  -1.5621173e-01  -2.0233226e+00  -1.5676510e+00   8.0546507e-02   1.5824629e+00   0.0000000e+00
  -1.5910810e-01  -2.0222745e+00  -1.5631502e+00   8.0502670e-02   1.5819598e+00   0.0000000e+00
  -1.6189939e-01  -2.0211862e+00  -1.5585817e+00   8.0458577e-02   1.5814675e+00   0.0000000e+00
  -1.6458403e-01  -2.0200570e+00  -1.5539465e+00   8.0414200e-02   1.5809861e+00   0.0000000e+00
  -1.6716033e-01  -2.0188863e+00  -1.5492457e+00   8.0369522e-02   1.5805159e+00   0.0000000e+00
  -1.6962652e-01  -2.0176733e+00  -1.5444803e+00   8.0324542e-02   1.5800573e+00   0.0000000e+00
  -1.7198072e-01  -2.0164170e+00  -1.5396509e+00   8.0279274e-02   1.5796103e+00   0.0000000e+00
  -1.7422090e-01  -2.0151162e+00  -1.5347579e+00   8.0233747e-02   1.5791753e+00   0.0000000e+00
  -1.7634490e-01  -2.0137697e+00  -1.5298013e+00   8.0188010e-02   1.5787526e+00   0.0000000e+00
  -1.7835036e-01  -2.0123757e+00  -1.5247804e+00   8.0142127e-02   1.5783425e+00   0.0000000e+00
  -1.8023475e-01  -2.0109324e+00  -1.5196943e+00   8.0096184e-02   1.5779452e+00   0.0000000e+00
  -1.8199530e-01  -2.0094373e+00  -1.5145410e+00   8.0050286e-02   1.5775610e+00   0.0000000e+00
  -1.8362893e-01  -2.0078875e+00  -1.5093172e+00   8.0004558e-02   1.5771903e+00   0.0000000e+00
  -1.8513224e-01  -2.0062794e+00  -1.5040183e+00   7.9959142e-02   1.5768333e+00   0.0000000e+00
  -1.8650139e-01  -2.0046080e+00  -1.4986370e+00   7.9914199e-02   1.5764902e+00   0.0000000e+00
  -1.8771321e-01  -2.0028966e+00  -1.4932537e+00   7.9870611e-02   1.5761666e+00   0.0000000e+00
  -1.8875216e-01  -2.0011723e+00  -1.4879547e+00   7.9829265e-02   1.5758672e+00   0.0000000e+00
  -1.8963522e-01  -1.9994135e+00  -1.4826736e+00   7.9789788e-02   1.5755878e+00   0.0000000e+00
  -1.9037498e-01  -1.9975892e+00  -1.4773208e+00   7.9751637e-02   1.5753240e+00   0.0000000e+00
  -1.9096539e-01  -1.9957012e+00  -1.4719049e+00   7.9714875e-02   1.5750767e+00   0.0000000e+00
  -1.9140043e-01  -1.9937738e+00  -1.4664905e+00   7.9679391e-02   1.5748488e+00   0.0000000e+00
  -1.9169674e-01  -1.9918262e+00  -1.4610905e+00   7.9642267e-02   1.5746382e+00   0.0000000e+00
  -1.9186613e-01  -1.9897859e+00  -1.4554912e+00   7.9600704e-02   1.5744366e+00   0.0000000e+00
  -1.9182195e-01  -1.9881629e+00  -1.4512655e+00   7.9581653e-02   1.5743071e+00   0.0000000e+00
  -1.9154780e-01  -1.9859668e+00  -1.4457992e+00   7.9570701e-02   1.5741680e+00   0.0000000e+00
  -1.9106875e-01  -1.9837775e+00  -1.4405787e+00   7.9572668e-02   1.5740636e+00   0.0000000e+00
  -1.9040691e-01  -1.9815923e+00  -1.4355684e+00   7.9585862e-02   1.5739897e+00   0.0000000e+00
  -1.8957655e-01  -1.9794114e+00  -1.4307546e+00   7.9609808e-02   1.5739442e+00   0.0000000e+00
  -1.8862590e-01  -1.9773105e+00  -1.4262862e+00   7.9642984e-02   1.5739255e+00   0.0000000e+00
  -1.8756163e-01  -1.9752572e+00  -1.4220738e+00   7.9685048e-02   1.5739301e+00   0.0000000e+00
  -1.8635907e-01  -1.9731858e+00  -1.4179757e+00   7.9737295e-02   1.5739567e+00   0.0000000e+00
  -1.8501731e-01  -1.9710911e+00  -1.4139827e+00   7.9800306e-02   1.5740053e+00   0.0000000e+00
  -1.8355126e-01  -1.9689915e+00  -1.4101292e+00   7.9873881e-02   1.5740750e+00   0.0000000e+00
  -1.8196845e-01  -1.9668910e+00  -1.4064206e+00   7.9958089e-02   1.5741652e+00   0.0000000e+00
  -1.8026965e-01  -1.9647850e+00  -1.4028468e+00   8.0053340e-02   1.5742756e+00   0.0000000e+00
  -1.7845649e-01  -1.9626713e+00  -1.3994030e+00   8.0160015e-02   1.5744058e+00   0.0000000e+00
  -1.7653210e-01  -1.9605500e+00  -1.3960887e+00   8.0278401e-02   1.5745555e+00   0.0000000e+00
  -1.7449923e-01  -1.9584211e+00  -1.3929034e+00   8.0408794e-02   1.5747245e+00   0.0000000e+00
  -1.7236000e-01  -1.9562841e+00  -1.3898457e+00   8.0551522e-02   1.5749125e+00   0.0000000e+00
  -1.7011630e-01  -1.9541384e+00  -1.3869150e+00   8.0706919e-02   1.5751193e+00   0.0000000e+00
  -1.6776994e-01  -1.9519839e+00  -1.3841106e+00   8.0875316e-02   1.5753449e+00   0.0000000e+00
  -1.6532256e-01  -1.9498201e+00  -1.3814323e+00   8.1057043e-02   1.5755889e+00   0.0000000e+00
  -1.6277569e-01  -1.9476469e+00  -1.3788799e+00   8.1252436e-02   1.5758514e+00   0.0000000e+00
  -1.6013069e-01  -1.9454640e+00  -1.3764535e+00   8.1461828e-02   1.5761323e+00   0.0000000e+00
  -1.5738883e-01  -1.9432711e+00  -1.3741532e+00   8.1685555e-02   1.5764314e+00   0.0000000e+00
  -1.5455126e-01  -1.9410681e+00  -1.3719792e+00   8.1923953e-02   1.5767488e+00   0.0000000e+00
  -1.5161904e-01  -1.9388547e+00  -1.3699321e+00   8.2177354e-02   1.5770845e+00   0.0000000e+00
  -1.4859312e-01  -1.9366309e+00  -1.3680124e+00   8.2446094e-02   1.5774383e+00   0.0000000e+00
  -1.4547437e-01  -1.9343964e+00  -1.3662207e+00   8.2730506e-02   1.5778104e+00   0.0000000e+00
  -1.4226355e-01  -1.9321510e+00  -1.3645577e+00   8.3030924e-02   1.5782008e+00   0.0000000e+00
  -1.3896135e-01  -1.9298947e+00  -1.3630244e+00   8.3347682e-02   1.5786094e+00   0.0000000e+00
  -1.3556836e-01  -1.9276273e+00  -1.3616216e+00   8.3681114e-02   1.5790365e+00   0.0000000e+00
  -1.3208509e-01  -1.9253485e+00  -1.3603504e+00   8.4031555e-02   1.5794819e+00   0.0000000e+00
  -1.2851193e-01  -1.9230584e+00  -1.3592120e+00   8.4399344e-02   1.5799459e+00   0.0000000e+00
  -1.2484920e-01  -1.9207566e+00  -1.3582077e+00   8.4784820e-02   1.5804286e+00   0.0000000e+00
  -1.2109709e-01  -1.9184431e+00  -1.3573389e+00   8.5188326e-02   1.5809301e+00   0.0000000e+00
  -1.1725570e-01  -1.9161177e+00  -1.3566070e+00   8.5610214e-02   1.5814505e+00   0.0000000e+00
  -1.1332500e-01  -1.9137801e+00  -1.3560138e+00   8.6050839e-02   1.5819900e+00   0.0000000e+00
  -1.0930481e-01  -1.9114301e+00  -1.3555609e+00   8.6510569e-02   1.5825489e+00   0.0000000e+00
  -1.0519482e-01  -1.9090674e+00  -1.3552504e+00   8.6989784e-02   1.5831273e+00   0.0000000e+00
  -1.0099452e-01  -1.9066917e+00  -1.3550845e+00   8.7488879e-02   1.5837256e+00   0.0000000e+00
  -9.6703236e-02  -1.9043027e+00  -1.3550654e+00   8.8008270e-02   1.5843440e+00   0.0000000e+00
  -9.2320016e-02  -1.9018999e+00  -1.3551957e+00   8.8548401e-02   1.5849830e+00   0.0000000e+00
  -8.7843597e-02  -1.8994828e+00  -1.3554783e+00   8.9109757e-02   1.5856428e+00   0.0000000e+00
  -8.3272433e-02  -1.8970507e+00  -1.3559163e+00   8.9692859e-02   1.5863241e+00   0.0000000e+00
  -7.8604599e-02  -1.8946029e+00  -1.3565133e+00   9.0298277e-02   1.5870273e+00   0.0000000e+00
  -7.3837674e-02  -1.8921384e+00  -1.3572732e+00   9.0926653e-02   1.5877531e+00   0.0000000e+00
  -6.8968622e-02  -1.8896562e+00  -1.3582005e+00   9.1578718e-02   1.5885022e+00   0.0000000e+00
  -6.3993629e-02  -1.8871548e+00  -1.3593005e+00   9.2255318e-02   1.5892755e+00   0.0000000e+00
  -5.8907877e-02  -1.8846325e+00  -1.3605791e+00   9.2957450e-02   1.5900742e+00   0.0000000e+00
  -5.3705215e-02  -1.8820869e+00  -1.3620434e+00   9.3686317e-02   1.5908996e+00   0.0000000e+00
  -4.8377689e-02  -1.8795151e+00  -1.3637018e+00   9.4443400e-02   1.5917534e+00   0.0000000e+00
  -4.2962606e-02  -1.8769358e+00  -1.3655478e+00   9.5223638e-02   1.5926298e+00   0.0000000e+00
  -3.7470468e-02  -1.8743543e+00  -1.3675804e+00   9.6025574e-02   1.5935275e+00   0.0000000e+00
  -3.1885191e-02  -1.8717635e+00  -1.3698089e+00   9.6851571e-02   1.5944494e+00   0.0000000e+00
  -2.6196658e-02  -1.8691594e+00  -1.3722409e+00   9.7703116e-02   1.5953973e+00   0.0000000e+00
  -2.0403664e-02  -1.8665425e+00  -1.3748804e+00   9.8580237e-02   1.5963717e+00   0.0000000e+00
  -1.4503606e-02  -1.8639129e+00  -1.3777299e+00   9.9482833e-02   1.5973732e+00   0.0000000e+00
  -8.4881056e-03  -1.8612690e+00  -1.3807887e+00   1.0041078e-01   1.5984031e+00   0.0000000e+00
  -2.3444734e-03  -1.8586113e+00  -1.3840201e+00   1.0135939e-01   1.5994611e+00   0.0000000e+00
   3.9472613e-03  -1.8559291e+00  -1.3874816e+00   1.0233713e-01   1.6005534e+00   0.0000000e+00
   1.0413702e-02  -1.8531978e+00  -1.3913669e+00   1.0337053e-01   1.6016945e+00   0.0000000e+00
   1.6828347e-02  -1.8505178e+00  -1.3955005e+00   1.0441709e-01   1.6028423e+00   0.0000000e+00
   2.3134812e-02  -1.8479137e+00  -1.3998048e+00   1.0546213e-01   1.6039844e+00   0.0000000e+00
   2.9345965e-02  -1.8453795e+00  -1.4042678e+00   1.0650517e-01   1.6051221e+00   0.0000000e+00
   3.5454139e-02  -1.8429170e+00  -1.4088712e+00   1.0754338e-01   1.6062532e+00   0.0000000e+00
   4.1454310e-02  -1.8405266e+00  -1.4136010e+00   1.0857469e-01   1.6073762e+00   0.0000000e+00
   4.7345332e-02  -1.8382072e+00  -1.4184471e+00   1.0959789e-01   1.6084902e+00   0.0000000e+00
   5.3127273e-02  -1.8359574e+00  -1.4234015e+00   1.1061209e-01   1.6095950e+00   0.0000000e+00
   5.8801779e-02  -1.8337750e+00  -1.4284586e+00   1.1161679e-01   1.6106902e+00   0.0000000e+00
   6.4371718e-02  -1.8316577e+00  -1.4336146e+00   1.1261180e-01   1.6117762e+00   0.0000000e+00
   6.9840314e-02  -1.8296030e+00  -1.4388671e+00   1.1359707e-01   1.6128532e+00   0.0000000e+00
   7.5210514e-02  -1.8276088e+00  -1.4442140e+00   1.1457257e-01   1.6139214e+00   0.0000000e+00
   8.0484701e-02  -1.8256731e+00  -1.4496540e+00   1.1553824e-01   1.6149811e+00   0.0000000e+00
   8.5664636e-02  -1.8237945e+00  -1.4551853e+00   1.1649395e-01   1.6160323e+00   0.0000000e+00
   9.0751512e-02  -1.8219715e+00  -1.4608064e+00   1.1743952e-01   1.6170753e+00   0.0000000e+00
   9.5746039e-02  -1.8202032e+00  -1.4665156e+00   1.1837470e-01   1.6181098e+00   0.0000000e+00
   1.0064853e-01  -1.8184887e+00  -1.4723113e+00   1.1929923e-01   1.6191357e+00   0.0000000e+00
   1.0545896e-01  -1.8168273e+00  -1.4781920e+00   1.2021280e-01   1.6201531e+00   0.0000000e+00
   1.1017703e-01  -1.8152185e+00  -1.4841558e+00   1.2111509e-01   1.6211616e+00   0.0000000e+00
   1.1480222e-01  -1.8136619e+00  -1.4902012e+00   1.2200576e-01   1.6221611e+00   0.0000000e+00
   1.1933379e-01  -1.8121571e+00  -1.4963266e+00   1.2288444e-01   1.6231513e+00   0.0000000e+00
   1.2377085e-01  -1.8107038e+00  -1.5025303e+00   1.2375079e-01   1.6241320e+00   0.0000000e+00
   1.2811234e-01  -1.8093020e+00  -1.5088108e+00   1.2460442e-01   1.6251028e+00   0.0000000e+00
   1.3235707e-01  -1.8079514e+00  -1.5151664e+00   1.2544497e-01   1.6260635e+00   0.0000000e+00
   1.3650110e-01  -1.8066528e+00  -1.5215916e+00   1.2627152e-01   1.6270131e+00   0.0000000e+00
   1.4054069e-01  -1.8054069e+00  -1.5280806e+00   1.2708324e-01   1.6279507e+00   0.0000000e+00
   1.4447511e-01  -1.8042133e+00  -1.5346324e+00   1.2787987e-01   1.6288761e+00   0.0000000e+00
   1.4830388e-01  -1.8030718e+00  -1.5412465e+00   1.2866125e-01   1.6297892e+00   0.0000000e+00
   1.5202578e-01  -1.8019822e+00  -1.5479219e+00   1.2942710e-01   1.6306897e+00   0.0000000e+00
   1.5563947e-01  -1.8009445e+00  -1.5546573e+00   1.3017713e-01   1.6315773e+00   0.0000000e+00
   1.5914358e-01  -1.7999587e+00  -1.5614516e+00   1.3091107e-01   1.6324516e+00   0.0000000e+00
   1.6253668e-01  -1.7990248e+00  -1.5683041e+00   1.3162866e-01   1.6333125e+00   0.0000000e+00
   1.6581724e-01  -1.7981427e+00  -1.5752141e+00   1.3232963e-01   1.6341595e+00   0.0000000e+00
   1.6898365e-01  -1.7973127e+00  -1.5821809e+00   1.3301374e-01   1.6349924e+00   0.0000000e+00
   1.7203420e-01  -1.7965348e+00  -1.5892043e+00   1.3368076e-01   1.6358109e+00   0.0000000e+00
   1.7496710e-01  -1.7958092e+00  -1.5962840e+00   1.3433044e-01   1.6366146e+00   0.0000000e+00
   1.7778042e-01  -1.7951361e+00  -1.6034203e+00   1.3496257e-01   1.6374032e+00   0.0000000e+00
   1.8047214e-01  -1.7945157e+00  -1.6106136e+00   1.3557693e-01   1.6381765e+00   0.0000000e+00
   1.8304010e-01  -1.7939484e+00  -1.6178647e+00   1.3617331e-01   1.6389340e+00   0.0000000e+00
   1.8548199e-01  -1.7934346e+00  -1.6251750e+00   1.3675152e-01   1.6396755e+00   0.0000000e+00
   1.8779534e-01  -1.7929747e+00  -1.6325464e+00   1.3731139e-01   1.6404007e+00   0.0000000e+00
   1.8997747e-01  -1.7925692e+00  -1.6399815e+00   1.3785274e-01   1.6411093e+00   0.0000000e+00
   1.9202549e-01  -1.7922189e+00  -1.6474841e+00   1.3837542e-01   1.6418010e+00   0.0000000e+00
   1.9393624e-01  -1.7919246e+00  -1.6550591e+00   1.3887929e-01   1.6424755e+00   0.0000000e+00
   1.9570417e-01  -1.7916875e+00  -1.6627039e+00   1.3936369e-01   1.6431319e+00   0.0000000e+00
   1.9731814e-01  -1.7915094e+00  -1.6703881e+00   1.3982633e-01   1.6437669e+00   0.0000000e+00
   1.9877363e-01  -1.7913909e+00  -1.6781057e+00   1.4026660e-01   1.6443794e+00   0.0000000e+00
   2.0007006e-01  -1.7913327e+00  -1.6858740e+00   1.4068523e-01   1.6449702e+00   0.0000000e+00
   2.0120416e-01  -1.7913356e+00  -1.6937024e+00   1.4108226e-01   1.6455393e+00   0.0000000e+00
   2.0216999e-01  -1.7914012e+00  -1.7015842e+00   1.4145689e-01   1.6460853e+00   0.0000000e+00
   2.0296235e-01  -1.7915305e+00  -1.7095104e+00   1.4180825e-01   1.6466071e+00   0.0000000e+00
   2.0357886e-01  -1.7917248e+00  -1.7174816e+00   1.4213593e-01   1.6471041e+00   0.0000000e+00
   2.0402213e-01  -1.7919862e+00  -1.7255059e+00   1.4243974e-01   1.6475770e+00   0.0000000e+00
   2.0432356e-01  -1.7923178e+00  -1.7335887e+00   1.4271904e-01   1.6480301e+00   0.0000000e+00
   2.0442556e-01  -1.7927191e+00  -1.7417120e+00   1.4297299e-01   1.6484546e+00   0.0000000e+00
   2.0422872e-01  -1.7931878e+00  -1.7498585e+00   1.4320123e-01   1.6488362e+00   0.0000000e+00
   2.0378655e-01  -1.7936981e+00  -1.7576270e+00   1.4339393e-01   1.6491621e+00   0.0000000e+00
   2.0313389e-01  -1.7942504e+00  -1.7651212e+00   1.4355653e-01   1.6494423e+00   0.0000000e+00
   2.0228680e-01  -1.7948431e+00  -1.7723862e+00   1.4369208e-01   1.6496817e+00   0.0000000e+00
   2.0126038e-01  -1.7954718e+00  -1.7794199e+00   1.4380244e-01   1.6498822e+00   0.0000000e+00
   2.0006460e-01  -1.7961339e+00  -1.7862403e+00   1.4388964e-01   1.6500463e+00   0.0000000e+00
   1.9870692e-01  -1.7968275e+00  -1.7928647e+00   1.4395546e-01   1.6501760e+00   0.0000000e+00
   1.9719345e-01  -1.7975509e+00  -1.7993064e+00   1.4400141e-01   1.6502729e+00   0.0000000e+00
   1.9552934e-01  -1.7983023e+00  -1.8055754e+00   1.4402882e-01   1.6503384e+00   0.0000000e+00
   1.9371902e-01  -1.7990801e+00  -1.8116801e+00   1.4403886e-01   1.6503734e+00   0.0000000e+00
   1.9176637e-01  -1.7998828e+00  -1.8176270e+00   1.4403258e-01   1.6503790e+00   0.0000000e+00
   1.8967485e-01  -1.8007090e+00  -1.8234214e+00   1.4401096e-01   1.6503560e+00   0.0000000e+00
   1.8744758e-01  -1.8015572e+00  -1.8290675e+00   1.4397490e-01   1.6503051e+00   0.0000000e+00
   1.8508741e-01  -1.8024261e+00  -1.8345687e+00   1.4392523e-01   1.6502268e+00   0.0000000e+00
   1.8259696e-01  -1.8033143e+00  -1.8399280e+00   1.4386274e-01   1.6501219e+00   0.0000000e+00
   1.7997866e-01  -1.8042204e+00  -1.8451474e+00   1.4378818e-01   1.6499907e+00   0.0000000e+00
   1.7723479e-01  -1.8051433e+00  -1.8502290e+00   1.4370227e-01   1.6498338e+00   0.0000000e+00
   1.7436746e-01  -1.8060815e+00  -1.8551741e+00   1.4360568e-01   1.6496515e+00   0.0000000e+00
   1.7137869e-01  -1.8070339e+00  -1.8599838e+00   1.4349907e-01   1.6494443e+00   0.0000000e+00
   1.6827037e-01  -1.8079993e+00  -1.8646592e+00   1.4338308e-01   1.6492126e+00   0.0000000e+00
   1.6504432e-01  -1.8089763e+00  -1.8692009e+00   1.4325832e-01   1.6489566e+00   0.0000000e+00
   1.6170224e-01  -1.8099639e+00  -1.8736094e+00   1.4312539e-01   1.6486768e+00   0.0000000e+00
   1.5824578e-01  -1.8109607e+00  -1.8778849e+00   1.4298485e-01   1.6483734e+00   0.0000000e+00
   1.5467651e-01  -1.8119656e+00  -1.8820276e+00   1.4283729e-01   1.6480466e+00   0.0000000e+00
   1.5099591e-01  -1.8129774e+00  -1.8860376e+00   1.4268324e-01   1.6476969e+00   0.0000000e+00
   1.4720542e-01  -1.8139949e+00  -1.8899147e+00   1.4252325e-01   1.6473244e+00   0.0000000e+00
   1.4330642e-01  -1.8150170e+00  -1.8936587e+00   1.4235784e-01   1.6469293e+00   0.0000000e+00
   1.3930022e-01  -1.8160424e+00  -1.8972692e+00   1.4218753e-01   1.6465120e+00   0.0000000e+00
   1.3518806e-01  -1.8170700e+00  -1.9007459e+00   1.4201282e-01   1.6460726e+00   0.0000000e+00
   1.3097114e-01  -1.8180986e+00  -1.9040881e+00   1.4183421e-01   1.6456114e+00   0.0000000e+00
   1.2665059e-01  -1.8191271e+00  -1.9072953e+00   1.4165218e-01   1.6451285e+00   0.0000000e+00
   1.2222747e-01  -1.8201543e+00  -1.9103668e+00   1.4146721e-01   1.6446241e+00   0.0000000e+00
   1.1770278e-01  -1.8211789e+00  -1.9133017e+00   1.4127977e-01   1.6440984e+00   0.0000000e+00
   1.1307743e-01  -1.8221999e+00  -1.9160991e+00   1.4109032e-01   1.6435516e+00   0.0000000e+00
   1.0835228e-01  -1.8232160e+00  -1.9187580e+00   1.4089932e-01   1.6429838e+00   0.0000000e+00
   1.0352806e-01  -1.8242261e+00  -1.9212773e+00   1.4070720e-01   1.6423951e+00   0.0000000e+00
   9.8605425e-02  -1.8252290e+00  -1.9236559e+00   1.4051440e-01   1.6417857e+00   0.0000000e+00
   9.3584909e-02  -1.8262234e+00  -1.9258923e+00   1.4032136e-01   1.6411557e+00   0.0000000e+00
   8.8466908e-02  -1.8272083e+00  -1.9279852e+00   1.4012849e-01   1.6405051e+00   0.0000000e+00
   8.3251669e-02  -1.8281823e+00  -1.9299330e+00   1.3993621e-01   1.6398340e+00   0.0000000e+00
   7.7939255e-02  -1.8291443e+00  -1.9317339e+00   1.3974493e-01   1.6391423e+00   0.0000000e+00
   7.2529512e-02  -1.8300931e+00  -1.9333862e+00   1.3955504e-01   1.6384302e+00   0.0000000e+00
   6.7022030e-02  -1.8310275e+00  -1.9348876e+00   1.3936693e-01   1.6376975e+00   0.0000000e+00
   6.1416083e-02  -1.8319461e+00  -1.9362360e+00   1.3918099e-01   1.6369441e+00   0.0000000e+00
   5.5710563e-02  -1.8328479e+00  -1.9374287e+00   1.3899757e-01   1.6361698e+00   0.0000000e+00
   4.9903881e-02  -1.8337316e+00  -1.9384632e+00   1.3881705e-01   1.6353744e+00   0.0000000e+00
   4.3993846e-02  -1.8345960e+00  -1.9393361e+00   1.3863976e-01   1.6345576e+00   0.0000000e+00
   3.7977495e-02  -1.8354399e+00  -1.9400441e+00   1.3846603e-01   1.6337188e+00   0.0000000e+00
   3.1850853e-02  -1.8362621e+00  -1.9405831e+00   1.3829616e-01   1.6328575e+00   0.0000000e+00
   2.5608596e-02  -1.8370618e+00  -1.9409487e+00   1.3813042e-01   1.6319728e+00   0.0000000e+00
   1.9243545e-02  -1.8378380e+00  -1.9411357e+00   1.3796902e-01   1.6310635e+00   0.0000000e+00
   1.2745884e-02  -1.8385903e+00  -1.9411381e+00   1.3781207e-01   1.6301282e+00   0.0000000e+00
   6.1018854e-03  -1.8393191e+00  -1.9409495e+00   1.3765949e-01   1.6291646e+00   0.0000000e+00
  -7.0832468e-04  -1.8400270e+00  -1.9405633e+00   1.3751073e-01   1.6281697e+00   0.0000000e+00
  -7.7150431e-03  -1.8407288e+00  -1.9399840e+00   1.3736269e-01   1.6271390e+00   0.0000000e+00
  -1.4969017e-02  -1.8414309e+00  -1.9391980e+00   1.3721398e-01   1.6260646e+00   0.0000000e+00
  -2.0641599e-02  -1.8419099e+00  -1.9383927e+00   1.3711167e-01   1.6252187e+00   0.0000000e+00
  -2.6366600e-02  -1.8423332e+00  -1.9374011e+00   1.3702032e-01   1.6243594e+00   0.0000000e+00
  -3.1998375e-02  -1.8426987e+00  -1.9362691e+00   1.3694041e-01   1.6235093e+00   0.0000000e+00
  -3.7574828e-02  -1.8430201e+00  -1.9350151e+00   1.3686912e-01   1.6226633e+00   0.0000000e+00
  -4.3164171e-02  -1.8433025e+00  -1.9336170e+00   1.3680517e-01   1.6218108e+00   0.0000000e+00
  -5.0134408e-02  -1.8435854e+00  -1.9316588e+00   1.3673860e-01   1.6207412e+00   0.0000000e+00
  -5.6300333e-02  -1.8437800e+00  -1.9297429e+00   1.3669004e-01   1.6197894e+00   0.0000000e+00
  -6.2180974e-02  -1.8439169e+00  -1.9277523e+00   1.3665259e-01   1.6188766e+00   0.0000000e+00
  -6.8188631e-02  -1.8440047e+00  -1.9255497e+00   1.3662367e-01   1.6179390e+00   0.0000000e+00
  -7.4213336e-02  -1.8440376e+00  -1.9231653e+00   1.3660443e-01   1.6169936e+00   0.0000000e+00
  -8.0072257e-02  -1.8440154e+00  -1.9206754e+00   1.3659512e-01   1.6160691e+00   0.0000000e+00
  -8.5771854e-02  -1.8439413e+00  -1.9180880e+00   1.3659497e-01   1.6151650e+00   0.0000000e+00
  -9.1371611e-02  -1.8438162e+00  -1.9153829e+00   1.3660356e-01   1.6142720e+00   0.0000000e+00
  -9.6881358e-02  -1.8436401e+00  -1.9125589e+00   1.3662064e-01   1.6133886e+00   0.0000000e+00
  -1.0228749e-01  -1.8434142e+00  -1.9096263e+00   1.3664589e-01   1.6125173e+00   0.0000000e+00
  -1.0758682e-01  -1.8431395e+00  -1.9065911e+00   1.3667899e-01   1.6116586e+00   0.0000000e+00
  -1.1278302e-01  -1.8428164e+00  -1.9034548e+00   1.3671966e-01   1.6108120e+00   0.0000000e+00
  -1.1787773e-01  -1.8424455e+00  -1.9002196e+00   1.3676764e-01   1.6099776e+00   0.0000000e+00
  -1.2287058e-01  -1.8420271e+00  -1.8968888e+00   1.3682269e-01   1.6091553e+00   0.0000000e+00
  -1.2776122e-01  -1.8415618e+00  -1.8934652e+00   1.3688457e-01   1.6083453e+00   0.0000000e+00
  -1.3254952e-01  -1.8410499e+00  -1.8899515e+00   1.3695304e-01   1.6075477e+00   0.0000000e+00
  -1.3723523e-01  -1.8404916e+00  -1.8863502e+00   1.3702789e-01   1.6067627e+00   0.0000000e+00
  -1.4181788e-01  -1.8398873e+00  -1.8826637e+00   1.3710891e-01   1.6059904e+00   0.0000000e+00
  -1.4629693e-01  -1.8392371e+00  -1.8788943e+00   1.3719591e-01   1.6052309e+00   0.0000000e+00
  -1.5067170e-01  -1.8385412e+00  -1.8750443e+00   1.3728870e-01   1.6044844e+00   0.0000000e+00
  -1.5494147e-01  -1.8377997e+00  -1.8711160e+00   1.3738710e-01   1.6037511e+00   0.0000000e+00
  -1.5910540e-01  -1.8370127e+00  -1.8671115e+00   1.3749095e-01   1.6030311e+00   0.0000000e+00
  -1.6316259e-01  -1.8361801e+00  -1.8630327e+00   1.3760009e-01   1.6023246e+00   0.0000000e+00
  -1.6711207e-01  -1.8353020e+00  -1.8588818e+00   1.3771437e-01   1.6016318e+00   0.0000000e+00
  -1.7095277e-01  -1.8343782e+00  -1.8546606e+00   1.3783367e-01   1.6009530e+00   0.0000000e+00
  -1.7468357e-01  -1.8334086e+00  -1.8503710e+00   1.3795787e-01   1.6002882e+00   0.0000000e+00
  -1.7830328e-01  -1.8323930e+00  -1.8460146e+00   1.3808687e-01   1.5996378e+00   0.0000000e+00
  -1.8181062e-01  -1.8313311e+00  -1.8415933e+00   1.3822056e-01   1.5990019e+00   0.0000000e+00
  -1.8520424e-01  -1.8302225e+00  -1.8371087e+00   1.3835887e-01   1.5983809e+00   0.0000000e+00
  -1.8848272e-01  -1.8290669e+00  -1.8325621e+00   1.3850174e-01   1.5977749e+00   0.0000000e+00
  -1.9164454e-01  -1.8278637e+00  -1.8279551e+00   1.3864913e-01   1.5971841e+00   0.0000000e+00
  -1.9468810e-01  -1.8266123e+00  -1.8232888e+00   1.3880102e-01   1.5966089e+00   0.0000000e+00
  -1.9761169e-01  -1.8253120e+00  -1.8185644e+00   1.3895740e-01   1.5960496e+00   0.0000000e+00
  -2.0041350e-01  -1.8239619e+00  -1.8137827e+00   1.3911830e-01   1.5955063e+00   0.0000000e+00
  -2.0309158e-01  -1.8225610e+00  -1.8089446e+00   1.3928377e-01   1.5949795e+00   0.0000000e+00
  -2.0564388e-01  -1.8211080e+00  -1.8040504e+00   1.3945389e-01   1.5944694e+00   0.0000000e+00
  -2.0806817e-01  -1.8196016e+00  -1.7991002e+00   1.3962876e-01   1.5939763e+00   0.0000000e+00
  -2.1036203e-01  -1.8180400e+00  -1.7940937e+00   1.3980856e-01   1.5935006e+00   0.0000000e+00
  -2.1252287e-01  -1.8164212e+00  -1.7890299e+00   1.3999348e-01   1.5930427e+00   0.0000000e+00
  -2.1454784e-01  -1.8147427e+00  -1.7839072e+00   1.4018380e-01   1.5926030e+00   0.0000000e+00
  -2.1643379e-01  -1.8130015e+00  -1.7787229e+00   1.4037986e-01   1.5921817e+00   0.0000000e+00
  -2.1817726e-01  -1.8111936e+00  -1.7734730e+00   1.4058208e-01   1.5917794e+00   0.0000000e+00
  -2.1977436e-01  -1.8093143e+00  -1.7681513e+00   1.4079104e-01   1.5913964e+00   0.0000000e+00
  -2.2122067e-01  -1.8073572e+00  -1.7627486e+00   1.4100749e-01   1.5910333e+00   0.0000000e+00
  -2.2251113e-01  -1.8053134e+00  -1.7572509e+00   1.4123243e-01   1.5906902e+00   0.0000000e+00
  -2.2363988e-01  -1.8031703e+00  -1.7516358e+00   1.4146729e-01   1.5903676e+00   0.0000000e+00
  -2.2457429e-01  -1.8009738e+00  -1.7460295e+00   1.4170707e-01   1.5900737e+00   0.0000000e+00
  -2.2529851e-01  -1.7987888e+00  -1.7405902e+00   1.4194463e-01   1.5898153e+00   0.0000000e+00
  -2.2583968e-01  -1.7965852e+00  -1.7352290e+00   1.4218313e-01   1.5895859e+00   0.0000000e+00
  -2.2623182e-01  -1.7943017e+00  -1.7297626e+00   1.4242771e-01   1.5893750e+00   0.0000000e+00
  -2.2649125e-01  -1.7918817e+00  -1.7240239e+00   1.4268245e-01   1.5891751e+00   0.0000000e+00
  -2.2648440e-01  -1.7899349e+00  -1.7196332e+00   1.4289244e-01   1.5890537e+00   0.0000000e+00
  -2.2629351e-01  -1.7879151e+00  -1.7152710e+00   1.4311481e-01   1.5889613e+00   0.0000000e+00
  -2.2586624e-01  -1.7854642e+00  -1.7101770e+00   1.4338855e-01   1.5888848e+00   0.0000000e+00
  -2.2522375e-01  -1.7829719e+00  -1.7051944e+00   1.4367069e-01   1.5888442e+00   0.0000000e+00
  -2.2438962e-01  -1.7804819e+00  -1.7003988e+00   1.4395619e-01   1.5888381e+00   0.0000000e+00
  -2.2337801e-01  -1.7779986e+00  -1.6957880e+00   1.4424459e-01   1.5888644e+00   0.0000000e+00
  -2.2219794e-01  -1.7755183e+00  -1.6913477e+00   1.4453647e-01   1.5889214e+00   0.0000000e+00
  -2.2085643e-01  -1.7730381e+00  -1.6870669e+00   1.4483236e-01   1.5890079e+00   0.0000000e+00
  -2.1935933e-01  -1.7705558e+00  -1.6829377e+00   1.4513276e-01   1.5891229e+00   0.0000000e+00
  -2.1771152e-01  -1.7680697e+00  -1.6789540e+00   1.4543808e-01   1.5892655e+00   0.0000000e+00
  -2.1591721e-01  -1.7655786e+00  -1.6751110e+00   1.4574873e-01   1.5894352e+00   0.0000000e+00
  -2.1398007e-01  -1.7630813e+00  -1.6714050e+00   1.4606506e-01   1.5896314e+00   0.0000000e+00
  -2.1190336e-01  -1.7605772e+00  -1.6678332e+00   1.4638743e-01   1.5898536e+00   0.0000000e+00
  -2.0969001e-01  -1.7580658e+00  -1.6643935e+00   1.4671614e-01   1.5901014e+00   0.0000000e+00
  -2.0734269e-01  -1.7555465e+00  -1.6610842e+00   1.4705151e-01   1.5903746e+00   0.0000000e+00
  -2.0486383e-01  -1.7530191e+00  -1.6579042e+00   1.4739382e-01   1.5906728e+00   0.0000000e+00
  -2.0225569e-01  -1.7504834e+00  -1.6548525e+00   1.4774335e-01   1.5909957e+00   0.0000000e+00
  -1.9952035e-01  -1.7479394e+00  -1.6519285e+00   1.4810036e-01   1.5913433e+00   0.0000000e+00
  -1.9665976e-01  -1.7453870e+00  -1.6491320e+00   1.4846509e-01   1.5917153e+00   0.0000000e+00
  -1.9367575e-01  -1.7428263e+00  -1.6464626e+00   1.4883780e-01   1.5921115e+00   0.0000000e+00
  -1.9057004e-01  -1.7402572e+00  -1.6439203e+00   1.4921871e-01   1.5925318e+00   0.0000000e+00
  -1.8734424e-01  -1.7376800e+00  -1.6415054e+00   1.4960805e-01   1.5929762e+00   0.0000000e+00
  -1.8399991e-01  -1.7350947e+00  -1.6392179e+00   1.5000604e-01   1.5934444e+00   0.0000000e+00
  -1.8053850e-01  -1.7325017e+00  -1.6370583e+00   1.5041287e-01   1.5939365e+00   0.0000000e+00
  -1.7696141e-01  -1.7299010e+00  -1.6350270e+00   1.5082874e-01   1.5944523e+00   0.0000000e+00
  -1.7326996e-01  -1.7272930e+00  -1.6331245e+00   1.5125386e-01   1.5949919e+00   0.0000000e+00
  -1.6946542e-01  -1.7246778e+00  -1.6313514e+00   1.5168838e-01   1.5955551e+00   0.0000000e+00
  -1.6554901e-01  -1.7220558e+00  -1.6297083e+00   1.5213250e-01   1.5961420e+00   0.0000000e+00
  -1.6152189e-01  -1.7194273e+00  -1.6281960e+00   1.5258637e-01   1.5967525e+00   0.0000000e+00
  -1.5738516e-01  -1.7167926e+00  -1.6268152e+00   1.5305016e-01   1.5973866e+00   0.0000000e+00
  -1.5313989e-01  -1.7141519e+00  -1.6255668e+00   1.5352401e-01   1.5980443e+00   0.0000000e+00
  -1.4878708e-01  -1.7115057e+00  -1.6244518e+00   1.5400807e-01   1.5987256e+00   0.0000000e+00
  -1.4432770e-01  -1.7088542e+00  -1.6234711e+00   1.5450247e-01   1.5994307e+00   0.0000000e+00
  -1.3976265e-01  -1.7061979e+00  -1.6226257e+00   1.5500735e-01   1.6001594e+00   0.0000000e+00
  -1.3509279e-01  -1.7035370e+00  -1.6219168e+00   1.5552282e-01   1.6009118e+00   0.0000000e+00
  -1.3031893e-01  -1.7008720e+00  -1.6213455e+00   1.5604901e-01   1.6016881e+00   0.0000000e+00
  -1.2544179e-01  -1.6982031e+00  -1.6209132e+00   1.5658603e-01   1.6024882e+00   0.0000000e+00
  -1.2046205e-01  -1.6955307e+00  -1.6206211e+00   1.5713398e-01   1.6033123e+00   0.0000000e+00
  -1.1538031e-01  -1.6928553e+00  -1.6204707e+00   1.5769298e-01   1.6041605e+00   0.0000000e+00
  -1.1019710e-01  -1.6901770e+00  -1.6204635e+00   1.5826313e-01   1.6050328e+00   0.0000000e+00
  -1.0491283e-01  -1.6874963e+00  -1.6206012e+00   1.5884451e-01   1.6059294e+00   0.0000000e+00
  -9.9527828e-02  -1.6848134e+00  -1.6208856e+00   1.5943725e-01   1.6068506e+00   0.0000000e+00
  -9.4042287e-02  -1.6821286e+00  -1.6213185e+00   1.6004143e-01   1.6077964e+00   0.0000000e+00
  -8.8456261e-02  -1.6794423e+00  -1.6219020e+00   1.6065717e-01   1.6087671e+00   0.0000000e+00
  -8.2769632e-02  -1.6767545e+00  -1.6226383e+00   1.6128458e-01   1.6097629e+00   0.0000000e+00
  -7.6982083e-02  -1.6740656e+00  -1.6235299e+00   1.6192377e-01   1.6107842e+00   0.0000000e+00
  -7.1093053e-02  -1.6713756e+00  -1.6245795e+00   1.6257489e-01   1.6118313e+00   0.0000000e+00
  -6.5101689e-02  -1.6686845e+00  -1.6257898e+00   1.6323808e-01   1.6129046e+00   0.0000000e+00
  -5.9006777e-02  -1.6659925e+00  -1.6271641e+00   1.6391351e-01   1.6140046e+00   0.0000000e+00
  -5.2806657e-02  -1.6632992e+00  -1.6287058e+00   1.6460138e-01   1.6151318e+00   0.0000000e+00
  -4.6499110e-02  -1.6606045e+00  -1.6304188e+00   1.6530193e-01   1.6162870e+00   0.0000000e+00
  -4.0081204e-02  -1.6579079e+00  -1.6323071e+00   1.6601541e-01   1.6174710e+00   0.0000000e+00
  -3.3549083e-02  -1.6552087e+00  -1.6343751e+00   1.6674215e-01   1.6186847e+00   0.0000000e+00
  -2.6897670e-02  -1.6525061e+00  -1.6366269e+00   1.6748249e-01   1.6199294e+00   0.0000000e+00
  -2.0120237e-02  -1.6497987e+00  -1.6390657e+00   1.6823671e-01   1.6212065e+00   0.0000000e+00
  -1.3207749e-02  -1.6470850e+00  -1.6416895e+00   1.6900479e-01   1.6225174e+00   0.0000000e+00
  -6.1477571e-03  -1.6443656e+00  -1.6444567e+00   1.6978349e-01   1.6238621e+00   0.0000000e+00
   1.0806722e-03  -1.6416301e+00  -1.6474446e+00   1.7058023e-01   1.6252486e+00   0.0000000e+00
   8.5034119e-03  -1.6388626e+00  -1.6508057e+00   1.7140875e-01   1.6266895e+00   0.0000000e+00
   1.6170386e-02  -1.6360502e+00  -1.6545424e+00   1.7227138e-01   1.6281937e+00   0.0000000e+00
   2.3960389e-02  -1.6332417e+00  -1.6585852e+00   1.7315221e-01   1.6297369e+00   0.0000000e+00
   3.1530565e-02  -1.6305594e+00  -1.6627413e+00   1.7401124e-01   1.6312505e+00   0.0000000e+00
   3.8937263e-02  -1.6279798e+00  -1.6670234e+00   1.7485411e-01   1.6327446e+00   0.0000000e+00
   4.6222825e-02  -1.6254854e+00  -1.6714446e+00   1.7568515e-01   1.6342269e+00   0.0000000e+00
   5.3386923e-02  -1.6230737e+00  -1.6759967e+00   1.7650396e-01   1.6356971e+00   0.0000000e+00
   6.0424390e-02  -1.6207444e+00  -1.6806693e+00   1.7730966e-01   1.6371534e+00   0.0000000e+00
   6.7334002e-02  -1.6184955e+00  -1.6854553e+00   1.7810185e-01   1.6385953e+00   0.0000000e+00
   7.3987020e-02  -1.6163658e+00  -1.6902531e+00   1.7886545e-01   1.6399951e+00   0.0000000e+00
   8.0459926e-02  -1.6143276e+00  -1.6951059e+00   1.7960911e-01   1.6413680e+00   0.0000000e+00
   8.6831802e-02  -1.6123537e+00  -1.7000672e+00   1.8034176e-01   1.6427306e+00   0.0000000e+00
   9.3094799e-02  -1.6104453e+00  -1.7051279e+00   1.8106230e-01   1.6440808e+00   0.0000000e+00
   9.9228080e-02  -1.6086073e+00  -1.7102672e+00   1.8176818e-01   1.6454139e+00   0.0000000e+00
   1.0523441e-01  -1.6068372e+00  -1.7154836e+00   1.8245958e-01   1.6467301e+00   0.0000000e+00
   1.1112181e-01  -1.6051314e+00  -1.7207807e+00   1.8313731e-01   1.6480311e+00   0.0000000e+00
   1.1689222e-01  -1.6034879e+00  -1.7261578e+00   1.8380146e-01   1.6493169e+00   0.0000000e+00
   1.2254527e-01  -1.6019059e+00  -1.7316121e+00   1.8445190e-01   1.6505874e+00   0.0000000e+00
   1.2808133e-01  -1.6003839e+00  -1.7371420e+00   1.8508855e-01   1.6518424e+00   0.0000000e+00
   1.3350090e-01  -1.5989210e+00  -1.7427465e+00   1.8571139e-01   1.6530818e+00   0.0000000e+00
   1.3880409e-01  -1.5975161e+00  -1.7484242e+00   1.8632033e-01   1.6543057e+00   0.0000000e+00
   1.4399068e-01  -1.5961683e+00  -1.7541739e+00   1.8691527e-01   1.6555137e+00   0.0000000e+00
   1.4906029e-01  -1.5948769e+00  -1.7599943e+00   1.8749609e-01   1.6567057e+00   0.0000000e+00
   1.5401241e-01  -1.5936412e+00  -1.7658843e+00   1.8806266e-01   1.6578815e+00   0.0000000e+00
   1.5884634e-01  -1.5924605e+00  -1.7718427e+00   1.8861483e-01   1.6590408e+00   0.0000000e+00
   1.6356129e-01  -1.5913345e+00  -1.7778685e+00   1.8915246e-01   1.6601834e+00   0.0000000e+00
   1.6815631e-01  -1.5902626e+00  -1.7839606e+00   1.8967539e-01   1.6613090e+00   0.0000000e+00
   1.7263036e-01  -1.5892443e+00  -1.7901181e+00   1.9018344e-01   1.6624173e+00   0.0000000e+00
   1.7698230e-01  -1.5882795e+00  -1.7963402e+00   1.9067645e-01   1.6635080e+00   0.0000000e+00
   1.8121086e-01  -1.5873677e+00  -1.8026261e+00   1.9115423e-01   1.6645808e+00   0.0000000e+00
   1.8531470e-01  -1.5865087e+00  -1.8089751e+00   1.9161660e-01   1.6656353e+00   0.0000000e+00
   1.8929237e-01  -1.5857024e+00  -1.8153866e+00   1.9206337e-01   1.6666713e+00   0.0000000e+00
   1.9314233e-01  -1.5849486e+00  -1.8218600e+00   1.9249435e-01   1.6676883e+00   0.0000000e+00
   1.9686292e-01  -1.5842472e+00  -1.8283952e+00   1.9290934e-01   1.6686860e+00   0.0000000e+00
   2.0045241e-01  -1.5835982e+00  -1.8349919e+00   1.9330812e-01   1.6696641e+00   0.0000000e+00
   2.0390893e-01  -1.5830015e+00  -1.8416501e+00   1.9369050e-01   1.6706221e+00   0.0000000e+00
   2.0723051e-01  -1.5824574e+00  -1.8483700e+00   1.9405624e-01   1.6715597e+00   0.0000000e+00
   2.1041505e-01  -1.5819658e+00  -1.8551521e+00   1.9440514e-01   1.6724766e+00   0.0000000e+00
   2.1346031e-01  -1.5815270e+00  -1.8619972e+00   1.9473694e-01   1.6733721e+00   0.0000000e+00
   2.1636389e-01  -1.5811414e+00  -1.8689064e+00   1.9505142e-01   1.6742461e+00   0.0000000e+00
   2.1912324e-01  -1.5808092e+00  -1.8758815e+00   1.9534832e-01   1.6750980e+00   0.0000000e+00
   2.2173559e-01  -1.5805309e+00  -1.8829247e+00   1.9562736e-01   1.6759274e+00   0.0000000e+00
   2.2419796e-01  -1.5803072e+00  -1.8900390e+00   1.9588825e-01   1.6767340e+00   0.0000000e+00
   2.2650709e-01  -1.5801388e+00  -1.8972285e+00   1.9613069e-01   1.6775172e+00   0.0000000e+00
   2.2865942e-01  -1.5800267e+00  -1.9044986e+00   1.9635433e-01   1.6782768e+00   0.0000000e+00
   2.3065102e-01  -1.5799721e+00  -1.9118566e+00   1.9655879e-01   1.6790122e+00   0.0000000e+00
   2.3247751e-01  -1.5799766e+00  -1.9193124e+00   1.9674364e-01   1.6797233e+00   0.0000000e+00
   2.3413394e-01  -1.5800422e+00  -1.9268797e+00   1.9690837e-01   1.6804097e+00   0.0000000e+00
   2.3561467e-01  -1.5801716e+00  -1.9345782e+00   1.9705237e-01   1.6810713e+00   0.0000000e+00
   2.3691319e-01  -1.5803687e+00  -1.9424376e+00   1.9717489e-01   1.6817086e+00   0.0000000e+00
   2.3801336e-01  -1.5806364e+00  -1.9504349e+00   1.9727418e-01   1.6823172e+00   0.0000000e+00
   2.3888346e-01  -1.5809679e+00  -1.9583470e+00   1.9734725e-01   1.6828800e+00   0.0000000e+00
   2.3953388e-01  -1.5813614e+00  -1.9661749e+00   1.9739479e-01   1.6833986e+00   0.0000000e+00
   2.3999459e-01  -1.5818270e+00  -1.9740925e+00   1.9741754e-01   1.6838870e+00   0.0000000e+00
   2.4030269e-01  -1.5823779e+00  -1.9822210e+00   1.9741388e-01   1.6843570e+00   0.0000000e+00
   2.4031358e-01  -1.5828413e+00  -1.9884131e+00   1.9739398e-01   1.6846758e+00   0.0000000e+00
   2.4003858e-01  -1.5834887e+00  -1.9962651e+00   1.9734627e-01   1.6850290e+00   0.0000000e+00
   2.3950244e-01  -1.5841663e+00  -2.0037390e+00   1.9727765e-01   1.6853163e+00   0.0000000e+00
   2.3873209e-01  -1.5848824e+00  -2.0109917e+00   1.9718906e-01   1.6855503e+00   0.0000000e+00
   2.3774553e-01  -1.5856344e+00  -2.0180350e+00   1.9708198e-01   1.6857346e+00   0.0000000e+00
   2.3655787e-01  -1.5864187e+00  -2.0248709e+00   1.9695796e-01   1.6858721e+00   0.0000000e+00
   2.3517943e-01  -1.5872335e+00  -2.0315152e+00   1.9681814e-01   1.6859652e+00   0.0000000e+00
   2.3361814e-01  -1.5880775e+00  -2.0379818e+00   1.9666351e-01   1.6860162e+00   0.0000000e+00
   2.3188052e-01  -1.5889495e+00  -2.0442819e+00   1.9649494e-01   1.6860267e+00   0.0000000e+00
   2.2997206e-01  -1.5898482e+00  -2.0504241e+00   1.9631322e-01   1.6859982e+00   0.0000000e+00
   2.2789749e-01  -1.5907725e+00  -2.0564151e+00   1.9611911e-01   1.6859317e+00   0.0000000e+00
   2.2566100e-01  -1.5917212e+00  -2.0622603e+00   1.9591328e-01   1.6858284e+00   0.0000000e+00
   2.2326630e-01  -1.5926933e+00  -2.0679641e+00   1.9569639e-01   1.6856891e+00   0.0000000e+00
   2.2071675e-01  -1.5936876e+00  -2.0735296e+00   1.9546907e-01   1.6855146e+00   0.0000000e+00
   2.1801544e-01  -1.5947031e+00  -2.0789597e+00   1.9523192e-01   1.6853055e+00   0.0000000e+00
   2.1516517e-01  -1.5957387e+00  -2.0842564e+00   1.9498552e-01   1.6850626e+00   0.0000000e+00
   2.1216857e-01  -1.5967934e+00  -2.0894214e+00   1.9473043e-01   1.6847862e+00   0.0000000e+00
   2.0902808e-01  -1.5978663e+00  -2.0944558e+00   1.9446720e-01   1.6844770e+00   0.0000000e+00
   2.0574599e-01  -1.5989562e+00  -2.0993606e+00   1.9419637e-01   1.6841355e+00   0.0000000e+00
   2.0232445e-01  -1.6000621e+00  -2.1041365e+00   1.9391847e-01   1.6837619e+00   0.0000000e+00
   1.9876550e-01  -1.6011832e+00  -2.1087840e+00   1.9363401e-01   1.6833569e+00   0.0000000e+00
   1.9507107e-01  -1.6023183e+00  -2.1133031e+00   1.9334351e-01   1.6829207e+00   0.0000000e+00
   1.9124299e-01  -1.6034666e+00  -2.1176941e+00   1.9304746e-01   1.6824536e+00   0.0000000e+00
   1.8728301e-01  -1.6046270e+00  -2.1219568e+00   1.9274635e-01   1.6819561e+00   0.0000000e+00
   1.8319279e-01  -1.6057986e+00  -2.1260909e+00   1.9244068e-01   1.6814285e+00   0.0000000e+00
   1.7897394e-01  -1.6069804e+00  -2.1300962e+00   1.9213094e-01   1.6808710e+00   0.0000000e+00
   1.7462796e-01  -1.6081715e+00  -2.1339722e+00   1.9181760e-01   1.6802839e+00   0.0000000e+00
   1.7015632e-01  -1.6093708e+00  -2.1377182e+00   1.9150113e-01   1.6796676e+00   0.0000000e+00
   1.6556040e-01  -1.6105773e+00  -2.1413337e+00   1.9118201e-01   1.6790222e+00   0.0000000e+00
   1.6084151e-01  -1.6117902e+00  -2.1448179e+00   1.9086071e-01   1.6783481e+00   0.0000000e+00
   1.5600091e-01  -1.6130084e+00  -2.1481700e+00   1.9053769e-01   1.6776454e+00   0.0000000e+00
   1.5103978e-01  -1.6142310e+00  -2.1513890e+00   1.9021342e-01   1.6769145e+00   0.0000000e+00
   1.4595922e-01  -1.6154570e+00  -2.1544739e+00   1.8988834e-01   1.6761554e+00   0.0000000e+00
   1.4076027e-01  -1.6166853e+00  -2.1574237e+00   1.8956292e-01   1.6753685e+00   0.0000000e+00
   1.3544388e-01  -1.6179150e+00  -2.1602371e+00   1.8923761e-01   1.6745538e+00   0.0000000e+00
   1.3001089e-01  -1.6191451e+00  -2.1629130e+00   1.8891287e-01   1.6737117e+00   0.0000000e+00
   1.2446207e-01  -1.6203746e+00  -2.1654499e+00   1.8858913e-01   1.6728421e+00   0.0000000e+00
   1.1879805e-01  -1.6216024e+00  -2.1678464e+00   1.8826684e-01   1.6719454e+00   0.0000000e+00
   1.1301934e-01  -1.6228276e+00  -2.1701010e+00   1.8794645e-01   1.6710214e+00   0.0000000e+00
   1.0712629e-01  -1.6240492e+00  -2.1722119e+00   1.8762840e-01   1.6700705e+00   0.0000000e+00
   1.0111910e-01  -1.6252661e+00  -2.1741775e+00   1.8731312e-01   1.6690925e+00   0.0000000e+00
   9.4997728e-02  -1.6264772e+00  -2.1759956e+00   1.8700105e-01   1.6680876e+00   0.0000000e+00
   8.8761920e-02  -1.6276817e+00  -2.1776643e+00   1.8669261e-01   1.6670557e+00   0.0000000e+00
   8.2411117e-02  -1.6288784e+00  -2.1791813e+00   1.8638825e-01   1.6659967e+00   0.0000000e+00
   7.5944415e-02  -1.6300663e+00  -2.1805440e+00   1.8608837e-01   1.6649105e+00   0.0000000e+00
   6.9360478e-02  -1.6312445e+00  -2.1817497e+00   1.8579341e-01   1.6637968e+00   0.0000000e+00
   6.2657441e-02  -1.6324119e+00  -2.1827956e+00   1.8550376e-01   1.6626554e+00   0.0000000e+00
   5.5832776e-02  -1.6335676e+00  -2.1836781e+00   1.8521983e-01   1.6614857e+00   0.0000000e+00
   4.8883106e-02  -1.6347107e+00  -2.1843936e+00   1.8494202e-01   1.6602872e+00   0.0000000e+00
   4.1803963e-02  -1.6358403e+00  -2.1849380e+00   1.8467069e-01   1.6590591e+00   0.0000000e+00
   3.4589428e-02  -1.6369557e+00  -2.1853063e+00   1.8440619e-01   1.6578002e+00   0.0000000e+00
   2.7231618e-02  -1.6380565e+00  -2.1854931e+00   1.8414883e-01   1.6565092e+00   0.0000000e+00
   1.9719904e-02  -1.6391424e+00  -2.1854921e+00   1.8389883e-01   1.6551840e+00   0.0000000e+00
   1.2039668e-02  -1.6402139e+00  -2.1852955e+00   1.8365630e-01   1.6538220e+00   0.0000000e+00
   4.1701955e-03  -1.6412727e+00  -2.1848947e+00   1.8342108e-01   1.6524193e+00   0.0000000e+00
  -3.9191620e-03  -1.6423231e+00  -2.1842797e+00   1.8319238e-01   1.6509702e+00   0.0000000e+00
  -1.2276843e-02  -1.6433810e+00  -2.1834469e+00   1.8296661e-01   1.6494657e+00   0.0000000e+00
  -2.0988295e-02  -1.6444705e+00  -2.1823874e+00   1.8273842e-01   1.6478902e+00   0.0000000e+00
  -2.7885269e-02  -1.6452601e+00  -2.1813437e+00   1.8257882e-01   1.6466375e+00   0.0000000e+00
  -3.4869983e-02  -1.6459914e+00  -2.1800850e+00   1.8243706e-01   1.6453634e+00   0.0000000e+00
  -4.1722054e-02  -1.6466527e+00  -2.1786758e+00   1.8231439e-01   1.6441089e+00   0.0000000e+00
  -4.8511782e-02  -1.6472648e+00  -2.1771318e+00   1.8220562e-01   1.6428619e+00   0.0000000e+00
  -5.7057968e-02  -1.6479671e+00  -2.1749552e+00   1.8208880e-01   1.6412861e+00   0.0000000e+00
  -6.4521856e-02  -1.6485206e+00  -2.1728482e+00   1.8200421e-01   1.6399044e+00   0.0000000e+00
  -7.1472290e-02  -1.6489853e+00  -2.1707126e+00   1.8194004e-01   1.6386133e+00   0.0000000e+00
  -7.8564137e-02  -1.6494076e+00  -2.1683581e+00   1.8188933e-01   1.6372914e+00   0.0000000e+00
  -8.5709734e-02  -1.6497786e+00  -2.1658039e+00   1.8185347e-01   1.6359551e+00   0.0000000e+00
  -9.2670445e-02  -1.6500861e+00  -2.1631376e+00   1.8183340e-01   1.6346489e+00   0.0000000e+00
  -9.9435372e-02  -1.6503324e+00  -2.1603741e+00   1.8182818e-01   1.6333754e+00   0.0000000e+00
  -1.0607406e-01  -1.6505217e+00  -2.1574934e+00   1.8183703e-01   1.6321216e+00   0.0000000e+00
  -1.1260254e-01  -1.6506553e+00  -2.1544929e+00   1.8185953e-01   1.6308848e+00   0.0000000e+00
  -1.1900858e-01  -1.6507338e+00  -2.1513825e+00   1.8189521e-01   1.6296672e+00   0.0000000e+00
  -1.2528938e-01  -1.6507577e+00  -2.1481683e+00   1.8194361e-01   1.6284697e+00   0.0000000e+00
  -1.3144905e-01  -1.6507280e+00  -2.1448521e+00   1.8200435e-01   1.6272916e+00   0.0000000e+00
  -1.3748984e-01  -1.6506452e+00  -2.1414367e+00   1.8207707e-01   1.6261325e+00   0.0000000e+00
  -1.4341215e-01  -1.6505097e+00  -2.1379252e+00   1.8216141e-01   1.6249924e+00   0.0000000e+00
  -1.4921622e-01  -1.6503220e+00  -2.1343205e+00   1.8225706e-01   1.6238714e+00   0.0000000e+00
  -1.5490238e-01  -1.6500824e+00  -2.1306255e+00   1.8236370e-01   1.6227696e+00   0.0000000e+00
  -1.6047075e-01  -1.6497912e+00  -2.1268427e+00   1.8248105e-01   1.6216868e+00   0.0000000e+00
  -1.6592125e-01  -1.6494487e+00  -2.1229747e+00   1.8260881e-01   1.6206232e+00   0.0000000e+00
  -1.7125366e-01  -1.6490550e+00  -2.1190240e+00   1.8274674e-01   1.6195790e+00   0.0000000e+00
  -1.7646760e-01  -1.6486101e+00  -2.1149930e+00   1.8289458e-01   1.6185540e+00   0.0000000e+00
  -1.8156260e-01  -1.6481143e+00  -2.1108839e+00   1.8305209e-01   1.6175486e+00   0.0000000e+00
  -1.8653808e-01  -1.6475675e+00  -2.1066989e+00   1.8321906e-01   1.6165629e+00   0.0000000e+00
  -1.9139336e-01  -1.6469697e+00  -2.1024404e+00   1.8339528e-01   1.6155969e+00   0.0000000e+00
  -1.9612768e-01  -1.6463208e+00  -2.0981103e+00   1.8358055e-01   1.6146509e+00   0.0000000e+00
  -2.0074016e-01  -1.6456207e+00  -2.0937107e+00   1.8377469e-01   1.6137249e+00   0.0000000e+00
  -2.0522988e-01  -1.6448692e+00  -2.0892436e+00   1.8397753e-01   1.6128193e+00   0.0000000e+00
  -2.0959581e-01  -1.6440661e+00  -2.0847108e+00   1.8418892e-01   1.6119342e+00   0.0000000e+00
  -2.1383686e-01  -1.6432111e+00  -2.0801143e+00   1.8440872e-01   1.6110698e+00   0.0000000e+00
  -2.1795183e-01  -1.6423039e+00  -2.0754557e+00   1.8463682e-01   1.6102263e+00   0.0000000e+00
  -2.2193948e-01  -1.6413439e+00  -2.0707368e+00   1.8487310e-01   1.6094039e+00   0.0000000e+00
  -2.2579844e-01  -1.6403309e+00  -2.0659591e+00   1.8511748e-01   1.6086030e+00   0.0000000e+00
  -2.2952729e-01  -1.6392641e+00  -2.0611241e+00   1.8536990e-01   1.6078236e+00   0.0000000e+00
  -2.3312450e-01  -1.6381429e+00  -2.0562332e+00   1.8563032e-01   1.6070663e+00   0.0000000e+00
  -2.3658842e-01  -1.6369666e+00  -2.0512877e+00   1.8589871e-01   1.6063311e+00   0.0000000e+00
  -2.3991733e-01  -1.6357343e+00  -2.0462886e+00   1.8617508e-01   1.6056184e+00   0.0000000e+00
  -2.4310937e-01  -1.6344449e+00  -2.0412368e+00   1.8645947e-01   1.6049286e+00   0.0000000e+00
  -2.4616253e-01  -1.6330974e+00  -2.0361331e+00   1.8675195e-01   1.6042619e+00   0.0000000e+00
  -2.4907468e-01  -1.6316903e+00  -2.0309778e+00   1.8705265e-01   1.6036188e+00   0.0000000e+00
  -2.5184351e-01  -1.6302221e+00  -2.0257711e+00   1.8736171e-01   1.6029996e+00   0.0000000e+00
  -2.5446651e-01  -1.6286909e+00  -2.0205125e+00   1.8767936e-01   1.6024047e+00   0.0000000e+00
  -2.5694098e-01  -1.6270944e+00  -2.0152011e+00   1.8800587e-01   1.6018346e+00   0.0000000e+00
  -2.5926393e-01  -1.6254302e+00  -2.0098353e+00   1.8834162e-01   1.6012898e+00   0.0000000e+00
  -2.6143210e-01  -1.6236949e+00  -2.0044125e+00   1.8868707e-01   1.6007707e+00   0.0000000e+00
  -2.6344184e-01  -1.6218847e+00  -1.9989286e+00   1.8904283e-01   1.6002778e+00   0.0000000e+00
  -2.6528910e-01  -1.6199945e+00  -1.9933776e+00   1.8940970e-01   1.5998119e+00   0.0000000e+00
  -2.6696929e-01  -1.6180180e+00  -1.9877508e+00   1.8978874e-01   1.5993733e+00   0.0000000e+00
  -2.6847718e-01  -1.6159464e+00  -1.9820345e+00   1.9018140e-01   1.5989628e+00   0.0000000e+00
  -2.6980676e-01  -1.6137674e+00  -1.9762077e+00   1.9058976e-01   1.5985808e+00   0.0000000e+00
  -2.7095112e-01  -1.6114621e+00  -1.9702346e+00   1.9101703e-01   1.5982277e+00   0.0000000e+00
  -2.7190267e-01  -1.6089981e+00  -1.9640481e+00   1.9146876e-01   1.5979031e+00   0.0000000e+00
  -2.7260742e-01  -1.6065153e+00  -1.9579942e+00   1.9191900e-01   1.5976252e+00   0.0000000e+00
  -2.7309557e-01  -1.6041169e+00  -1.9522516e+00   1.9234870e-01   1.5973927e+00   0.0000000e+00
  -2.7340954e-01  -1.6016771e+00  -1.9465076e+00   1.9278076e-01   1.5971901e+00   0.0000000e+00
  -2.7344050e-01  -1.5996330e+00  -1.9419496e+00   1.9314231e-01   1.5970695e+00   0.0000000e+00
  -2.7326677e-01  -1.5975496e+00  -1.9375118e+00   1.9351048e-01   1.5969893e+00   0.0000000e+00
  -2.7283414e-01  -1.5949642e+00  -1.9322237e+00   1.9396623e-01   1.5969349e+00   0.0000000e+00
  -2.7216294e-01  -1.5923320e+00  -1.9270609e+00   1.9442904e-01   1.5969271e+00   0.0000000e+00
  -2.7127687e-01  -1.5896927e+00  -1.9220870e+00   1.9489207e-01   1.5969633e+00   0.0000000e+00
  -2.7019108e-01  -1.5870515e+00  -1.9172995e+00   1.9535469e-01   1.5970409e+00   0.0000000e+00
  -2.6891585e-01  -1.5844063e+00  -1.9126854e+00   1.9581757e-01   1.5971577e+00   0.0000000e+00
  -2.6745898e-01  -1.5817547e+00  -1.9082331e+00   1.9628140e-01   1.5973122e+00   0.0000000e+00
  -2.6582686e-01  -1.5790948e+00  -1.9039342e+00   1.9674680e-01   1.5975031e+00   0.0000000e+00
  -2.6402484e-01  -1.5764254e+00  -1.8997819e+00   1.9721428e-01   1.5977296e+00   0.0000000e+00
  -2.6205747e-01  -1.5737453e+00  -1.8957710e+00   1.9768427e-01   1.5979907e+00   0.0000000e+00
  -2.5992875e-01  -1.5710539e+00  -1.8918973e+00   1.9815716e-01   1.5982858e+00   0.0000000e+00
  -2.5764219e-01  -1.5683508e+00  -1.8881577e+00   1.9863328e-01   1.5986143e+00   0.0000000e+00
  -2.5520094e-01  -1.5656355e+00  -1.8845495e+00   1.9911294e-01   1.5989759e+00   0.0000000e+00
  -2.5260784e-01  -1.5629080e+00  -1.8810708e+00   1.9959640e-01   1.5993700e+00   0.0000000e+00
  -2.4986548e-01  -1.5601682e+00  -1.8777199e+00   2.0008392e-01   1.5997964e+00   0.0000000e+00
  -2.4697623e-01  -1.5574161e+00  -1.8744955e+00   2.0057571e-01   1.6002547e+00   0.0000000e+00
  -2.4394228e-01  -1.5546520e+00  -1.8713966e+00   2.0107198e-01   1.6007446e+00   0.0000000e+00
  -2.4076567e-01  -1.5518759e+00  -1.8684225e+00   2.0157293e-01   1.6012661e+00   0.0000000e+00
  -2.3744829e-01  -1.5490881e+00  -1.8655726e+00   2.0207872e-01   1.6018189e+00   0.0000000e+00
  -2.3399191e-01  -1.5462890e+00  -1.8628465e+00   2.0258951e-01   1.6024029e+00   0.0000000e+00
  -2.3039820e-01  -1.5434788e+00  -1.8602439e+00   2.0310547e-01   1.6030179e+00   0.0000000e+00
  -2.2666872e-01  -1.5406579e+00  -1.8577647e+00   2.0362674e-01   1.6036638e+00   0.0000000e+00
  -2.2280497e-01  -1.5378266e+00  -1.8554088e+00   2.0415343e-01   1.6043406e+00   0.0000000e+00
  -2.1880835e-01  -1.5349855e+00  -1.8531763e+00   2.0468569e-01   1.6050482e+00   0.0000000e+00
  -2.1468018e-01  -1.5321348e+00  -1.8510672e+00   2.0522361e-01   1.6057866e+00   0.0000000e+00
  -2.1042175e-01  -1.5292752e+00  -1.8490818e+00   2.0576730e-01   1.6065557e+00   0.0000000e+00
  -2.0603425e-01  -1.5264070e+00  -1.8472204e+00   2.0631687e-01   1.6073554e+00   0.0000000e+00
  -2.0151885e-01  -1.5235306e+00  -1.8454833e+00   2.0687240e-01   1.6081859e+00   0.0000000e+00
  -1.9687664e-01  -1.5206467e+00  -1.8438709e+00   2.0743397e-01   1.6090472e+00   0.0000000e+00
  -1.9210867e-01  -1.5177557e+00  -1.8423836e+00   2.0800165e-01   1.6099391e+00   0.0000000e+00
  -1.8721594e-01  -1.5148581e+00  -1.8410220e+00   2.0857552e-01   1.6108619e+00   0.0000000e+00
  -1.8219939e-01  -1.5119545e+00  -1.8397866e+00   2.0915564e-01   1.6118155e+00   0.0000000e+00
  -1.7705992e-01  -1.5090452e+00  -1.8386781e+00   2.0974206e-01   1.6128000e+00   0.0000000e+00
  -1.7179838e-01  -1.5061310e+00  -1.8376972e+00   2.1033484e-01   1.6138155e+00   0.0000000e+00
  -1.6641556e-01  -1.5032122e+00  -1.8368445e+00   2.1093401e-01   1.6148620e+00   0.0000000e+00
  -1.6091220e-01  -1.5002894e+00  -1.8361209e+00   2.1153962e-01   1.6159398e+00   0.0000000e+00
  -1.5528899e-01  -1.4973631e+00  -1.8355274e+00   2.1215171e-01   1.6170488e+00   0.0000000e+00
  -1.4954654e-01  -1.4944339e+00  -1.8350648e+00   2.1277030e-01   1.6181892e+00   0.0000000e+00
  -1.4368538e-01  -1.4915022e+00  -1.8347342e+00   2.1339544e-01   1.6193613e+00   0.0000000e+00
  -1.3770600e-01  -1.4885685e+00  -1.8345367e+00   2.1402713e-01   1.6205650e+00   0.0000000e+00
  -1.3160876e-01  -1.4856333e+00  -1.8344736e+00   2.1466542e-01   1.6218007e+00   0.0000000e+00
  -1.2539393e-01  -1.4826970e+00  -1.8345462e+00   2.1531033e-01   1.6230686e+00   0.0000000e+00
  -1.1906167e-01  -1.4797602e+00  -1.8347559e+00   2.1596189e-01   1.6243688e+00   0.0000000e+00
  -1.1261201e-01  -1.4768231e+00  -1.8351044e+00   2.1662012e-01   1.6257018e+00   0.0000000e+00
  -1.0604479e-01  -1.4738862e+00  -1.8355932e+00   2.1728507e-01   1.6270677e+00   0.0000000e+00
  -9.9359696e-02  -1.4709498e+00  -1.8362245e+00   2.1795677e-01   1.6284671e+00   0.0000000e+00
  -9.2556159e-02  -1.4680141e+00  -1.8370001e+00   2.1863527e-01   1.6299002e+00   0.0000000e+00
  -8.5633356e-02  -1.4650794e+00  -1.8379224e+00   2.1932064e-01   1.6313676e+00   0.0000000e+00
  -7.8590129e-02  -1.4621458e+00  -1.8389938e+00   2.2001295e-01   1.6328698e+00   0.0000000e+00
  -7.1424919e-02  -1.4592134e+00  -1.8402170e+00   2.2071230e-01   1.6344075e+00   0.0000000e+00
  -6.4135670e-02  -1.4562821e+00  -1.8415951e+00   2.2141881e-01   1.6359815e+00   0.0000000e+00
  -5.6719705e-02  -1.4533517e+00  -1.8431311e+00   2.2213264e-01   1.6375927e+00   0.0000000e+00
  -4.9173557e-02  -1.4504218e+00  -1.8448286e+00   2.2285395e-01   1.6392422e+00   0.0000000e+00
  -4.1492745e-02  -1.4474918e+00  -1.8466908e+00   2.2358297e-01   1.6409313e+00   0.0000000e+00
  -3.3671458e-02  -1.4445609e+00  -1.8487208e+00   2.2431992e-01   1.6426614e+00   0.0000000e+00
  -2.5702102e-02  -1.4416281e+00  -1.8509193e+00   2.2506498e-01   1.6444346e+00   0.0000000e+00
  -1.7574666e-02  -1.4386923e+00  -1.8532790e+00   2.2581789e-01   1.6462524e+00   0.0000000e+00
  -9.2740223e-03  -1.4357549e+00  -1.8557475e+00   2.2657593e-01   1.6481154e+00   0.0000000e+00
  -7.7846524e-04  -1.4327995e+00  -1.8584805e+00   2.2734954e-01   1.6500371e+00   0.0000000e+00
   7.9420451e-03  -1.4298143e+00  -1.8615489e+00   2.2814420e-01   1.6520281e+00   0.0000000e+00
   1.6933586e-02  -1.4267895e+00  -1.8649474e+00   2.2896147e-01   1.6540981e+00   0.0000000e+00
   2.6246920e-02  -1.4237139e+00  -1.8686960e+00   2.2980431e-01   1.6562592e+00   0.0000000e+00
   3.5743052e-02  -1.4206378e+00  -1.8727527e+00   2.3065933e-01   1.6584802e+00   0.0000000e+00
   4.4925055e-02  -1.4177194e+00  -1.8768955e+00   2.3148159e-01   1.6606442e+00   0.0000000e+00
   5.3911496e-02  -1.4149158e+00  -1.8811618e+00   2.3228193e-01   1.6627779e+00   0.0000000e+00
   6.2764939e-02  -1.4122040e+00  -1.8855731e+00   2.3306605e-01   1.6648956e+00   0.0000000e+00
   7.1476608e-02  -1.4095838e+00  -1.8901191e+00   2.3383326e-01   1.6669945e+00   0.0000000e+00
   7.9963795e-02  -1.4070764e+00  -1.8947500e+00   2.3457652e-01   1.6690541e+00   0.0000000e+00
   8.8046120e-02  -1.4047300e+00  -1.8993475e+00   2.3528024e-01   1.6710291e+00   0.0000000e+00
   9.5882948e-02  -1.4024933e+00  -1.9039863e+00   2.3595870e-01   1.6729571e+00   0.0000000e+00
   1.0360359e-01  -1.4003264e+00  -1.9087372e+00   2.3662331e-01   1.6748695e+00   0.0000000e+00
   1.1118672e-01  -1.3982335e+00  -1.9135845e+00   2.3727229e-01   1.6767605e+00   0.0000000e+00
   1.1860117e-01  -1.3962211e+00  -1.9185039e+00   2.3790305e-01   1.6786222e+00   0.0000000e+00
   1.2585501e-01  -1.3942848e+00  -1.9234963e+00   2.3851640e-01   1.6804559e+00   0.0000000e+00
   1.3296099e-01  -1.3924192e+00  -1.9285669e+00   2.3911351e-01   1.6822646e+00   0.0000000e+00
   1.3992218e-01  -1.3906219e+00  -1.9337152e+00   2.3969472e-01   1.6840488e+00   0.0000000e+00
   1.4673913e-01  -1.3888911e+00  -1.9389391e+00   2.4026014e-01   1.6858082e+00   0.0000000e+00
   1.5341333e-01  -1.3872248e+00  -1.9442377e+00   2.4080996e-01   1.6875431e+00   0.0000000e+00
   1.5994624e-01  -1.3856212e+00  -1.9496103e+00   2.4134436e-01   1.6892536e+00   0.0000000e+00
   1.6633867e-01  -1.3840788e+00  -1.9550563e+00   2.4186344e-01   1.6909396e+00   0.0000000e+00
   1.7259102e-01  -1.3825961e+00  -1.9605747e+00   2.4236728e-01   1.6926011e+00   0.0000000e+00
   1.7870343e-01  -1.3811720e+00  -1.9661649e+00   2.4285594e-01   1.6942380e+00   0.0000000e+00
   1.8467580e-01  -1.3798053e+00  -1.9718260e+00   2.4332943e-01   1.6958501e+00   0.0000000e+00
   1.9050779e-01  -1.3784949e+00  -1.9775575e+00   2.4378776e-01   1.6974371e+00   0.0000000e+00
   1.9619891e-01  -1.3772400e+00  -1.9833585e+00   2.4423091e-01   1.6989989e+00   0.0000000e+00
   2.0174846e-01  -1.3760396e+00  -1.9892285e+00   2.4465884e-01   1.7005351e+00   0.0000000e+00
   2.0715560e-01  -1.3748930e+00  -1.9951670e+00   2.4507150e-01   1.7020455e+00   0.0000000e+00
   2.1241934e-01  -1.3737994e+00  -2.0011733e+00   2.4546883e-01   1.7035296e+00   0.0000000e+00
   2.1753857e-01  -1.3727583e+00  -2.0072471e+00   2.4585074e-01   1.7049872e+00   0.0000000e+00
   2.2251204e-01  -1.3717691e+00  -2.0133879e+00   2.4621715e-01   1.7064179e+00   0.0000000e+00
   2.2733837e-01  -1.3708312e+00  -2.0195955e+00   2.4656796e-01   1.7078213e+00   0.0000000e+00
   2.3201610e-01  -1.3699442e+00  -2.0258696e+00   2.4690303e-01   1.7091970e+00   0.0000000e+00
   2.3654359e-01  -1.3691076e+00  -2.0322101e+00   2.4722225e-01   1.7105445e+00   0.0000000e+00
   2.4091914e-01  -1.3683212e+00  -2.0386171e+00   2.4752547e-01   1.7118634e+00   0.0000000e+00
   2.4514088e-01  -1.3675846e+00  -2.0450907e+00   2.4781255e-01   1.7131533e+00   0.0000000e+00
   2.4920683e-01  -1.3668976e+00  -2.0516313e+00   2.4808330e-01   1.7144136e+00   0.0000000e+00
   2.5311487e-01  -1.3662601e+00  -2.0582394e+00   2.4833756e-01   1.7156439e+00   0.0000000e+00
   2.5686274e-01  -1.3656719e+00  -2.0649159e+00   2.4857512e-01   1.7168437e+00   0.0000000e+00
   2.6044799e-01  -1.3651329e+00  -2.0716618e+00   2.4879576e-01   1.7180123e+00   0.0000000e+00
   2.6386803e-01  -1.3646434e+00  -2.0784786e+00   2.4899924e-01   1.7191493e+00   0.0000000e+00
   2.6712004e-01  -1.3642032e+00  -2.0853683e+00   2.4918531e-01   1.7202542e+00   0.0000000e+00
   2.7020099e-01  -1.3638128e+00  -2.0923335e+00   2.4935368e-01   1.7213262e+00   0.0000000e+00
   2.7310758e-01  -1.3634724e+00  -2.0993776e+00   2.4950401e-01   1.7223649e+00   0.0000000e+00
   2.7583623e-01  -1.3631826e+00  -2.1065048e+00   2.4963594e-01   1.7233696e+00   0.0000000e+00
   2.7838301e-01  -1.3629439e+00  -2.1137210e+00   2.4974905e-01   1.7243396e+00   0.0000000e+00
   2.8074355e-01  -1.3627573e+00  -2.1210336e+00   2.4984284e-01   1.7252745e+00   0.0000000e+00
   2.8291303e-01  -1.3626239e+00  -2.1284529e+00   2.4991673e-01   1.7261736e+00   0.0000000e+00
   2.8488599e-01  -1.3625453e+00  -2.1359929e+00   2.4996999e-01   1.7270364e+00   0.0000000e+00
   2.8665626e-01  -1.3625236e+00  -2.1436736e+00   2.5000173e-01   1.7278625e+00   0.0000000e+00
   2.8821677e-01  -1.3625617e+00  -2.1515253e+00   2.5001074e-01   1.7286521e+00   0.0000000e+00
   2.8955946e-01  -1.3626640e+00  -2.1595962e+00   2.4999533e-01   1.7294059e+00   0.0000000e+00
   2.9067482e-01  -1.3628374e+00  -2.1679684e+00   2.4995290e-01   1.7301262e+00   0.0000000e+00
   2.9153408e-01  -1.3630890e+00  -2.1765778e+00   2.4988070e-01   1.7308026e+00   0.0000000e+00
   2.9212686e-01  -1.3634043e+00  -2.1849135e+00   2.4978283e-01   1.7314030e+00   0.0000000e+00
   2.9248359e-01  -1.3637750e+00  -2.1929467e+00   2.4966236e-01   1.7319323e+00   0.0000000e+00
   2.9244737e-01  -1.3642036e+00  -2.2009519e+00   2.4951818e-01   1.7323745e+00   0.0000000e+00
   2.9205909e-01  -1.3646794e+00  -2.2087491e+00   2.4935409e-01   1.7327278e+00   0.0000000e+00
   2.9138702e-01  -1.3651886e+00  -2.2161889e+00   2.4917532e-01   1.7329980e+00   0.0000000e+00
   2.9044746e-01  -1.3657404e+00  -2.2234631e+00   2.4897904e-01   1.7331991e+00   0.0000000e+00
   2.8926303e-01  -1.3663293e+00  -2.2305369e+00   2.4876744e-01   1.7333342e+00   0.0000000e+00
   2.8784834e-01  -1.3669531e+00  -2.2374205e+00   2.4854151e-01   1.7334067e+00   0.0000000e+00
   2.8621405e-01  -1.3676105e+00  -2.2441281e+00   2.4830196e-01   1.7334197e+00   0.0000000e+00
   2.8436855e-01  -1.3683004e+00  -2.2506716e+00   2.4804938e-01   1.7333758e+00   0.0000000e+00
   2.8231876e-01  -1.3690217e+00  -2.2570602e+00   2.4778435e-01   1.7332767e+00   0.0000000e+00
   2.8007058e-01  -1.3697736e+00  -2.2633012e+00   2.4750736e-01   1.7331242e+00   0.0000000e+00
   2.7762910e-01  -1.3705551e+00  -2.2694002e+00   2.4721894e-01   1.7329195e+00   0.0000000e+00
   2.7499882e-01  -1.3713655e+00  -2.2753615e+00   2.4691953e-01   1.7326640e+00   0.0000000e+00
   2.7218378e-01  -1.3722041e+00  -2.2811885e+00   2.4660961e-01   1.7323585e+00   0.0000000e+00
   2.6918760e-01  -1.3730701e+00  -2.2868839e+00   2.4628961e-01   1.7320039e+00   0.0000000e+00
   2.6601361e-01  -1.3739628e+00  -2.2924495e+00   2.4595997e-01   1.7316011e+00   0.0000000e+00
   2.6266485e-01  -1.3748817e+00  -2.2978869e+00   2.4562110e-01   1.7311506e+00   0.0000000e+00
   2.5914414e-01  -1.3758260e+00  -2.3031971e+00   2.4527341e-01   1.7306533e+00   0.0000000e+00
   2.5545411e-01  -1.3767953e+00  -2.3083809e+00   2.4491732e-01   1.7301095e+00   0.0000000e+00
   2.5159722e-01  -1.3777890e+00  -2.3134386e+00   2.4455322e-01   1.7295199e+00   0.0000000e+00
   2.4654725e-01  -1.3790646e+00  -2.3195845e+00   2.4408737e-01   1.7287196e+00   0.0000000e+00
   2.4123866e-01  -1.3803758e+00  -2.3255315e+00   2.4361060e-01   1.7278479e+00   0.0000000e+00
   2.3568093e-01  -1.3817223e+00  -2.3312822e+00   2.4312334e-01   1.7269070e+00   0.0000000e+00
   2.2988630e-01  -1.3831036e+00  -2.3368368e+00   2.4262624e-01   1.7258994e+00   0.0000000e+00
   2.2384725e-01  -1.3845179e+00  -2.3421917e+00   2.4212031e-01   1.7248234e+00   0.0000000e+00
   2.1756436e-01  -1.3859635e+00  -2.3473431e+00   2.4160650e-01   1.7236789e+00   0.0000000e+00
   2.1104640e-01  -1.3874405e+00  -2.3522926e+00   2.4108522e-01   1.7224679e+00   0.0000000e+00
   2.0430292e-01  -1.3889487e+00  -2.3570412e+00   2.4055691e-01   1.7211925e+00   0.0000000e+00
   1.9732741e-01  -1.3904859e+00  -2.3615824e+00   2.4002278e-01   1.7198512e+00   0.0000000e+00
   1.9011981e-01  -1.3920506e+00  -2.3659116e+00   2.3948378e-01   1.7184437e+00   0.0000000e+00
   1.8268832e-01  -1.3936426e+00  -2.3700295e+00   2.3894032e-01   1.7169719e+00   0.0000000e+00
   1.7503924e-01  -1.3952624e+00  -2.3739382e+00   2.3839264e-01   1.7154374e+00   0.0000000e+00
   1.6716759e-01  -1.3969071e+00  -2.3776285e+00   2.3784217e-01   1.7138389e+00   0.0000000e+00
   1.5907263e-01  -1.3985752e+00  -2.3810952e+00   2.3728987e-01   1.7121762e+00   0.0000000e+00
   1.5076181e-01  -1.4002666e+00  -2.3843383e+00   2.3673617e-01   1.7104509e+00   0.0000000e+00
   1.4223677e-01  -1.4019822e+00  -2.3873601e+00   2.3618111e-01   1.7086638e+00   0.0000000e+00
   1.3349457e-01  -1.4037186e+00  -2.3901493e+00   2.3562633e-01   1.7068141e+00   0.0000000e+00
   1.2634437e-01  -1.4051221e+00  -2.3922106e+00   2.3518320e-01   1.7052891e+00   0.0000000e+00
   1.1905567e-01  -1.4065382e+00  -2.3941191e+00   2.3474098e-01   1.7037243e+00   0.0000000e+00
   1.1162797e-01  -1.4079664e+00  -2.3958726e+00   2.3430007e-01   1.7021195e+00   0.0000000e+00
   1.0406041e-01  -1.4094063e+00  -2.3974682e+00   2.3386086e-01   1.7004747e+00   0.0000000e+00
   9.6351697e-02  -1.4108573e+00  -2.3989033e+00   2.3342373e-01   1.6987895e+00   0.0000000e+00
   8.8500042e-02  -1.4123191e+00  -2.4001746e+00   2.3298905e-01   1.6970636e+00   0.0000000e+00
   8.0502996e-02  -1.4137914e+00  -2.4012787e+00   2.3255720e-01   1.6952966e+00   0.0000000e+00
   7.2357308e-02  -1.4152739e+00  -2.4022120e+00   2.3212853e-01   1.6934878e+00   0.0000000e+00
   6.4058704e-02  -1.4167663e+00  -2.4029701e+00   2.3170338e-01   1.6916362e+00   0.0000000e+00
   5.5601584e-02  -1.4182689e+00  -2.4035484e+00   2.3128205e-01   1.6897407e+00   0.0000000e+00
   4.6978604e-02  -1.4197817e+00  -2.4039416e+00   2.3086483e-01   1.6877997e+00   0.0000000e+00
   3.8180058e-02  -1.4213053e+00  -2.4041433e+00   2.3045192e-01   1.6858109e+00   0.0000000e+00
   2.9192951e-02  -1.4228407e+00  -2.4041463e+00   2.3004343e-01   1.6837716e+00   0.0000000e+00
   1.9999543e-02  -1.4243899e+00  -2.4039420e+00   2.2963930e-01   1.6816775e+00   0.0000000e+00
   1.0574897e-02  -1.4259557e+00  -2.4035196e+00   2.2923924e-01   1.6795230e+00   0.0000000e+00
   8.8246144e-04  -1.4275436e+00  -2.4028660e+00   2.2884239e-01   1.6772996e+00   0.0000000e+00
  -9.1348220e-03  -1.4291636e+00  -2.4019641e+00   2.2844679e-01   1.6749941e+00   0.0000000e+00
  -1.9575450e-02  -1.4308415e+00  -2.4007978e+00   2.2804635e-01   1.6725833e+00   0.0000000e+00
  -2.7780948e-02  -1.4321776e+00  -2.3997497e+00   2.2773231e-01   1.6706830e+00   0.0000000e+00
  -3.6365636e-02  -1.4335276e+00  -2.3984476e+00   2.2742455e-01   1.6686902e+00   0.0000000e+00
  -4.5694350e-02  -1.4349235e+00  -2.3967990e+00   2.2711812e-01   1.6665208e+00   0.0000000e+00
  -5.4419363e-02  -1.4361803e+00  -2.3950465e+00   2.2685261e-01   1.6644874e+00   0.0000000e+00
  -6.2463516e-02  -1.4372970e+00  -2.3932444e+00   2.2662611e-01   1.6626089e+00   0.0000000e+00
  -7.1940494e-02  -1.4385714e+00  -2.3909195e+00   2.2637783e-01   1.6603920e+00   0.0000000e+00
  -8.0530241e-02  -1.4396869e+00  -2.3886160e+00   2.2617061e-01   1.6583790e+00   0.0000000e+00
  -8.9181913e-02  -1.4407705e+00  -2.3861045e+00   2.2597944e-01   1.6563481e+00   0.0000000e+00
  -9.7948449e-02  -1.4418260e+00  -2.3833615e+00   2.2580401e-01   1.6542870e+00   0.0000000e+00
  -1.0650670e-01  -1.4428143e+00  -2.3804893e+00   2.2565061e-01   1.6522717e+00   0.0000000e+00
  -1.1481278e-01  -1.4437323e+00  -2.3775152e+00   2.2551889e-01   1.6503131e+00   0.0000000e+00
  -1.2295019e-01  -1.4445905e+00  -2.3744193e+00   2.2540664e-01   1.6483916e+00   0.0000000e+00
  -1.3094635e-01  -1.4453921e+00  -2.3711974e+00   2.2531296e-01   1.6465010e+00   0.0000000e+00
  -1.3879098e-01  -1.4461365e+00  -2.3678590e+00   2.2523748e-01   1.6446439e+00   0.0000000e+00
  -1.4648218e-01  -1.4468238e+00  -2.3644106e+00   2.2517971e-01   1.6428209e+00   0.0000000e+00
  -1.5402537e-01  -1.4474549e+00  -2.3608547e+00   2.2513915e-01   1.6410307e+00   0.0000000e+00
  -1.6142414e-01  -1.4480303e+00  -2.3571944e+00   2.2511536e-01   1.6392727e+00   0.0000000e+00
  -1.6868008e-01  -1.4485503e+00  -2.3534330e+00   2.2510794e-01   1.6375465e+00   0.0000000e+00
  -1.7579451e-01  -1.4490149e+00  -2.3495738e+00   2.2511651e-01   1.6358519e+00   0.0000000e+00
  -1.8276860e-01  -1.4494244e+00  -2.3456197e+00   2.2514072e-01   1.6341887e+00   0.0000000e+00
  -1.8960324e-01  -1.4497787e+00  -2.3415736e+00   2.2518025e-01   1.6325566e+00   0.0000000e+00
  -1.9629904e-01  -1.4500779e+00  -2.3374382e+00   2.2523480e-01   1.6309555e+00   0.0000000e+00
  -2.0285636e-01  -1.4503219e+00  -2.3332163e+00   2.2530406e-01   1.6293854e+00   0.0000000e+00
  -2.0927541e-01  -1.4505104e+00  -2.3289105e+00   2.2538777e-01   1.6278461e+00   0.0000000e+00
  -2.1555624e-01  -1.4506434e+00  -2.3245232e+00   2.2548567e-01   1.6263377e+00   0.0000000e+00
  -2.2169872e-01  -1.4507207e+00  -2.3200569e+00   2.2559750e-01   1.6248601e+00   0.0000000e+00
  -2.2770261e-01  -1.4507419e+00  -2.3155139e+00   2.2572304e-01   1.6234134e+00   0.0000000e+00
  -2.3356757e-01  -1.4507068e+00  -2.3108966e+00   2.2586205e-01   1.6219975e+00   0.0000000e+00
  -2.3929312e-01  -1.4506150e+00  -2.3062072e+00   2.2601434e-01   1.6206126e+00   0.0000000e+00
  -2.4487869e-01  -1.4504661e+00  -2.3014478e+00   2.2617971e-01   1.6192587e+00   0.0000000e+00
  -2.5032362e-01  -1.4502598e+00  -2.2966205e+00   2.2635797e-01   1.6179360e+00   0.0000000e+00
  -2.5562716e-01  -1.4499955e+00  -2.2917275e+00   2.2654896e-01   1.6166444e+00   0.0000000e+00
  -2.6078847e-01  -1.4496728e+00  -2.2867706e+00   2.2675251e-01   1.6153842e+00   0.0000000e+00
  -2.6580661e-01  -1.4492911e+00  -2.2817519e+00   2.2696850e-01   1.6141555e+00   0.0000000e+00
  -2.7068057e-01  -1.4488499e+00  -2.2766730e+00   2.2719678e-01   1.6129584e+00   0.0000000e+00
  -2.7540926e-01  -1.4483484e+00  -2.2715359e+00   2.2743726e-01   1.6117931e+00   0.0000000e+00
  -2.7999147e-01  -1.4477859e+00  -2.2663422e+00   2.2768984e-01   1.6106598e+00   0.0000000e+00
  -2.8442592e-01  -1.4471618e+00  -2.2610935e+00   2.2795445e-01   1.6095588e+00   0.0000000e+00
  -2.8871122e-01  -1.4464750e+00  -2.2557912e+00   2.2823105e-01   1.6084901e+00   0.0000000e+00
  -2.9284588e-01  -1.4457248e+00  -2.2504369e+00   2.2851960e-01   1.6074542e+00   0.0000000e+00
  -2.9682831e-01  -1.4449100e+00  -2.2450316e+00   2.2882011e-01   1.6064512e+00   0.0000000e+00
  -3.0065677e-01  -1.4440296e+00  -2.2395766e+00   2.2913260e-01   1.6054814e+00   0.0000000e+00
  -3.0432940e-01  -1.4430822e+00  -2.2340726e+00   2.2945715e-01   1.6045453e+00   0.0000000e+00
  -3.0784420e-01  -1.4420665e+00  -2.2285203e+00   2.2979385e-01   1.6036430e+00   0.0000000e+00
  -3.1119900e-01  -1.4409809e+00  -2.2229202e+00   2.3014286e-01   1.6027751e+00   0.0000000e+00
  -3.1439143e-01  -1.4398235e+00  -2.2172721e+00   2.3050438e-01   1.6019420e+00   0.0000000e+00
  -3.1741894e-01  -1.4385923e+00  -2.2115758e+00   2.3087868e-01   1.6011440e+00   0.0000000e+00
  -3.2027872e-01  -1.4372849e+00  -2.2058302e+00   2.3126610e-01   1.6003818e+00   0.0000000e+00
  -3.2296769e-01  -1.4358984e+00  -2.2000335e+00   2.3166710e-01   1.5996558e+00   0.0000000e+00
  -3.2548244e-01  -1.4344297e+00  -2.1941829e+00   2.3208223e-01   1.5989667e+00   0.0000000e+00
  -3.2781919e-01  -1.4328745e+00  -2.1882743e+00   2.3251223e-01   1.5983152e+00   0.0000000e+00
  -3.2997372e-01  -1.4312279e+00  -2.1823016e+00   2.3295806e-01   1.5977019e+00   0.0000000e+00
  -3.3194127e-01  -1.4294836e+00  -2.1762556e+00   2.3342097e-01   1.5971276e+00   0.0000000e+00
  -3.3371643e-01  -1.4276331e+00  -2.1701227e+00   2.3390270e-01   1.5965932e+00   0.0000000e+00
  -3.3529307e-01  -1.4256647e+00  -2.1638816e+00   2.3440572e-01   1.5960994e+00   0.0000000e+00
  -3.3666434e-01  -1.4235610e+00  -2.1574968e+00   2.3493380e-01   1.5956469e+00   0.0000000e+00
  -3.3782317e-01  -1.4212923e+00  -2.1509022e+00   2.3549346e-01   1.5952355e+00   0.0000000e+00
  -3.3853987e-01  -1.4194708e+00  -2.1457875e+00   2.3593620e-01   1.5949557e+00   0.0000000e+00
  -3.3912692e-01  -1.4175418e+00  -2.1405273e+00   2.3639923e-01   1.5947006e+00   0.0000000e+00
  -3.3958694e-01  -1.4156666e+00  -2.1354582e+00   2.3684405e-01   1.5944765e+00   0.0000000e+00
  -3.3989456e-01  -1.4132061e+00  -2.1291078e+00   2.3742010e-01   1.5942549e+00   0.0000000e+00
  -3.3982562e-01  -1.4107017e+00  -2.1231241e+00   2.3799879e-01   1.5941271e+00   0.0000000e+00
  -3.3945148e-01  -1.4081402e+00  -2.1173543e+00   2.3858403e-01   1.5940728e+00   0.0000000e+00
  -3.3881317e-01  -1.4055558e+00  -2.1118224e+00   2.3916852e-01   1.5940833e+00   0.0000000e+00
  -3.3792839e-01  -1.4029387e+00  -2.1064813e+00   2.3975502e-01   1.5941537e+00   0.0000000e+00
  -3.3681461e-01  -1.4002990e+00  -2.1013346e+00   2.4034179e-01   1.5942802e+00   0.0000000e+00
  -3.3548387e-01  -1.3976372e+00  -2.0963703e+00   2.4092918e-01   1.5944601e+00   0.0000000e+00
  -3.3394519e-01  -1.3949522e+00  -2.0915765e+00   2.4151784e-01   1.5946912e+00   0.0000000e+00
  -3.3220583e-01  -1.3922432e+00  -2.0869436e+00   2.4210832e-01   1.5949721e+00   0.0000000e+00
  -3.3027178e-01  -1.3895098e+00  -2.0824642e+00   2.4270112e-01   1.5953013e+00   0.0000000e+00
  -3.2814815e-01  -1.3867515e+00  -2.0781321e+00   2.4329663e-01   1.5956779e+00   0.0000000e+00
  -3.2583932e-01  -1.3839682e+00  -2.0739428e+00   2.4389519e-01   1.5961009e+00   0.0000000e+00
  -3.2334913e-01  -1.3811602e+00  -2.0698922e+00   2.4449707e-01   1.5965697e+00   0.0000000e+00
  -3.2068099e-01  -1.3783275e+00  -2.0659774e+00   2.4510254e-01   1.5970838e+00   0.0000000e+00
  -3.1783796e-01  -1.3754705e+00  -2.0621956e+00   2.4571178e-01   1.5976426e+00   0.0000000e+00
  -3.1482277e-01  -1.3725895e+00  -2.0585449e+00   2.4632500e-01   1.5982457e+00   0.0000000e+00
  -3.1163791e-01  -1.3696851e+00  -2.0550233e+00   2.4694234e-01   1.5988929e+00   0.0000000e+00
  -3.0828567e-01  -1.3667578e+00  -2.0516295e+00   2.4756394e-01   1.5995839e+00   0.0000000e+00
  -3.0476812e-01  -1.3638080e+00  -2.0483623e+00   2.4818994e-01   1.6003184e+00   0.0000000e+00
  -3.0108719e-01  -1.3608365e+00  -2.0452205e+00   2.4882043e-01   1.6010964e+00   0.0000000e+00
  -2.9724467e-01  -1.3578439e+00  -2.0422035e+00   2.4945552e-01   1.6019177e+00   0.0000000e+00
  -2.9221325e-01  -1.3540727e+00  -2.0386095e+00   2.5025640e-01   1.6030062e+00   0.0000000e+00
  -2.8693443e-01  -1.3502704e+00  -2.0352068e+00   2.5106481e-01   1.6041623e+00   0.0000000e+00
  -2.8142068e-01  -1.3464434e+00  -2.0319906e+00   2.5187961e-01   1.6053834e+00   0.0000000e+00
  -2.7566241e-01  -1.3425870e+00  -2.0289671e+00   2.5270246e-01   1.6066730e+00   0.0000000e+00
  -2.6965915e-01  -1.3387016e+00  -2.0261389e+00   2.5353374e-01   1.6080318e+00   0.0000000e+00
  -2.6341866e-01  -1.3347910e+00  -2.0235000e+00   2.5437283e-01   1.6094587e+00   0.0000000e+00
  -2.5695170e-01  -1.3308608e+00  -2.0210454e+00   2.5521873e-01   1.6109514e+00   0.0000000e+00
  -2.5024899e-01  -1.3269073e+00  -2.0187827e+00   2.5607282e-01   1.6125133e+00   0.0000000e+00
  -2.4330957e-01  -1.3229309e+00  -2.0167147e+00   2.5693541e-01   1.6141456e+00   0.0000000e+00
  -2.3614080e-01  -1.3189357e+00  -2.0148363e+00   2.5780583e-01   1.6158470e+00   0.0000000e+00
  -2.2875155e-01  -1.3149261e+00  -2.0131426e+00   2.5868320e-01   1.6176158e+00   0.0000000e+00
  -2.2113342e-01  -1.3108996e+00  -2.0116418e+00   2.5956867e-01   1.6194553e+00   0.0000000e+00
  -2.1328510e-01  -1.3068566e+00  -2.0103371e+00   2.6046245e-01   1.6213667e+00   0.0000000e+00
  -2.0521361e-01  -1.3028010e+00  -2.0092239e+00   2.6136383e-01   1.6233489e+00   0.0000000e+00
  -1.9692549e-01  -1.2987362e+00  -2.0082982e+00   2.6227217e-01   1.6254010e+00   0.0000000e+00
  -1.8841367e-01  -1.2946607e+00  -2.0075683e+00   2.6318829e-01   1.6275257e+00   0.0000000e+00
  -1.7967648e-01  -1.2905750e+00  -2.0070375e+00   2.6411235e-01   1.6297246e+00   0.0000000e+00
  -1.7072056e-01  -1.2864829e+00  -2.0067026e+00   2.6504364e-01   1.6319966e+00   0.0000000e+00
  -1.6154908e-01  -1.2823860e+00  -2.0065605e+00   2.6598183e-01   1.6343417e+00   0.0000000e+00
  -1.5215683e-01  -1.2782843e+00  -2.0066195e+00   2.6692739e-01   1.6367622e+00   0.0000000e+00
  -1.4254150e-01  -1.2741782e+00  -2.0068836e+00   2.6788044e-01   1.6392598e+00   0.0000000e+00
  -1.3270899e-01  -1.2700711e+00  -2.0073507e+00   2.6884030e-01   1.6418338e+00   0.0000000e+00
  -1.2265712e-01  -1.2659626e+00  -2.0080202e+00   2.6980714e-01   1.6444854e+00   0.0000000e+00
  -1.1238303e-01  -1.2618539e+00  -2.0088999e+00   2.7078101e-01   1.6472167e+00   0.0000000e+00
  -1.0188291e-01  -1.2577455e+00  -2.0099946e+00   2.7176200e-01   1.6500296e+00   0.0000000e+00
  -9.3321519e-02  -1.2544599e+00  -2.0110242e+00   2.7255173e-01   1.6523388e+00   0.0000000e+00
  -8.4613493e-02  -1.2511754e+00  -2.0121938e+00   2.7334597e-01   1.6547019e+00   0.0000000e+00
  -7.5756471e-02  -1.2478919e+00  -2.0135057e+00   2.7414477e-01   1.6571200e+00   0.0000000e+00
  -6.6747447e-02  -1.2446095e+00  -2.0149618e+00   2.7494818e-01   1.6595944e+00   0.0000000e+00
  -5.7582608e-02  -1.2413280e+00  -2.0165642e+00   2.7575630e-01   1.6621266e+00   0.0000000e+00
  -4.8257111e-02  -1.2380472e+00  -2.0183141e+00   2.7656919e-01   1.6647184e+00   0.0000000e+00
  -3.8764777e-02  -1.2347670e+00  -2.0202105e+00   2.7738685e-01   1.6673718e+00   0.0000000e+00
  -3.4061623e-02  -1.2331641e+00  -2.0211888e+00   2.7778811e-01   1.6686918e+00   0.0000000e+00
