   0.0000000e+00  -2.0943951e+00  -1.0471976e+00   0.0000000e+00   1.5707963e+00   0.0000000e+00
   2.3881911e-03  -2.1508530e+00  -7.8487586e-01  -8.0994886e-02   1.5534803e+00   0.0000000e+00
   6.4467590e-03  -2.1519397e+00  -7.7603746e-01  -8.4119060e-02   1.5533178e+00   0.0000000e+00
   1.0925634e-02  -2.1498069e+00  -7.7850675e-01  -8.2689485e-02   1.5540627e+00   0.0000000e+00
   1.5331480e-02  -2.1471174e+00  -7.8315331e-01  -8.0407869e-02   1.5549645e+00   0.0000000e+00
   1.9675094e-02  -2.1441936e+00  -7.8883395e-01  -7.7745998e-02   1.5559368e+00   0.0000000e+00
   2.4490839e-02  -2.1408021e+00  -7.9581284e-01  -7.4562993e-02   1.5570655e+00   0.0000000e+00
   2.9442736e-02  -2.1371932e+00  -8.0358755e-01  -7.1102434e-02   1.5582700e+00   0.0000000e+00
   3.4368358e-02  -2.1334924e+00  -8.1189020e-01  -6.7492488e-02   1.5595094e+00   0.0000000e+00
   3.9208711e-02  -2.1297549e+00  -8.2058484e-01  -6.3796605e-02   1.5607656e+00   0.0000000e+00
   4.3956517e-02  -2.1259981e+00  -8.2961577e-01  -6.0041154e-02   1.5620332e+00   0.0000000e+00
   4.8628025e-02  -2.1222159e+00  -8.3899132e-01  -5.6226278e-02   1.5633144e+00   0.0000000e+00
   5.3227591e-02  -2.1184118e+00  -8.4869821e-01  -5.2361141e-02   1.5646084e+00   0.0000000e+00
   5.7759181e-02  -2.1145912e+00  -8.5871611e-01  -4.8457154e-02   1.5659139e+00   0.0000000e+00
   6.2222274e-02  -2.1107630e+00  -8.6901602e-01  -4.4528681e-02   1.5672282e+00   0.0000000e+00
   6.6622507e-02  -2.1069265e+00  -8.7960218e-01  -4.0577775e-02   1.5685520e+00   0.0000000e+00
   7.0960367e-02  -2.1030862e+00  -8.9046380e-01  -3.6612003e-02   1.5698842e+00   0.0000000e+00
   7.5236948e-02  -2.0992483e+00  -9.0158253e-01  -3.2641051e-02   1.5712233e+00   0.0000000e+00
   7.9451779e-02  -2.0954204e+00  -9.1293614e-01  -2.8675529e-02   1.5725673e+00   0.0000000e+00
   8.3605591e-02  -2.0916043e+00  -9.2452529e-01  -2.4718313e-02   1.5739160e+00   0.0000000e+00
   8.7697325e-02  -2.0878051e+00  -9.3634077e-01  -2.0775412e-02   1.5752683e+00   0.0000000e+00
   9.1726930e-02  -2.0840289e+00  -9.4836569e-01  -1.6854797e-02   1.5766227e+00   0.0000000e+00
   9.5694414e-02  -2.0802821e+00  -9.6058318e-01  -1.2963994e-02   1.5779778e+00   0.0000000e+00
   9.9597765e-02  -2.0765683e+00  -9.7299124e-01  -9.1060413e-03   1.5793328e+00   0.0000000e+00
   1.0343509e-01  -2.0728924e+00  -9.8558204e-01  -5.2855174e-03   1.5806868e+00   0.0000000e+00
   1.0720577e-01  -2.0692606e+00  -9.9833987e-01  -1.5088232e-03   1.5820383e+00   0.0000000e+00
   1.1091157e-01  -2.0656768e+00  -1.0112571e+00   2.2203483e-03   1.5833868e+00   0.0000000e+00
   1.1455483e-01  -2.0621396e+00  -1.0243525e+00   5.9053210e-03   1.5847335e+00   0.0000000e+00
   1.1813239e-01  -2.0586546e+00  -1.0376195e+00   9.5421767e-03   1.5860775e+00   0.0000000e+00
   1.2164244e-01  -2.0552286e+00  -1.0510427e+00   1.3125072e-02   1.5874172e+00   0.0000000e+00
   1.2508651e-01  -2.0518652e+00  -1.0646188e+00   1.6651706e-02   1.5887524e+00   0.0000000e+00
   1.2845757e-01  -2.0485716e+00  -1.0783377e+00   2.0117609e-02   1.5900811e+00   0.0000000e+00
   1.3175204e-01  -2.0453535e+00  -1.0921942e+00   2.3519922e-02   1.5914026e+00   0.0000000e+00
   1.3496807e-01  -2.0422175e+00  -1.1061739e+00   2.6854065e-02   1.5927152e+00   0.0000000e+00
   1.3810728e-01  -2.0391664e+00  -1.1202773e+00   3.0119176e-02   1.5940192e+00   0.0000000e+00
   1.4116134e-01  -2.0362087e+00  -1.1344920e+00   3.3310932e-02   1.5953123e+00   0.0000000e+00
   1.4412605e-01  -2.0333502e+00  -1.1488134e+00   3.6427193e-02   1.5965937e+00   0.0000000e+00
   1.4699919e-01  -2.0305973e+00  -1.1632274e+00   3.9464200e-02   1.5978618e+00   0.0000000e+00
   1.4978233e-01  -2.0279528e+00  -1.1777385e+00   4.2422325e-02   1.5991171e+00   0.0000000e+00
   1.5246589e-01  -2.0254257e+00  -1.1923321e+00   4.5297349e-02   1.6003572e+00   0.0000000e+00
   1.5504496e-01  -2.0230225e+00  -1.2070042e+00   4.8087687e-02   1.6015811e+00   0.0000000e+00
   1.5751683e-01  -2.0207494e+00  -1.2217410e+00   5.0790278e-02   1.6027873e+00   0.0000000e+00
   1.5988267e-01  -2.0186092e+00  -1.2365522e+00   5.3406539e-02   1.6039765e+00   0.0000000e+00
   1.6213167e-01  -2.0166119e+00  -1.2514202e+00   5.5932243e-02   1.6051460e+00   0.0000000e+00
   1.6425793e-01  -2.0147645e+00  -1.2663423e+00   5.8366172e-02   1.6062947e+00   0.0000000e+00
   1.6625800e-01  -2.0130735e+00  -1.2813049e+00   6.0705839e-02   1.6074212e+00   0.0000000e+00
   1.6813208e-01  -2.0115417e+00  -1.2963246e+00   6.2953553e-02   1.6085263e+00   0.0000000e+00
   1.6953111e-01  -2.0104395e+00  -1.3083648e+00   6.4682035e-02   1.6093927e+00   0.0000000e+00
   1.7083951e-01  -2.0094497e+00  -1.3204285e+00   6.6348635e-02   1.6102431e+00   0.0000000e+00
   1.7205392e-01  -2.0085763e+00  -1.3325139e+00   6.7952712e-02   1.6110769e+00   0.0000000e+00
   1.7317082e-01  -2.0078235e+00  -1.3446193e+00   6.9493635e-02   1.6118935e+00   0.0000000e+00
   1.7418648e-01  -2.0071955e+00  -1.3567435e+00   7.0970765e-02   1.6126922e+00   0.0000000e+00
   1.7509698e-01  -2.0066968e+00  -1.3688852e+00   7.2383455e-02   1.6134723e+00   0.0000000e+00
   1.7589823e-01  -2.0063323e+00  -1.3810435e+00   7.3731027e-02   1.6142330e+00   0.0000000e+00
   1.7658602e-01  -2.0061069e+00  -1.3932175e+00   7.5012764e-02   1.6149738e+00   0.0000000e+00
   1.7715625e-01  -2.0060260e+00  -1.4054063e+00   7.6227881e-02   1.6156938e+00   0.0000000e+00
   1.7760547e-01  -2.0060953e+00  -1.4176089e+00   7.7375501e-02   1.6163923e+00   0.0000000e+00
   1.7793245e-01  -2.0063210e+00  -1.4298236e+00   7.8454615e-02   1.6170690e+00   0.0000000e+00
   1.7815094e-01  -2.0067100e+00  -1.4420484e+00   7.9464009e-02   1.6177250e+00   0.0000000e+00
   1.7826219e-01  -2.0072689e+00  -1.4542728e+00   8.0401849e-02   1.6183596e+00   0.0000000e+00
   1.7816052e-01  -2.0079996e+00  -1.4664671e+00   8.1265854e-02   1.6189591e+00   0.0000000e+00
   1.7784803e-01  -2.0089086e+00  -1.4786348e+00   8.2055675e-02   1.6195236e+00   0.0000000e+00
   1.7733226e-01  -2.0100049e+00  -1.4907919e+00   8.2771390e-02   1.6200545e+00   0.0000000e+00
   1.7662018e-01  -2.0112768e+00  -1.5027552e+00   8.3402540e-02   1.6205435e+00   0.0000000e+00
   1.7574617e-01  -2.0126709e+00  -1.5141311e+00   8.3934343e-02   1.6209764e+00   0.0000000e+00
   1.7471723e-01  -2.0141827e+00  -1.5250241e+00   8.4379747e-02   1.6213600e+00   0.0000000e+00
   1.7353923e-01  -2.0158061e+00  -1.5354902e+00   8.4747598e-02   1.6216982e+00   0.0000000e+00
   1.7223502e-01  -2.0175102e+00  -1.5454306e+00   8.5041193e-02   1.6219901e+00   0.0000000e+00
   1.7087436e-01  -2.0192127e+00  -1.5545206e+00   8.5261106e-02   1.6222306e+00   0.0000000e+00
   1.6945569e-01  -2.0209246e+00  -1.5629694e+00   8.5422852e-02   1.6224301e+00   0.0000000e+00
   1.6791746e-01  -2.0227203e+00  -1.5712123e+00   8.5540081e-02   1.6226009e+00   0.0000000e+00
   1.6624193e-01  -2.0246159e+00  -1.5793335e+00   8.5615451e-02   1.6227446e+00   0.0000000e+00
   1.6444929e-01  -2.0265848e+00  -1.5872299e+00   8.5649591e-02   1.6228596e+00   0.0000000e+00
   1.6255131e-01  -2.0286113e+00  -1.5948640e+00   8.5644922e-02   1.6229458e+00   0.0000000e+00
   1.6054569e-01  -2.0306952e+00  -1.6022595e+00   8.5604094e-02   1.6230044e+00   0.0000000e+00
   1.5842954e-01  -2.0328362e+00  -1.6094362e+00   8.5529329e-02   1.6230361e+00   0.0000000e+00
   1.5620395e-01  -2.0350299e+00  -1.6163967e+00   8.5422754e-02   1.6230414e+00   0.0000000e+00
   1.5387091e-01  -2.0372707e+00  -1.6231411e+00   8.5286493e-02   1.6230207e+00   0.0000000e+00
   1.5143136e-01  -2.0395541e+00  -1.6296726e+00   8.5122574e-02   1.6229747e+00   0.0000000e+00
   1.4888576e-01  -2.0418761e+00  -1.6359951e+00   8.4932929e-02   1.6229037e+00   0.0000000e+00
   1.4623470e-01  -2.0442324e+00  -1.6421118e+00   8.4719439e-02   1.6228083e+00   0.0000000e+00
   1.4347888e-01  -2.0466183e+00  -1.6480252e+00   8.4483945e-02   1.6226887e+00   0.0000000e+00
   1.4061894e-01  -2.0490295e+00  -1.6537376e+00   8.4228242e-02   1.6225456e+00   0.0000000e+00
   1.3765545e-01  -2.0514613e+00  -1.6592514e+00   8.3954077e-02   1.6223791e+00   0.0000000e+00
   1.3458896e-01  -2.0539093e+00  -1.6645687e+00   8.3663163e-02   1.6221898e+00   0.0000000e+00
   1.3142000e-01  -2.0563686e+00  -1.6696913e+00   8.3357176e-02   1.6219781e+00   0.0000000e+00
   1.2814907e-01  -2.0588347e+00  -1.6746212e+00   8.3037762e-02   1.6217442e+00   0.0000000e+00
   1.2477668e-01  -2.0613029e+00  -1.6793598e+00   8.2706537e-02   1.6214885e+00   0.0000000e+00
   1.2130328e-01  -2.0637682e+00  -1.6839089e+00   8.2365091e-02   1.6212114e+00   0.0000000e+00
   1.1772933e-01  -2.0662260e+00  -1.6882698e+00   8.2014987e-02   1.6209132e+00   0.0000000e+00
   1.1405526e-01  -2.0686712e+00  -1.6924438e+00   8.1657766e-02   1.6205943e+00   0.0000000e+00
   1.1028146e-01  -2.0710990e+00  -1.6964320e+00   8.1294943e-02   1.6202549e+00   0.0000000e+00
   1.0640831e-01  -2.0735044e+00  -1.7002357e+00   8.0928015e-02   1.6198954e+00   0.0000000e+00
   1.0243616e-01  -2.0758823e+00  -1.7038556e+00   8.0558458e-02   1.6195161e+00   0.0000000e+00
   9.8365289e-02  -2.0782277e+00  -1.7072927e+00   8.0187727e-02   1.6191173e+00   0.0000000e+00
   9.4197594e-02  -2.0805344e+00  -1.7105464e+00   7.9817410e-02   1.6186993e+00   0.0000000e+00
   8.9940889e-02  -2.0827935e+00  -1.7136122e+00   7.9449563e-02   1.6182634e+00   0.0000000e+00
   8.5602515e-02  -2.0849968e+00  -1.7164876e+00   7.9086090e-02   1.6178104e+00   0.0000000e+00
   8.1180169e-02  -2.0871413e+00  -1.7191768e+00   7.8728048e-02   1.6173406e+00   0.0000000e+00
   7.6672694e-02  -2.0892232e+00  -1.7216823e+00   7.8376583e-02   1.6168540e+00   0.0000000e+00
   7.2080858e-02  -2.0912374e+00  -1.7240052e+00   7.8032978e-02   1.6163510e+00   0.0000000e+00
   6.7405228e-02  -2.0931793e+00  -1.7261464e+00   7.7698474e-02   1.6158319e+00   0.0000000e+00
   6.2645728e-02  -2.0950442e+00  -1.7281068e+00   7.7374251e-02   1.6152969e+00   0.0000000e+00
   5.7802006e-02  -2.0968275e+00  -1.7298869e+00   7.7061461e-02   1.6147462e+00   0.0000000e+00
   5.2873543e-02  -2.0985244e+00  -1.7314868e+00   7.6761236e-02   1.6141799e+00   0.0000000e+00
   4.7859516e-02  -2.1001303e+00  -1.7329065e+00   7.6474692e-02   1.6135981e+00   0.0000000e+00
   4.2758669e-02  -2.1016405e+00  -1.7341453e+00   7.6202921e-02   1.6130007e+00   0.0000000e+00
   3.7569217e-02  -2.1030499e+00  -1.7352020e+00   7.5946995e-02   1.6123878e+00   0.0000000e+00
   3.2288717e-02  -2.1043540e+00  -1.7360752e+00   7.5707968e-02   1.6117592e+00   0.0000000e+00
   2.6913868e-02  -2.1055475e+00  -1.7367625e+00   7.5486874e-02   1.6111145e+00   0.0000000e+00
   2.1440211e-02  -2.1066258e+00  -1.7372609e+00   7.5284716e-02   1.6104533e+00   0.0000000e+00
   1.5861697e-02  -2.1075838e+00  -1.7375668e+00   7.5102439e-02   1.6097748e+00   0.0000000e+00
   1.0170011e-02  -2.1084172e+00  -1.7376756e+00   7.4940866e-02   1.6090781e+00   0.0000000e+00
   4.3534643e-03  -2.1091231e+00  -1.7375824e+00   7.4800496e-02   1.6083616e+00   0.0000000e+00
  -1.6049732e-03  -2.1097058e+00  -1.7372849e+00   7.4680438e-02   1.6076232e+00   0.0000000e+00
  -7.7314363e-03  -2.1102065e+00  -1.7368026e+00   7.4572952e-02   1.6068594e+00   0.0000000e+00
  -1.2439021e-02  -2.1104409e+00  -1.7362528e+00   7.4516418e-02   1.6062693e+00   0.0000000e+00
  -1.7321049e-02  -2.1105322e+00  -1.7355198e+00   7.4484411e-02   1.6056551e+00   0.0000000e+00
  -2.3442627e-02  -2.1104477e+00  -1.7343679e+00   7.4478652e-02   1.6048809e+00   0.0000000e+00
  -2.9405100e-02  -2.1101716e+00  -1.7330123e+00   7.4506223e-02   1.6041229e+00   0.0000000e+00
  -3.5347063e-02  -2.1097099e+00  -1.7314324e+00   7.4565408e-02   1.6033633e+00   0.0000000e+00
  -4.1100931e-02  -2.1090864e+00  -1.7296829e+00   7.4652410e-02   1.6026239e+00   0.0000000e+00
  -4.6641521e-02  -2.1083218e+00  -1.7277909e+00   7.4763537e-02   1.6019080e+00   0.0000000e+00
  -5.2020581e-02  -2.1074244e+00  -1.7257548e+00   7.4897011e-02   1.6012093e+00   0.0000000e+00
  -5.7280290e-02  -2.1063974e+00  -1.7235687e+00   7.5051839e-02   1.6005224e+00   0.0000000e+00
  -6.2452310e-02  -2.1052419e+00  -1.7212248e+00   7.5227479e-02   1.5998432e+00   0.0000000e+00
  -6.7537258e-02  -2.1039632e+00  -1.7187258e+00   7.5422723e-02   1.5991715e+00   0.0000000e+00
  -7.2520279e-02  -2.1025707e+00  -1.7160823e+00   7.5635703e-02   1.5985094e+00   0.0000000e+00
  -7.7403625e-02  -2.1010699e+00  -1.7132966e+00   7.5865164e-02   1.5978563e+00   0.0000000e+00
  -8.2194560e-02  -2.0994642e+00  -1.7103670e+00   7.6110189e-02   1.5972114e+00   0.0000000e+00
  -8.6895395e-02  -2.0977575e+00  -1.7072937e+00   7.6369708e-02   1.5965742e+00   0.0000000e+00
  -9.1506407e-02  -2.0959544e+00  -1.7040774e+00   7.6642578e-02   1.5959446e+00   0.0000000e+00
  -9.6028261e-02  -2.0940592e+00  -1.7007182e+00   7.6927696e-02   1.5953224e+00   0.0000000e+00
  -1.0046169e-01  -2.0920755e+00  -1.6972157e+00   7.7223985e-02   1.5947073e+00   0.0000000e+00
  -1.0480700e-01  -2.0900074e+00  -1.6935692e+00   7.7530354e-02   1.5940992e+00   0.0000000e+00
  -1.0906415e-01  -2.0878586e+00  -1.6897778e+00   7.7845697e-02   1.5934979e+00   0.0000000e+00
  -1.1323291e-01  -2.0856328e+00  -1.6858406e+00   7.8168893e-02   1.5929032e+00   0.0000000e+00
  -1.1731292e-01  -2.0833339e+00  -1.6817563e+00   7.8498811e-02   1.5923151e+00   0.0000000e+00
  -1.2130361e-01  -2.0809653e+00  -1.6775236e+00   7.8834299e-02   1.5917335e+00   0.0000000e+00
  -1.2520428e-01  -2.0785309e+00  -1.6731409e+00   7.9174182e-02   1.5911581e+00   0.0000000e+00
  -1.2901411e-01  -2.0760341e+00  -1.6686064e+00   7.9517264e-02   1.5905890e+00   0.0000000e+00
  -1.3272270e-01  -2.0734853e+00  -1.6639307e+00   7.9861431e-02   1.5900275e+00   0.0000000e+00
  -1.3631527e-01  -2.0708991e+00  -1.6591326e+00   8.0204033e-02   1.5894756e+00   0.0000000e+00
  -1.3979394e-01  -2.0682788e+00  -1.6542111e+00   8.0543969e-02   1.5889331e+00   0.0000000e+00
  -1.4316527e-01  -2.0656240e+00  -1.6491575e+00   8.0880625e-02   1.5883986e+00   0.0000000e+00
  -1.4642973e-01  -2.0629379e+00  -1.6439707e+00   8.1212821e-02   1.5878720e+00   0.0000000e+00
  -1.4958522e-01  -2.0602263e+00  -1.6386537e+00   8.1539120e-02   1.5873535e+00   0.0000000e+00
  -1.5263104e-01  -2.0574934e+00  -1.6332075e+00   8.1858228e-02   1.5868431e+00   0.0000000e+00
  -1.5556760e-01  -2.0547424e+00  -1.6276311e+00   8.2168976e-02   1.5863404e+00   0.0000000e+00
  -1.5839498e-01  -2.0519768e+00  -1.6219237e+00   8.2470172e-02   1.5858455e+00   0.0000000e+00
  -1.6111283e-01  -2.0492000e+00  -1.6160853e+00   8.2760584e-02   1.5853582e+00   0.0000000e+00
  -1.6372075e-01  -2.0464156e+00  -1.6101157e+00   8.3038982e-02   1.5848783e+00   0.0000000e+00
  -1.6621844e-01  -2.0436267e+00  -1.6040145e+00   8.3304152e-02   1.5844059e+00   0.0000000e+00
  -1.6860561e-01  -2.0408364e+00  -1.5977809e+00   8.3554883e-02   1.5839407e+00   0.0000000e+00
  -1.7088186e-01  -2.0380476e+00  -1.5914144e+00   8.3789958e-02   1.5834827e+00   0.0000000e+00
  -1.7304671e-01  -2.0352632e+00  -1.5849141e+00   8.4008155e-02   1.5830317e+00   0.0000000e+00
  -1.7509967e-01  -2.0324860e+00  -1.5782790e+00   8.4208246e-02   1.5825878e+00   0.0000000e+00
  -1.7704015e-01  -2.0297184e+00  -1.5715079e+00   8.4388996e-02   1.5821507e+00   0.0000000e+00
  -1.7886754e-01  -2.0269630e+00  -1.5645995e+00   8.4549160e-02   1.5817205e+00   0.0000000e+00
  -1.8058110e-01  -2.0242218e+00  -1.5575520e+00   8.4687472e-02   1.5812969e+00   0.0000000e+00
  -1.8218004e-01  -2.0214972e+00  -1.5503636e+00   8.4802648e-02   1.5808799e+00   0.0000000e+00
  -1.8366346e-01  -2.0187910e+00  -1.5430316e+00   8.4893371e-02   1.5804695e+00   0.0000000e+00
  -1.8503036e-01  -2.0161050e+00  -1.5355532e+00   8.4958290e-02   1.5800655e+00   0.0000000e+00
  -1.8627964e-01  -2.0134407e+00  -1.5279248e+00   8.4995999e-02   1.5796677e+00   0.0000000e+00
  -1.8741004e-01  -2.0107996e+00  -1.5201418e+00   8.5005024e-02   1.5792761e+00   0.0000000e+00
  -1.8842022e-01  -2.0081826e+00  -1.5121984e+00   8.4983794e-02   1.5788905e+00   0.0000000e+00
  -1.8930867e-01  -2.0055905e+00  -1.5040874e+00   8.4930607e-02   1.5785106e+00   0.0000000e+00
  -1.9007382e-01  -2.0030239e+00  -1.4957990e+00   8.4843566e-02   1.5781362e+00   0.0000000e+00
  -1.9071411e-01  -2.0004826e+00  -1.4873201e+00   8.4720474e-02   1.5777668e+00   0.0000000e+00
  -1.9122836e-01  -1.9979665e+00  -1.4786323e+00   8.4558644e-02   1.5774016e+00   0.0000000e+00
  -1.9161699e-01  -1.9954749e+00  -1.4697082e+00   8.4354455e-02   1.5770394e+00   0.0000000e+00
  -1.9188978e-01  -1.9930120e+00  -1.4605032e+00   8.4101617e-02   1.5766768e+00   0.0000000e+00
  -1.9206393e-01  -1.9905385e+00  -1.4507712e+00   8.3784909e-02   1.5763020e+00   0.0000000e+00
  -1.9201299e-01  -1.9879638e+00  -1.4404132e+00   8.3410384e-02   1.5759282e+00   0.0000000e+00
  -1.9171724e-01  -1.9853897e+00  -1.4298019e+00   8.2986074e-02   1.5755708e+00   0.0000000e+00
  -1.9123078e-01  -1.9830045e+00  -1.4196644e+00   8.2539050e-02   1.5752500e+00   0.0000000e+00
  -1.9066761e-01  -1.9810309e+00  -1.4110221e+00   8.2125013e-02   1.5749914e+00   0.0000000e+00
  -1.8986210e-01  -1.9788445e+00  -1.4011594e+00   8.1615489e-02   1.5747123e+00   0.0000000e+00
  -1.8901898e-01  -1.9769923e+00  -1.3925518e+00   8.1138646e-02   1.5744826e+00   0.0000000e+00
  -1.8801741e-01  -1.9751405e+00  -1.3837041e+00   8.0617539e-02   1.5742600e+00   0.0000000e+00
  -1.8693217e-01  -1.9734167e+00  -1.3752397e+00   8.0089779e-02   1.5740596e+00   0.0000000e+00
  -1.8576537e-01  -1.9717941e+00  -1.3670661e+00   7.9553334e-02   1.5738780e+00   0.0000000e+00
  -1.8448825e-01  -1.9702194e+00  -1.3589387e+00   7.8994114e-02   1.5737092e+00   0.0000000e+00
  -1.8274303e-01  -1.9683179e+00  -1.3488577e+00   7.8264820e-02   1.5735160e+00   0.0000000e+00
  -1.8085101e-01  -1.9665022e+00  -1.3389689e+00   7.7512091e-02   1.5733451e+00   0.0000000e+00
  -1.7881656e-01  -1.9647644e+00  -1.3292737e+00   7.6739064e-02   1.5731962e+00   0.0000000e+00
  -1.7664340e-01  -1.9630957e+00  -1.3197503e+00   7.5946182e-02   1.5730682e+00   0.0000000e+00
  -1.7434252e-01  -1.9614941e+00  -1.3104122e+00   7.5136649e-02   1.5729606e+00   0.0000000e+00
  -1.7191207e-01  -1.9599502e+00  -1.3012610e+00   7.4313924e-02   1.5728741e+00   0.0000000e+00
  -1.6935481e-01  -1.9584577e+00  -1.2923048e+00   7.3481597e-02   1.5728089e+00   0.0000000e+00
  -1.6667613e-01  -1.9570121e+00  -1.2835407e+00   7.2641533e-02   1.5727646e+00   0.0000000e+00
  -1.6388460e-01  -1.9556110e+00  -1.2749766e+00   7.1796579e-02   1.5727407e+00   0.0000000e+00
  -1.6097730e-01  -1.9542458e+00  -1.2666181e+00   7.0950702e-02   1.5727382e+00   0.0000000e+00
  -1.5795623e-01  -1.9529108e+00  -1.2584749e+00   7.0107850e-02   1.5727576e+00   0.0000000e+00
  -1.5482572e-01  -1.9516022e+00  -1.2505457e+00   6.9270081e-02   1.5727986e+00   0.0000000e+00
  -1.5159273e-01  -1.9503176e+00  -1.2428361e+00   6.8440108e-02   1.5728608e+00   0.0000000e+00
  -1.4825426e-01  -1.9490490e+00  -1.2353556e+00   6.7622528e-02   1.5729454e+00   0.0000000e+00
  -1.4481165e-01  -1.9477912e+00  -1.2281145e+00   6.6821562e-02   1.5730532e+00   0.0000000e+00
  -1.4126844e-01  -1.9465408e+00  -1.2211128e+00   6.6039449e-02   1.5731838e+00   0.0000000e+00
  -1.3762999e-01  -1.9452952e+00  -1.2143537e+00   6.5278761e-02   1.5733372e+00   0.0000000e+00
  -1.3389353e-01  -1.9440472e+00  -1.2078503e+00   6.4544664e-02   1.5735147e+00   0.0000000e+00
  -1.3005986e-01  -1.9427916e+00  -1.2016131e+00   6.3841594e-02   1.5737170e+00   0.0000000e+00
  -1.2613177e-01  -1.9415254e+00  -1.1956431e+00   6.3171936e-02   1.5739443e+00   0.0000000e+00
  -1.2211279e-01  -1.9402458e+00  -1.1899419e+00   6.2538115e-02   1.5741963e+00   0.0000000e+00
  -1.1800063e-01  -1.9389462e+00  -1.1845252e+00   6.1945774e-02   1.5744747e+00   0.0000000e+00
  -1.1379544e-01  -1.9376215e+00  -1.1794042e+00   6.1399499e-02   1.5747803e+00   0.0000000e+00
  -1.0949927e-01  -1.9362687e+00  -1.1745805e+00   6.0901781e-02   1.5751134e+00   0.0000000e+00
  -1.0511325e-01  -1.9348849e+00  -1.1700551e+00   6.0454939e-02   1.5754741e+00   0.0000000e+00
  -1.0063573e-01  -1.9334637e+00  -1.1658460e+00   6.0064981e-02   1.5758641e+00   0.0000000e+00
  -9.6065974e-02  -1.9320001e+00  -1.1619652e+00   5.9736609e-02   1.5762844e+00   0.0000000e+00
  -9.1404986e-02  -1.9304913e+00  -1.1584158e+00   5.9472413e-02   1.5767355e+00   0.0000000e+00
  -8.6650426e-02  -1.9289332e+00  -1.1551987e+00   5.9274790e-02   1.5772182e+00   0.0000000e+00
  -8.1801279e-02  -1.9273200e+00  -1.1523347e+00   5.9150024e-02   1.5777340e+00   0.0000000e+00
  -7.6855233e-02  -1.9256463e+00  -1.1498374e+00   5.9103006e-02   1.5782846e+00   0.0000000e+00
  -7.1811407e-02  -1.9239088e+00  -1.1477122e+00   5.9136580e-02   1.5788706e+00   0.0000000e+00
  -6.6661337e-02  -1.9221014e+00  -1.1459629e+00   5.9253804e-02   1.5794939e+00   0.0000000e+00
  -6.1404066e-02  -1.9202183e+00  -1.1446138e+00   5.9461332e-02   1.5801564e+00   0.0000000e+00
  -5.6033441e-02  -1.9182527e+00  -1.1436827e+00   5.9764753e-02   1.5808604e+00   0.0000000e+00
  -5.0543688e-02  -1.9161994e+00  -1.1431807e+00   6.0167928e-02   1.5816077e+00   0.0000000e+00
  -4.4911621e-02  -1.9140460e+00  -1.1431212e+00   6.0676678e-02   1.5824029e+00   0.0000000e+00
  -3.9131594e-02  -1.9117845e+00  -1.1435379e+00   6.1299277e-02   1.5832491e+00   0.0000000e+00
  -3.3181969e-02  -1.9094014e+00  -1.1444630e+00   6.2044901e-02   1.5841517e+00   0.0000000e+00
  -2.8272728e-02  -1.9073936e+00  -1.1455910e+00   6.2737120e-02   1.5849199e+00   0.0000000e+00
  -2.3201845e-02  -1.9052803e+00  -1.1470964e+00   6.3523807e-02   1.5857355e+00   0.0000000e+00
  -1.7922324e-02  -1.9030385e+00  -1.1490218e+00   6.4417828e-02   1.5866080e+00   0.0000000e+00
  -1.2343532e-02  -1.9006255e+00  -1.1514388e+00   6.5441836e-02   1.5875551e+00   0.0000000e+00
  -6.2225222e-03  -1.8979313e+00  -1.1545121e+00   6.6651218e-02   1.5886222e+00   0.0000000e+00
   2.3757021e-04  -1.8950647e+00  -1.1580909e+00   6.7990663e-02   1.5897709e+00   0.0000000e+00
   6.0813391e-03  -1.8924045e+00  -1.1618391e+00   6.9306960e-02   1.5908439e+00   0.0000000e+00
   1.1503646e-02  -1.8898530e+00  -1.1658739e+00   7.0643940e-02   1.5918765e+00   0.0000000e+00
   1.6724571e-02  -1.8873352e+00  -1.1701993e+00   7.2019243e-02   1.5929001e+00   0.0000000e+00
   2.1859776e-02  -1.8848079e+00  -1.1748429e+00   7.3447007e-02   1.5939328e+00   0.0000000e+00
   2.6908652e-02  -1.8822771e+00  -1.1797722e+00   7.4918677e-02   1.5949725e+00   0.0000000e+00
   3.3093266e-02  -1.8791176e+00  -1.1862965e+00   7.6809213e-02   1.5962784e+00   0.0000000e+00
   3.9131603e-02  -1.8759745e+00  -1.1931669e+00   7.8741599e-02   1.5975868e+00   0.0000000e+00
   4.5056362e-02  -1.8728353e+00  -1.2003968e+00   8.0718978e-02   1.5989030e+00   0.0000000e+00
   5.0876919e-02  -1.8696995e+00  -1.2079760e+00   8.2737528e-02   1.6002275e+00   0.0000000e+00
   5.6601283e-02  -1.8665691e+00  -1.2158860e+00   8.4791491e-02   1.6015601e+00   0.0000000e+00
   6.2229313e-02  -1.8634503e+00  -1.2240985e+00   8.6872607e-02   1.6028987e+00   0.0000000e+00
   6.7771672e-02  -1.8603394e+00  -1.2326238e+00   8.8981383e-02   1.6042454e+00   0.0000000e+00
   7.3229831e-02  -1.8572387e+00  -1.2414549e+00   9.1114039e-02   1.6055996e+00   0.0000000e+00
   7.8606144e-02  -1.8541524e+00  -1.2505753e+00   9.3264910e-02   1.6069604e+00   0.0000000e+00
   8.3900014e-02  -1.8510864e+00  -1.2599630e+00   9.5427267e-02   1.6083261e+00   0.0000000e+00
   8.9113441e-02  -1.8480410e+00  -1.2696246e+00   9.7600170e-02   1.6096971e+00   0.0000000e+00
   9.4245156e-02  -1.8450197e+00  -1.2795546e+00   9.9780037e-02   1.6110726e+00   0.0000000e+00
   9.9295560e-02  -1.8420276e+00  -1.2897368e+00   1.0196150e-01   1.6124515e+00   0.0000000e+00
   1.0426474e-01  -1.8390700e+00  -1.3001541e+00   1.0413911e-01   1.6138324e+00   0.0000000e+00
   1.0915018e-01  -1.8361495e+00  -1.3108099e+00   1.0631113e-01   1.6152148e+00   0.0000000e+00
   1.1394925e-01  -1.8332703e+00  -1.3216994e+00   1.0847427e-01   1.6165978e+00   0.0000000e+00
   1.1866144e-01  -1.8304381e+00  -1.3328068e+00   1.1062353e-01   1.6179801e+00   0.0000000e+00
   1.2328756e-01  -1.8276576e+00  -1.3441185e+00   1.1275461e-01   1.6193607e+00   0.0000000e+00
   1.2782220e-01  -1.8249332e+00  -1.3556356e+00   1.1486528e-01   1.6207385e+00   0.0000000e+00
   1.3226182e-01  -1.8222696e+00  -1.3673534e+00   1.1695255e-01   1.6221124e+00   0.0000000e+00
   1.3660538e-01  -1.8196727e+00  -1.3792562e+00   1.1901186e-01   1.6234811e+00   0.0000000e+00
   1.4085424e-01  -1.8171469e+00  -1.3913340e+00   1.2103990e-01   1.6248438e+00   0.0000000e+00
   1.4500085e-01  -1.8146979e+00  -1.4035851e+00   1.2303413e-01   1.6261990e+00   0.0000000e+00
   1.4904096e-01  -1.8123311e+00  -1.4160054e+00   1.2499186e-01   1.6275456e+00   0.0000000e+00
   1.5297310e-01  -1.8100524e+00  -1.4285788e+00   1.2690898e-01   1.6288820e+00   0.0000000e+00
   1.5679897e-01  -1.8078661e+00  -1.4412991e+00   1.2878308e-01   1.6302078e+00   0.0000000e+00
   1.6050928e-01  -1.8057790e+00  -1.4541616e+00   1.3061136e-01   1.6315211e+00   0.0000000e+00
   1.6409910e-01  -1.8037970e+00  -1.4671628e+00   1.3239142e-01   1.6328207e+00   0.0000000e+00
   1.6756650e-01  -1.8019265e+00  -1.4802864e+00   1.3411961e-01   1.6341049e+00   0.0000000e+00
   1.7091325e-01  -1.8001712e+00  -1.4935297e+00   1.3579426e-01   1.6353735e+00   0.0000000e+00
   1.7412854e-01  -1.7985394e+00  -1.5068856e+00   1.3741240e-01   1.6366243e+00   0.0000000e+00
   1.7720665e-01  -1.7970377e+00  -1.5203508e+00   1.3897183e-01   1.6378559e+00   0.0000000e+00
   1.8014509e-01  -1.7956724e+00  -1.5339086e+00   1.4046934e-01   1.6390666e+00   0.0000000e+00
   1.8294524e-01  -1.7944475e+00  -1.5475610e+00   1.4190390e-01   1.6402564e+00   0.0000000e+00
   1.8559486e-01  -1.7933725e+00  -1.5612976e+00   1.4327233e-01   1.6414225e+00   0.0000000e+00
   1.8808726e-01  -1.7924551e+00  -1.5751157e+00   1.4457255e-01   1.6425635e+00   0.0000000e+00
   1.8996780e-01  -1.7918380e+00  -1.5862201e+00   1.4556209e-01   1.6434575e+00   0.0000000e+00
   1.9174301e-01  -1.7913293e+00  -1.5973674e+00   1.4650544e-01   1.6443338e+00   0.0000000e+00
   1.9340969e-01  -1.7909330e+00  -1.6085545e+00   1.4740151e-01   1.6451915e+00   0.0000000e+00
   1.9496450e-01  -1.7906531e+00  -1.6197784e+00   1.4824919e-01   1.6460299e+00   0.0000000e+00
   1.9640393e-01  -1.7904938e+00  -1.6310363e+00   1.4904737e-01   1.6468480e+00   0.0000000e+00
   1.9772431e-01  -1.7904594e+00  -1.6423252e+00   1.4979495e-01   1.6476450e+00   0.0000000e+00
   1.9892181e-01  -1.7905544e+00  -1.6536427e+00   1.5049080e-01   1.6484199e+00   0.0000000e+00
   1.9999242e-01  -1.7907835e+00  -1.6649862e+00   1.5113381e-01   1.6491718e+00   0.0000000e+00
   2.0093207e-01  -1.7911517e+00  -1.6763531e+00   1.5172279e-01   1.6498998e+00   0.0000000e+00
   2.0173667e-01  -1.7916640e+00  -1.6877413e+00   1.5225657e-01   1.6506028e+00   0.0000000e+00
   2.0240245e-01  -1.7923260e+00  -1.6991483e+00   1.5273391e-01   1.6512799e+00   0.0000000e+00
   2.0292665e-01  -1.7931433e+00  -1.7105718e+00   1.5315350e-01   1.6519304e+00   0.0000000e+00
   2.0330996e-01  -1.7941223e+00  -1.7220095e+00   1.5351396e-01   1.6525538e+00   0.0000000e+00
   2.0357420e-01  -1.7952701e+00  -1.7334581e+00   1.5381370e-01   1.6531526e+00   0.0000000e+00
   2.0370015e-01  -1.7965919e+00  -1.7449067e+00   1.5405116e-01   1.6537232e+00   0.0000000e+00
   2.0357905e-01  -1.7980904e+00  -1.7563482e+00   1.5422564e-01   1.6542505e+00   0.0000000e+00
   2.0322150e-01  -1.7997723e+00  -1.7677770e+00   1.5433561e-01   1.6547351e+00   0.0000000e+00
   2.0263505e-01  -1.8016492e+00  -1.7792118e+00   1.5437955e-01   1.6551785e+00   0.0000000e+00
   2.0184369e-01  -1.8036615e+00  -1.7902921e+00   1.5435733e-01   1.6555675e+00   0.0000000e+00
   2.0086882e-01  -1.8057789e+00  -1.8009195e+00   1.5427442e-01   1.6559012e+00   0.0000000e+00
   1.9972028e-01  -1.8079967e+00  -1.8111406e+00   1.5413607e-01   1.6561837e+00   0.0000000e+00
   1.9840531e-01  -1.8103105e+00  -1.8209917e+00   1.5394669e-01   1.6564184e+00   0.0000000e+00
   1.9693014e-01  -1.8127148e+00  -1.8304970e+00   1.5371018e-01   1.6566076e+00   0.0000000e+00
   1.9530197e-01  -1.8152014e+00  -1.8396659e+00   1.5343040e-01   1.6567533e+00   0.0000000e+00
   1.9357478e-01  -1.8176958e+00  -1.8482846e+00   1.5311965e-01   1.6568551e+00   0.0000000e+00
   1.9174212e-01  -1.8202169e+00  -1.8564840e+00   1.5277965e-01   1.6569184e+00   0.0000000e+00
   1.8976219e-01  -1.8228230e+00  -1.8644859e+00   1.5240470e-01   1.6569463e+00   0.0000000e+00
   1.8762694e-01  -1.8255204e+00  -1.8723195e+00   1.5199492e-01   1.6569392e+00   0.0000000e+00
   1.8535311e-01  -1.8282844e+00  -1.8799247e+00   1.5155519e-01   1.6568972e+00   0.0000000e+00
   1.8295016e-01  -1.8311010e+00  -1.8872816e+00   1.5108909e-01   1.6568214e+00   0.0000000e+00
   1.8041602e-01  -1.8339703e+00  -1.8944080e+00   1.5059791e-01   1.6567125e+00   0.0000000e+00
   1.7774822e-01  -1.8368918e+00  -1.9013179e+00   1.5008286e-01   1.6565708e+00   0.0000000e+00
   1.7494814e-01  -1.8398603e+00  -1.9080130e+00   1.4954588e-01   1.6563970e+00   0.0000000e+00
   1.7201807e-01  -1.8428698e+00  -1.9144930e+00   1.4898907e-01   1.6561917e+00   0.0000000e+00
   1.6895916e-01  -1.8459152e+00  -1.9207600e+00   1.4841429e-01   1.6559555e+00   0.0000000e+00
   1.6577195e-01  -1.8489920e+00  -1.9268171e+00   1.4782328e-01   1.6556887e+00   0.0000000e+00
   1.6246608e-01  -1.8520869e+00  -1.9326516e+00   1.4721945e-01   1.6553928e+00   0.0000000e+00
   1.5904645e-01  -1.8551919e+00  -1.9382619e+00   1.4660520e-01   1.6550687e+00   0.0000000e+00
   1.5551373e-01  -1.8583029e+00  -1.9436539e+00   1.4598217e-01   1.6547171e+00   0.0000000e+00
   1.5186907e-01  -1.8614153e+00  -1.9488319e+00   1.4535204e-01   1.6543385e+00   0.0000000e+00
   1.4811416e-01  -1.8645237e+00  -1.9537993e+00   1.4471656e-01   1.6539338e+00   0.0000000e+00
   1.4425053e-01  -1.8676231e+00  -1.9585592e+00   1.4407742e-01   1.6535034e+00   0.0000000e+00
   1.4027959e-01  -1.8707084e+00  -1.9631147e+00   1.4343628e-01   1.6530481e+00   0.0000000e+00
   1.3620270e-01  -1.8737746e+00  -1.9674686e+00   1.4279476e-01   1.6525685e+00   0.0000000e+00
   1.3202113e-01  -1.8768165e+00  -1.9716238e+00   1.4215443e-01   1.6520650e+00   0.0000000e+00
   1.2773611e-01  -1.8798292e+00  -1.9755829e+00   1.4151685e-01   1.6515384e+00   0.0000000e+00
   1.2334878e-01  -1.8828076e+00  -1.9793483e+00   1.4088354e-01   1.6509891e+00   0.0000000e+00
   1.1886020e-01  -1.8857468e+00  -1.9829223e+00   1.4025598e-01   1.6504176e+00   0.0000000e+00
   1.1427136e-01  -1.8886417e+00  -1.9863071e+00   1.3963564e-01   1.6498245e+00   0.0000000e+00
   1.0958316e-01  -1.8914875e+00  -1.9895047e+00   1.3902396e-01   1.6492101e+00   0.0000000e+00
   1.0479642e-01  -1.8942790e+00  -1.9925169e+00   1.3842235e-01   1.6485751e+00   0.0000000e+00
   9.9911816e-02  -1.8970114e+00  -1.9953453e+00   1.3783218e-01   1.6479197e+00   0.0000000e+00
   9.4929945e-02  -1.8996798e+00  -1.9979915e+00   1.3725483e-01   1.6472445e+00   0.0000000e+00
   8.9851251e-02  -1.9022792e+00  -2.0004567e+00   1.3669165e-01   1.6465497e+00   0.0000000e+00
   8.4676026e-02  -1.9048045e+00  -2.0027420e+00   1.3614394e-01   1.6458357e+00   0.0000000e+00
   7.9404383e-02  -1.9072510e+00  -2.0048482e+00   1.3561303e-01   1.6451028e+00   0.0000000e+00
   7.4036227e-02  -1.9096136e+00  -2.0067760e+00   1.3510020e-01   1.6443513e+00   0.0000000e+00
   6.8571210e-02  -1.9118874e+00  -2.0085256e+00   1.3460673e-01   1.6435813e+00   0.0000000e+00
   6.3008690e-02  -1.9140672e+00  -2.0100971e+00   1.3413390e-01   1.6427931e+00   0.0000000e+00
   5.7347657e-02  -1.9161482e+00  -2.0114902e+00   1.3368296e-01   1.6419866e+00   0.0000000e+00
   5.1586655e-02  -1.9181250e+00  -2.0127041e+00   1.3325519e-01   1.6411620e+00   0.0000000e+00
   4.5723672e-02  -1.9199927e+00  -2.0137377e+00   1.3285183e-01   1.6403191e+00   0.0000000e+00
   3.9755986e-02  -1.9217458e+00  -2.0145893e+00   1.3247415e-01   1.6394577e+00   0.0000000e+00
   3.3679957e-02  -1.9233792e+00  -2.0152566e+00   1.3212341e-01   1.6385774e+00   0.0000000e+00
   2.7490741e-02  -1.9248873e+00  -2.0157367e+00   1.3180089e-01   1.6376777e+00   0.0000000e+00
   2.1181852e-02  -1.9262647e+00  -2.0160257e+00   1.3150786e-01   1.6367577e+00   0.0000000e+00
   1.4744513e-02  -1.9275060e+00  -2.0161188e+00   1.3124554e-01   1.6358163e+00   0.0000000e+00
   8.1666162e-03  -1.9286065e+00  -2.0160101e+00   1.3101506e-01   1.6348517e+00   0.0000000e+00
   1.4309535e-03  -1.9295630e+00  -2.0156929e+00   1.3081714e-01   1.6338614e+00   0.0000000e+00
  -5.4880516e-03  -1.9303782e+00  -2.0151608e+00   1.3065129e-01   1.6328415e+00   0.0000000e+00
  -1.2630543e-02  -1.9311024e+00  -2.0144306e+00   1.3050671e-01   1.6317852e+00   0.0000000e+00
  -1.8186735e-02  -1.9314975e+00  -2.0136902e+00   1.3043142e-01   1.6309624e+00   0.0000000e+00
  -2.3783698e-02  -1.9317034e+00  -2.0127588e+00   1.3039783e-01   1.6301328e+00   0.0000000e+00
  -2.9291649e-02  -1.9317445e+00  -2.0116811e+00   1.3040026e-01   1.6293154e+00   0.0000000e+00
  -3.6317715e-02  -1.9316005e+00  -2.0101000e+00   1.3044645e-01   1.6282713e+00   0.0000000e+00
  -4.3043628e-02  -1.9312511e+00  -2.0083603e+00   1.3053691e-01   1.6272701e+00   0.0000000e+00
  -4.9526729e-02  -1.9307200e+00  -2.0064723e+00   1.3066641e-01   1.6263033e+00   0.0000000e+00
  -5.5824946e-02  -1.9300211e+00  -2.0044367e+00   1.3083183e-01   1.6253622e+00   0.0000000e+00
  -6.1973497e-02  -1.9291641e+00  -2.0022540e+00   1.3103096e-01   1.6244418e+00   0.0000000e+00
  -6.7989712e-02  -1.9281570e+00  -1.9999266e+00   1.3126186e-01   1.6235392e+00   0.0000000e+00
  -7.3883460e-02  -1.9270073e+00  -1.9974572e+00   1.3152276e-01   1.6226531e+00   0.0000000e+00
  -7.9661830e-02  -1.9257214e+00  -1.9948482e+00   1.3181207e-01   1.6217822e+00   0.0000000e+00
  -8.5330180e-02  -1.9243052e+00  -1.9921012e+00   1.3212831e-01   1.6209257e+00   0.0000000e+00
  -9.0892517e-02  -1.9227640e+00  -1.9892175e+00   1.3247012e-01   1.6200828e+00   0.0000000e+00
  -9.6351864e-02  -1.9211030e+00  -1.9861980e+00   1.3283616e-01   1.6192530e+00   0.0000000e+00
  -1.0171051e-01  -1.9193269e+00  -1.9830434e+00   1.3322518e-01   1.6184357e+00   0.0000000e+00
  -1.0697015e-01  -1.9174403e+00  -1.9797540e+00   1.3363597e-01   1.6176307e+00   0.0000000e+00
  -1.1213200e-01  -1.9154475e+00  -1.9763298e+00   1.3406732e-01   1.6168374e+00   0.0000000e+00
  -1.1719688e-01  -1.9133529e+00  -1.9727706e+00   1.3451807e-01   1.6160557e+00   0.0000000e+00
  -1.2216530e-01  -1.9111604e+00  -1.9690761e+00   1.3498705e-01   1.6152853e+00   0.0000000e+00
  -1.2703745e-01  -1.9088742e+00  -1.9652457e+00   1.3547313e-01   1.6145260e+00   0.0000000e+00
  -1.3181331e-01  -1.9064981e+00  -1.9612785e+00   1.3597515e-01   1.6137775e+00   0.0000000e+00
  -1.3649266e-01  -1.9040361e+00  -1.9571737e+00   1.3649199e-01   1.6130398e+00   0.0000000e+00
  -1.4107507e-01  -1.9014918e+00  -1.9529302e+00   1.3702249e-01   1.6123126e+00   0.0000000e+00
  -1.4555998e-01  -1.8988690e+00  -1.9485467e+00   1.3756551e-01   1.6115958e+00   0.0000000e+00
  -1.4994664e-01  -1.8961716e+00  -1.9440219e+00   1.3811991e-01   1.6108893e+00   0.0000000e+00
  -1.5423419e-01  -1.8934030e+00  -1.9393541e+00   1.3868453e-01   1.6101931e+00   0.0000000e+00
  -1.5842164e-01  -1.8905669e+00  -1.9345418e+00   1.3925819e-01   1.6095070e+00   0.0000000e+00
  -1.6250786e-01  -1.8876669e+00  -1.9295833e+00   1.3983971e-01   1.6088309e+00   0.0000000e+00
  -1.6649161e-01  -1.8847066e+00  -1.9244765e+00   1.4042791e-01   1.6081648e+00   0.0000000e+00
  -1.7037153e-01  -1.8816894e+00  -1.9192195e+00   1.4102157e-01   1.6075086e+00   0.0000000e+00
  -1.7414613e-01  -1.8786190e+00  -1.9138103e+00   1.4161945e-01   1.6068623e+00   0.0000000e+00
  -1.7781382e-01  -1.8754987e+00  -1.9082465e+00   1.4222033e-01   1.6062259e+00   0.0000000e+00
  -1.8137287e-01  -1.8723321e+00  -1.9025259e+00   1.4282293e-01   1.6055994e+00   0.0000000e+00
  -1.8482143e-01  -1.8691225e+00  -1.8966461e+00   1.4342596e-01   1.6049827e+00   0.0000000e+00
  -1.8815753e-01  -1.8658734e+00  -1.8906045e+00   1.4402811e-01   1.6043758e+00   0.0000000e+00
  -1.9137156e-01  -1.8625961e+00  -1.8844137e+00   1.4462661e-01   1.6037802e+00   0.0000000e+00
  -1.9443768e-01  -1.8593213e+00  -1.8781244e+00   1.4521529e-01   1.6032005e+00   0.0000000e+00
  -1.9736443e-01  -1.8560444e+00  -1.8717222e+00   1.4579449e-01   1.6026351e+00   0.0000000e+00
  -2.0016370e-01  -1.8527553e+00  -1.8651804e+00   1.4636542e-01   1.6020815e+00   0.0000000e+00
  -2.0283453e-01  -1.8494570e+00  -1.8584979e+00   1.4692682e-01   1.6015396e+00   0.0000000e+00
  -2.0537131e-01  -1.8461588e+00  -1.8516862e+00   1.4747645e-01   1.6010104e+00   0.0000000e+00
  -2.0777230e-01  -1.8428654e+00  -1.8447485e+00   1.4801288e-01   1.6004940e+00   0.0000000e+00
  -2.1003860e-01  -1.8395771e+00  -1.8376793e+00   1.4853533e-01   1.5999899e+00   0.0000000e+00
  -2.1217037e-01  -1.8362952e+00  -1.8304742e+00   1.4904291e-01   1.5994980e+00   0.0000000e+00
  -2.1416623e-01  -1.8330224e+00  -1.8231333e+00   1.4953438e-01   1.5990182e+00   0.0000000e+00
  -2.1602465e-01  -1.8297620e+00  -1.8156566e+00   1.5000852e-01   1.5985506e+00   0.0000000e+00
  -2.1774453e-01  -1.8265156e+00  -1.8080421e+00   1.5046422e-01   1.5980952e+00   0.0000000e+00
  -2.1932484e-01  -1.8232845e+00  -1.8002861e+00   1.5090046e-01   1.5976519e+00   0.0000000e+00
  -2.2076421e-01  -1.8200698e+00  -1.7923845e+00   1.5131618e-01   1.5972206e+00   0.0000000e+00
  -2.2206098e-01  -1.8168728e+00  -1.7843332e+00   1.5171025e-01   1.5968013e+00   0.0000000e+00
  -2.2321334e-01  -1.8136942e+00  -1.7761267e+00   1.5208154e-01   1.5963940e+00   0.0000000e+00
  -2.2421943e-01  -1.8105341e+00  -1.7677571e+00   1.5242891e-01   1.5959985e+00   0.0000000e+00
  -2.2507734e-01  -1.8073920e+00  -1.7592133e+00   1.5275114e-01   1.5956145e+00   0.0000000e+00
  -2.2578534e-01  -1.8042668e+00  -1.7504802e+00   1.5304686e-01   1.5952417e+00   0.0000000e+00
  -2.2634268e-01  -1.8011568e+00  -1.7415355e+00   1.5331437e-01   1.5948792e+00   0.0000000e+00
  -2.2675321e-01  -1.7980609e+00  -1.7323439e+00   1.5355104e-01   1.5945248e+00   0.0000000e+00
  -2.2704929e-01  -1.7949930e+00  -1.7228425e+00   1.5374948e-01   1.5941708e+00   0.0000000e+00
  -2.2714545e-01  -1.7918049e+00  -1.7127119e+00   1.5392290e-01   1.5938199e+00   0.0000000e+00
  -2.2701584e-01  -1.7892149e+00  -1.7043947e+00   1.5404344e-01   1.5935590e+00   0.0000000e+00
  -2.2662475e-01  -1.7861015e+00  -1.6942194e+00   1.5415947e-01   1.5932692e+00   0.0000000e+00
  -2.2607161e-01  -1.7833496e+00  -1.6850338e+00   1.5423303e-01   1.5930324e+00   0.0000000e+00
  -2.2540990e-01  -1.7809012e+00  -1.6766957e+00   1.5427381e-01   1.5928372e+00   0.0000000e+00
  -2.2461140e-01  -1.7785340e+00  -1.6684803e+00   1.5428993e-01   1.5926629e+00   0.0000000e+00
  -2.2362908e-01  -1.7761223e+00  -1.6599519e+00   1.5428170e-01   1.5925010e+00   0.0000000e+00
  -2.2248667e-01  -1.7737478e+00  -1.6513974e+00   1.5424822e-01   1.5923582e+00   0.0000000e+00
  -2.2122709e-01  -1.7714844e+00  -1.6430963e+00   1.5419197e-01   1.5922386e+00   0.0000000e+00
  -2.1985282e-01  -1.7693113e+00  -1.6349939e+00   1.5411489e-01   1.5921401e+00   0.0000000e+00
  -2.1834876e-01  -1.7671923e+00  -1.6269698e+00   1.5401738e-01   1.5920607e+00   0.0000000e+00
  -2.1671648e-01  -1.7651237e+00  -1.6190235e+00   1.5390047e-01   1.5920004e+00   0.0000000e+00
  -2.1496692e-01  -1.7631130e+00  -1.6111966e+00   1.5376598e-01   1.5919593e+00   0.0000000e+00
  -2.1261971e-01  -1.7606762e+00  -1.6015906e+00   1.5357564e-01   1.5919351e+00   0.0000000e+00
  -2.1010492e-01  -1.7583196e+00  -1.5921698e+00   1.5336179e-01   1.5919391e+00   0.0000000e+00
  -2.0741953e-01  -1.7560325e+00  -1.5829366e+00   1.5312795e-01   1.5919726e+00   0.0000000e+00
  -2.0456763e-01  -1.7538093e+00  -1.5739037e+00   1.5287735e-01   1.5920358e+00   0.0000000e+00
  -2.0155598e-01  -1.7516453e+00  -1.5650659e+00   1.5261171e-01   1.5921277e+00   0.0000000e+00
  -1.9839473e-01  -1.7495383e+00  -1.5564284e+00   1.5233296e-01   1.5922476e+00   0.0000000e+00
  -1.9508013e-01  -1.7474792e+00  -1.5480000e+00   1.5204496e-01   1.5923967e+00   0.0000000e+00
  -1.9161423e-01  -1.7454621e+00  -1.5397911e+00   1.5175099e-01   1.5925756e+00   0.0000000e+00
  -1.8800259e-01  -1.7434832e+00  -1.5317984e+00   1.5145274e-01   1.5927837e+00   0.0000000e+00
  -1.8425363e-01  -1.7415405e+00  -1.5240249e+00   1.5115205e-01   1.5930202e+00   0.0000000e+00
  -1.8036327e-01  -1.7396255e+00  -1.5164832e+00   1.5085309e-01   1.5932867e+00   0.0000000e+00
  -1.7633271e-01  -1.7377329e+00  -1.5091841e+00   1.5055926e-01   1.5935839e+00   0.0000000e+00
  -1.7216657e-01  -1.7358594e+00  -1.5021255e+00   1.5027225e-01   1.5939114e+00   0.0000000e+00
  -1.6787142e-01  -1.7340028e+00  -1.4953082e+00   1.4999381e-01   1.5942686e+00   0.0000000e+00
  -1.6344332e-01  -1.7321555e+00  -1.4887479e+00   1.4972837e-01   1.5946572e+00   0.0000000e+00
  -1.5888279e-01  -1.7303123e+00  -1.4824559e+00   1.4947945e-01   1.5950782e+00   0.0000000e+00
  -1.5419362e-01  -1.7284704e+00  -1.4764310e+00   1.4924875e-01   1.5955313e+00   0.0000000e+00
  -1.4938018e-01  -1.7266273e+00  -1.4706725e+00   1.4903791e-01   1.5960160e+00   0.0000000e+00
  -1.4443905e-01  -1.7247761e+00  -1.4651987e+00   1.4885162e-01   1.5965344e+00   0.0000000e+00
  -1.3936994e-01  -1.7229116e+00  -1.4600214e+00   1.4869346e-01   1.5970875e+00   0.0000000e+00
  -1.3417579e-01  -1.7210314e+00  -1.4551403e+00   1.4856514e-01   1.5976752e+00   0.0000000e+00
  -1.2885802e-01  -1.7191325e+00  -1.4505541e+00   1.4846828e-01   1.5982975e+00   0.0000000e+00
  -1.2341395e-01  -1.7172085e+00  -1.4462835e+00   1.4840774e-01   1.5989566e+00   0.0000000e+00
  -1.1784216e-01  -1.7152543e+00  -1.4423412e+00   1.4838718e-01   1.5996535e+00   0.0000000e+00
  -1.1214429e-01  -1.7132673e+00  -1.4387284e+00   1.4840837e-01   1.6003887e+00   0.0000000e+00
  -1.0631736e-01  -1.7112437e+00  -1.4354442e+00   1.4847306e-01   1.6011630e+00   0.0000000e+00
  -1.0035934e-01  -1.7091773e+00  -1.4325120e+00   1.4858627e-01   1.6019783e+00   0.0000000e+00
  -9.4266672e-02  -1.7070629e+00  -1.4299464e+00   1.4875185e-01   1.6028365e+00   0.0000000e+00
  -8.8038513e-02  -1.7048972e+00  -1.4277513e+00   1.4897179e-01   1.6037385e+00   0.0000000e+00
  -8.1663613e-02  -1.7026737e+00  -1.4259288e+00   1.4924857e-01   1.6046866e+00   0.0000000e+00
  -7.5139597e-02  -1.7003865e+00  -1.4245066e+00   1.4958749e-01   1.6056833e+00   0.0000000e+00
  -6.8457228e-02  -1.6980284e+00  -1.4235040e+00   1.4999312e-01   1.6067316e+00   0.0000000e+00
  -6.1608476e-02  -1.6955938e+00  -1.4229315e+00   1.5046844e-01   1.6078339e+00   0.0000000e+00
  -5.4560449e-02  -1.6930681e+00  -1.4228025e+00   1.5101877e-01   1.6089971e+00   0.0000000e+00
  -4.8774114e-02  -1.6909768e+00  -1.4230468e+00   1.5151778e-01   1.6099741e+00   0.0000000e+00
  -4.2833474e-02  -1.6888126e+00  -1.4236148e+00   1.5207313e-01   1.6109975e+00   0.0000000e+00
  -3.6712415e-02  -1.6865640e+00  -1.4245286e+00   1.5269008e-01   1.6120731e+00   0.0000000e+00
  -3.0370462e-02  -1.6842139e+00  -1.4258184e+00   1.5337607e-01   1.6132099e+00   0.0000000e+00
  -2.3737444e-02  -1.6817340e+00  -1.4275298e+00   1.5414280e-01   1.6144228e+00   0.0000000e+00
  -1.6790947e-02  -1.6791146e+00  -1.4297024e+00   1.5499692e-01   1.6157182e+00   0.0000000e+00
  -9.7435478e-03  -1.6764398e+00  -1.4322640e+00   1.5591017e-01   1.6170566e+00   0.0000000e+00
  -2.6561382e-03  -1.6737525e+00  -1.4350875e+00   1.5685688e-01   1.6184199e+00   0.0000000e+00
   4.5196980e-03  -1.6709778e+00  -1.4384946e+00   1.5789228e-01   1.6198368e+00   0.0000000e+00
   1.1469968e-02  -1.6682313e+00  -1.4423565e+00   1.5897365e-01   1.6212469e+00   0.0000000e+00
   1.7836757e-02  -1.6656769e+00  -1.4463106e+00   1.6001992e-01   1.6225668e+00   0.0000000e+00
   2.4182686e-02  -1.6630983e+00  -1.4506302e+00   1.6111159e-01   1.6239082e+00   0.0000000e+00
   3.0414152e-02  -1.6605368e+00  -1.4552290e+00   1.6222829e-01   1.6252499e+00   0.0000000e+00
   3.6526330e-02  -1.6579974e+00  -1.4600802e+00   1.6336491e-01   1.6265892e+00   0.0000000e+00
   4.2529515e-02  -1.6554781e+00  -1.4651717e+00   1.6451968e-01   1.6279271e+00   0.0000000e+00
   4.8433849e-02  -1.6529770e+00  -1.4704958e+00   1.6569136e-01   1.6292647e+00   0.0000000e+00
   5.5685756e-02  -1.6498752e+00  -1.4774628e+00   1.6717706e-01   1.6309370e+00   0.0000000e+00
   6.2809089e-02  -1.6467959e+00  -1.4847811e+00   1.6868630e-01   1.6326121e+00   0.0000000e+00
   6.9811719e-02  -1.6437405e+00  -1.4924310e+00   1.7021498e-01   1.6342899e+00   0.0000000e+00
   7.6692161e-02  -1.6407147e+00  -1.5003834e+00   1.7175713e-01   1.6359681e+00   0.0000000e+00
   8.3461293e-02  -1.6377143e+00  -1.5086509e+00   1.7331350e-01   1.6376492e+00   0.0000000e+00
   9.0119585e-02  -1.6347413e+00  -1.5172283e+00   1.7488150e-01   1.6393327e+00   0.0000000e+00
   9.6669361e-02  -1.6317993e+00  -1.5260976e+00   1.7645690e-01   1.6410176e+00   0.0000000e+00
   1.0310931e-01  -1.6288939e+00  -1.5352358e+00   1.7803460e-01   1.6427019e+00   0.0000000e+00
   1.0944070e-01  -1.6260249e+00  -1.5446527e+00   1.7961415e-01   1.6443863e+00   0.0000000e+00
   1.1566115e-01  -1.6231955e+00  -1.5543440e+00   1.8119291e-01   1.6460698e+00   0.0000000e+00
   1.2177107e-01  -1.6204105e+00  -1.5642925e+00   1.8276671e-01   1.6477511e+00   0.0000000e+00
   1.2777025e-01  -1.6176748e+00  -1.5744796e+00   1.8433125e-01   1.6494286e+00   0.0000000e+00
   1.3365481e-01  -1.6149909e+00  -1.5849122e+00   1.8588533e-01   1.6511019e+00   0.0000000e+00
   1.3942095e-01  -1.6123629e+00  -1.5955868e+00   1.8742634e-01   1.6527697e+00   0.0000000e+00
   1.4506816e-01  -1.6097959e+00  -1.6064865e+00   1.8895026e-01   1.6544306e+00   0.0000000e+00
   1.5059731e-01  -1.6072948e+00  -1.6175959e+00   1.9045352e-01   1.6560834e+00   0.0000000e+00
   1.5600114e-01  -1.6048636e+00  -1.6289197e+00   1.9193436e-01   1.6577269e+00   0.0000000e+00
   1.6127493e-01  -1.6025074e+00  -1.6404546e+00   1.9339024e-01   1.6593596e+00   0.0000000e+00
   1.6641764e-01  -1.6002317e+00  -1.6521835e+00   1.9481737e-01   1.6609800e+00   0.0000000e+00
   1.7143089e-01  -1.5980410e+00  -1.6640946e+00   1.9621277e-01   1.6625871e+00   0.0000000e+00
   1.7630497e-01  -1.5959411e+00  -1.6761898e+00   1.9757428e-01   1.6641791e+00   0.0000000e+00
   1.8103438e-01  -1.5939376e+00  -1.6884661e+00   1.9889943e-01   1.6657544e+00   0.0000000e+00
   1.8561762e-01  -1.5920366e+00  -1.7009061e+00   2.0018464e-01   1.6673114e+00   0.0000000e+00
   1.9005675e-01  -1.5902424e+00  -1.7135014e+00   2.0142750e-01   1.6688493e+00   0.0000000e+00
   1.9434008e-01  -1.5885623e+00  -1.7262510e+00   2.0262547e-01   1.6703658e+00   0.0000000e+00
   1.9846134e-01  -1.5870028e+00  -1.7391524e+00   2.0377610e-01   1.6718590e+00   0.0000000e+00
   2.0241851e-01  -1.5855702e+00  -1.7521873e+00   2.0487608e-01   1.6733272e+00   0.0000000e+00
   2.0621358e-01  -1.5842690e+00  -1.7653516e+00   2.0592343e-01   1.6747700e+00   0.0000000e+00
   2.0983319e-01  -1.5831080e+00  -1.7786409e+00   2.0691526e-01   1.6761843e+00   0.0000000e+00
   2.1327019e-01  -1.5820948e+00  -1.7920530e+00   2.0784908e-01   1.6775681e+00   0.0000000e+00
   2.1588886e-01  -1.5813943e+00  -1.8028590e+00   2.0855250e-01   1.6786524e+00   0.0000000e+00
   2.1838630e-01  -1.5807962e+00  -1.8137320e+00   2.0921575e-01   1.6797153e+00   0.0000000e+00
   2.2075935e-01  -1.5803043e+00  -1.8246685e+00   2.0983750e-01   1.6807556e+00   0.0000000e+00
   2.2300468e-01  -1.5799228e+00  -1.8356650e+00   2.1041643e-01   1.6817724e+00   0.0000000e+00
   2.2511884e-01  -1.5796558e+00  -1.8467182e+00   2.1095116e-01   1.6827645e+00   0.0000000e+00
   2.2709822e-01  -1.5795077e+00  -1.8578245e+00   2.1144035e-01   1.6837309e+00   0.0000000e+00
   2.2893904e-01  -1.5794828e+00  -1.8689808e+00   2.1188263e-01   1.6846703e+00   0.0000000e+00
   2.3063737e-01  -1.5795857e+00  -1.8801837e+00   2.1227658e-01   1.6855816e+00   0.0000000e+00
   2.3218910e-01  -1.5798214e+00  -1.8914300e+00   2.1262080e-01   1.6864636e+00   0.0000000e+00
   2.3358997e-01  -1.5801949e+00  -1.9027167e+00   2.1291381e-01   1.6873150e+00   0.0000000e+00
   2.3483561e-01  -1.5807113e+00  -1.9140406e+00   2.1315414e-01   1.6881344e+00   0.0000000e+00
   2.3592163e-01  -1.5813761e+00  -1.9253989e+00   2.1334025e-01   1.6889207e+00   0.0000000e+00
   2.3684379e-01  -1.5821952e+00  -1.9367885e+00   2.1347052e-01   1.6896724e+00   0.0000000e+00
   2.3759856e-01  -1.5831747e+00  -1.9482067e+00   2.1354330e-01   1.6903885e+00   0.0000000e+00
   2.3818439e-01  -1.5843211e+00  -1.9596504e+00   2.1355683e-01   1.6910678e+00   0.0000000e+00
   2.3860703e-01  -1.5856415e+00  -1.9711165e+00   2.1350921e-01   1.6917108e+00   0.0000000e+00
   2.3890800e-01  -1.5871451e+00  -1.9826035e+00   2.1339813e-01   1.6923234e+00   0.0000000e+00
   2.3897687e-01  -1.5888345e+00  -1.9941010e+00   2.1322258e-01   1.6928868e+00   0.0000000e+00
   2.3875625e-01  -1.5907119e+00  -2.0055854e+00   2.1298151e-01   1.6933899e+00   0.0000000e+00
   2.3826598e-01  -1.5927877e+00  -2.0170671e+00   2.1267259e-01   1.6938359e+00   0.0000000e+00
   2.3753146e-01  -1.5950143e+00  -2.0282710e+00   2.1230343e-01   1.6942160e+00   0.0000000e+00
   2.3657677e-01  -1.5973590e+00  -2.0390791e+00   2.1188176e-01   1.6945295e+00   0.0000000e+00
   2.3541653e-01  -1.5998124e+00  -2.0495044e+00   2.1141185e-01   1.6947799e+00   0.0000000e+00
   2.3406075e-01  -1.6023698e+00  -2.0595748e+00   2.1089692e-01   1.6949709e+00   0.0000000e+00
   2.3251735e-01  -1.6050263e+00  -2.0693133e+00   2.1033982e-01   1.6951054e+00   0.0000000e+00
   2.3079303e-01  -1.6077771e+00  -2.0787371e+00   2.0974327e-01   1.6951856e+00   0.0000000e+00
   2.2889367e-01  -1.6106169e+00  -2.0878599e+00   2.0910987e-01   1.6952136e+00   0.0000000e+00
   2.2682447e-01  -1.6135405e+00  -2.0966931e+00   2.0844210e-01   1.6951913e+00   0.0000000e+00
   2.2459002e-01  -1.6165430e+00  -2.1052464e+00   2.0774232e-01   1.6951203e+00   0.0000000e+00
   2.2219445e-01  -1.6196192e+00  -2.1135286e+00   2.0701280e-01   1.6950021e+00   0.0000000e+00
   2.1964145e-01  -1.6227641e+00  -2.1215473e+00   2.0625573e-01   1.6948380e+00   0.0000000e+00
   2.1693438e-01  -1.6259727e+00  -2.1293093e+00   2.0547324e-01   1.6946293e+00   0.0000000e+00
   2.1407635e-01  -1.6292400e+00  -2.1368207e+00   2.0466740e-01   1.6943772e+00   0.0000000e+00
   2.1107023e-01  -1.6325609e+00  -2.1440869e+00   2.0384024e-01   1.6940827e+00   0.0000000e+00
   2.0791869e-01  -1.6359303e+00  -2.1511128e+00   2.0299377e-01   1.6937470e+00   0.0000000e+00
   2.0462427e-01  -1.6393431e+00  -2.1579029e+00   2.0212996e-01   1.6933711e+00   0.0000000e+00
   2.0118935e-01  -1.6427942e+00  -2.1644613e+00   2.0125075e-01   1.6929558e+00   0.0000000e+00
   1.9761617e-01  -1.6462783e+00  -2.1707918e+00   2.0035808e-01   1.6925022e+00   0.0000000e+00
   1.9390688e-01  -1.6497902e+00  -2.1768978e+00   1.9945383e-01   1.6920111e+00   0.0000000e+00
   1.9006352e-01  -1.6533246e+00  -2.1827827e+00   1.9853990e-01   1.6914834e+00   0.0000000e+00
   1.8608802e-01  -1.6568763e+00  -2.1884496e+00   1.9761815e-01   1.6909200e+00   0.0000000e+00
   1.8198225e-01  -1.6604400e+00  -2.1939013e+00   1.9669042e-01   1.6903217e+00   0.0000000e+00
   1.7774796e-01  -1.6640103e+00  -2.1991407e+00   1.9575855e-01   1.6896894e+00   0.0000000e+00
   1.7338683e-01  -1.6675820e+00  -2.2041703e+00   1.9482435e-01   1.6890237e+00   0.0000000e+00
   1.6890048e-01  -1.6711496e+00  -2.2089928e+00   1.9388960e-01   1.6883254e+00   0.0000000e+00
   1.6429042e-01  -1.6747078e+00  -2.2136103e+00   1.9295609e-01   1.6875954e+00   0.0000000e+00
   1.5955811e-01  -1.6782513e+00  -2.2180253e+00   1.9202558e-01   1.6868343e+00   0.0000000e+00
   1.5470491e-01  -1.6817747e+00  -2.2222399e+00   1.9109981e-01   1.6860428e+00   0.0000000e+00
   1.4973211e-01  -1.6852727e+00  -2.2262560e+00   1.9018050e-01   1.6852217e+00   0.0000000e+00
   1.4464089e-01  -1.6887397e+00  -2.2300757e+00   1.8926936e-01   1.6843716e+00   0.0000000e+00
   1.3943238e-01  -1.6921706e+00  -2.2337007e+00   1.8836810e-01   1.6834932e+00   0.0000000e+00
   1.3410757e-01  -1.6955599e+00  -2.2371328e+00   1.8747838e-01   1.6825870e+00   0.0000000e+00
   1.2866738e-01  -1.6989022e+00  -2.2403734e+00   1.8660186e-01   1.6816538e+00   0.0000000e+00
   1.2311259e-01  -1.7021923e+00  -2.2434241e+00   1.8574020e-01   1.6806939e+00   0.0000000e+00
   1.1744386e-01  -1.7054246e+00  -2.2462860e+00   1.8489501e-01   1.6797081e+00   0.0000000e+00
   1.1166170e-01  -1.7085940e+00  -2.2489603e+00   1.8406793e-01   1.6786967e+00   0.0000000e+00
   1.0576646e-01  -1.7116950e+00  -2.2514479e+00   1.8326054e-01   1.6776603e+00   0.0000000e+00
   9.9758293e-02  -1.7147222e+00  -2.2537495e+00   1.8247444e-01   1.6765993e+00   0.0000000e+00
   9.3637142e-02  -1.7176703e+00  -2.2558657e+00   1.8171122e-01   1.6755140e+00   0.0000000e+00
   8.7402682e-02  -1.7205339e+00  -2.2577968e+00   1.8097245e-01   1.6744047e+00   0.0000000e+00
   8.1054282e-02  -1.7233076e+00  -2.2595428e+00   1.8025969e-01   1.6732718e+00   0.0000000e+00
   7.4590945e-02  -1.7259860e+00  -2.2611034e+00   1.7957451e-01   1.6721154e+00   0.0000000e+00
   6.8011222e-02  -1.7285635e+00  -2.2624780e+00   1.7891847e-01   1.6709356e+00   0.0000000e+00
   6.1313116e-02  -1.7310347e+00  -2.2636654e+00   1.7829316e-01   1.6697322e+00   0.0000000e+00
   5.4493943e-02  -1.7333940e+00  -2.2646644e+00   1.7770013e-01   1.6685053e+00   0.0000000e+00
   4.7550143e-02  -1.7356357e+00  -2.2654727e+00   1.7714098e-01   1.6672544e+00   0.0000000e+00
   4.0477034e-02  -1.7377541e+00  -2.2660877e+00   1.7661733e-01   1.6659789e+00   0.0000000e+00
   3.3268444e-02  -1.7397435e+00  -2.2665060e+00   1.7613080e-01   1.6646781e+00   0.0000000e+00
   2.5916187e-02  -1.7415980e+00  -2.2667230e+00   1.7568304e-01   1.6633507e+00   0.0000000e+00
   1.8409264e-02  -1.7433118e+00  -2.2667333e+00   1.7527570e-01   1.6619950e+00   0.0000000e+00
   1.0732584e-02  -1.7448794e+00  -2.2665296e+00   1.7491039e-01   1.6606084e+00   0.0000000e+00
   2.8648005e-03  -1.7462963e+00  -2.2661032e+00   1.7458851e-01   1.6591871e+00   0.0000000e+00
  -5.2256615e-03  -1.7475614e+00  -2.2654434e+00   1.7431067e-01   1.6577256e+00   0.0000000e+00
  -1.3588864e-02  -1.7487001e+00  -2.2645484e+00   1.7407088e-01   1.6562141e+00   0.0000000e+00
  -2.2308039e-02  -1.7497147e+00  -2.2633929e+00   1.7386936e-01   1.6546375e+00   0.0000000e+00
  -2.9211857e-02  -1.7502789e+00  -2.2622606e+00   1.7377378e-01   1.6533916e+00   0.0000000e+00
  -3.5947028e-02  -1.7506062e+00  -2.2609484e+00   1.7374018e-01   1.6521781e+00   0.0000000e+00
  -4.4028738e-02  -1.7507844e+00  -2.2591618e+00   1.7375745e-01   1.6507236e+00   0.0000000e+00
  -5.1898866e-02  -1.7507236e+00  -2.2571859e+00   1.7383700e-01   1.6493086e+00   0.0000000e+00
  -5.9507779e-02  -1.7504506e+00  -2.2550553e+00   1.7397117e-01   1.6479418e+00   0.0000000e+00
  -6.6881009e-02  -1.7499862e+00  -2.2527819e+00   1.7415440e-01   1.6466183e+00   0.0000000e+00
  -7.4069395e-02  -1.7493434e+00  -2.2503639e+00   1.7438339e-01   1.6453287e+00   0.0000000e+00
  -8.1100405e-02  -1.7485322e+00  -2.2478019e+00   1.7465554e-01   1.6440679e+00   0.0000000e+00
  -8.7986969e-02  -1.7475615e+00  -2.2450986e+00   1.7496840e-01   1.6428334e+00   0.0000000e+00
  -9.4738112e-02  -1.7464389e+00  -2.2422563e+00   1.7531983e-01   1.6416233e+00   0.0000000e+00
  -1.0136107e-01  -1.7451712e+00  -2.2392769e+00   1.7570787e-01   1.6404362e+00   0.0000000e+00
  -1.0786136e-01  -1.7437647e+00  -2.2361618e+00   1.7613074e-01   1.6392708e+00   0.0000000e+00
  -1.1424318e-01  -1.7422250e+00  -2.2329118e+00   1.7658677e-01   1.6381262e+00   0.0000000e+00
  -1.2050974e-01  -1.7405575e+00  -2.2295279e+00   1.7707436e-01   1.6370015e+00   0.0000000e+00
  -1.2666349e-01  -1.7387673e+00  -2.2260104e+00   1.7759202e-01   1.6358960e+00   0.0000000e+00
  -1.3270629e-01  -1.7368592e+00  -2.2223596e+00   1.7813826e-01   1.6348093e+00   0.0000000e+00
  -1.3863947e-01  -1.7348378e+00  -2.2185755e+00   1.7871168e-01   1.6337407e+00   0.0000000e+00
  -1.4446399e-01  -1.7327076e+00  -2.2146579e+00   1.7931089e-01   1.6326900e+00   0.0000000e+00
  -1.5018043e-01  -1.7304730e+00  -2.2106063e+00   1.7993455e-01   1.6316566e+00   0.0000000e+00
  -1.5578909e-01  -1.7281382e+00  -2.2064203e+00   1.8058131e-01   1.6306404e+00   0.0000000e+00
  -1.6129005e-01  -1.7257072e+00  -2.2020991e+00   1.8124988e-01   1.6296409e+00   0.0000000e+00
  -1.6668312e-01  -1.7231842e+00  -2.1976417e+00   1.8193894e-01   1.6286580e+00   0.0000000e+00
  -1.7196797e-01  -1.7205731e+00  -2.1930473e+00   1.8264721e-01   1.6276915e+00   0.0000000e+00
  -1.7714406e-01  -1.7178778e+00  -2.1883147e+00   1.8337342e-01   1.6267411e+00   0.0000000e+00
  -1.8221070e-01  -1.7151020e+00  -2.1834425e+00   1.8411629e-01   1.6258066e+00   0.0000000e+00
  -1.8716707e-01  -1.7122497e+00  -2.1784293e+00   1.8487455e-01   1.6248880e+00   0.0000000e+00
  -1.9201218e-01  -1.7093244e+00  -2.1732736e+00   1.8564693e-01   1.6239851e+00   0.0000000e+00
  -1.9674494e-01  -1.7063298e+00  -2.1679736e+00   1.8643217e-01   1.6230978e+00   0.0000000e+00
  -2.0136412e-01  -1.7032696e+00  -2.1625278e+00   1.8722901e-01   1.6222260e+00   0.0000000e+00
  -2.0586835e-01  -1.7001473e+00  -2.1569340e+00   1.8803617e-01   1.6213696e+00   0.0000000e+00
  -2.1025613e-01  -1.6969664e+00  -2.1511903e+00   1.8885238e-01   1.6205286e+00   0.0000000e+00
  -2.1452586e-01  -1.6937303e+00  -2.1452945e+00   1.8967636e-01   1.6197029e+00   0.0000000e+00
  -2.1867577e-01  -1.6904426e+00  -2.1392445e+00   1.9050684e-01   1.6188924e+00   0.0000000e+00
  -2.2270398e-01  -1.6871065e+00  -2.1330378e+00   1.9134252e-01   1.6180973e+00   0.0000000e+00
  -2.2660844e-01  -1.6837254e+00  -2.1266720e+00   1.9218210e-01   1.6173176e+00   0.0000000e+00
  -2.3038695e-01  -1.6803026e+00  -2.1201445e+00   1.9302428e-01   1.6165532e+00   0.0000000e+00
  -2.3403714e-01  -1.6768413e+00  -2.1134525e+00   1.9386773e-01   1.6158042e+00   0.0000000e+00
  -2.3755478e-01  -1.6733462e+00  -2.1065966e+00   1.9471073e-01   1.6150711e+00   0.0000000e+00
  -2.4093305e-01  -1.6698254e+00  -2.0995835e+00   1.9555080e-01   1.6143550e+00   0.0000000e+00
  -2.4417079e-01  -1.6662809e+00  -2.0924087e+00   1.9638689e-01   1.6136556e+00   0.0000000e+00
  -2.4726611e-01  -1.6627149e+00  -2.0850683e+00   1.9721782e-01   1.6129730e+00   0.0000000e+00
  -2.5021569e-01  -1.6591313e+00  -2.0775611e+00   1.9804207e-01   1.6123073e+00   0.0000000e+00
  -2.5300761e-01  -1.6555443e+00  -2.0699094e+00   1.9885570e-01   1.6116610e+00   0.0000000e+00
  -2.5562269e-01  -1.6519824e+00  -2.0621675e+00   1.9965181e-01   1.6110382e+00   0.0000000e+00
  -2.5806963e-01  -1.6484376e+00  -2.0543135e+00   2.0043176e-01   1.6104370e+00   0.0000000e+00
  -2.6035869e-01  -1.6448955e+00  -2.0463096e+00   2.0119812e-01   1.6098544e+00   0.0000000e+00
  -2.6248781e-01  -1.6413578e+00  -2.0381524e+00   2.0194984e-01   1.6092906e+00   0.0000000e+00
  -2.6444998e-01  -1.6378349e+00  -2.0298593e+00   2.0268402e-01   1.6087470e+00   0.0000000e+00
  -2.6624214e-01  -1.6343317e+00  -2.0214358e+00   2.0339903e-01   1.6082242e+00   0.0000000e+00
  -2.6786465e-01  -1.6308457e+00  -2.0128701e+00   2.0409468e-01   1.6077215e+00   0.0000000e+00
  -2.6931700e-01  -1.6273739e+00  -2.0041484e+00   2.0477077e-01   1.6072385e+00   0.0000000e+00
  -2.7059652e-01  -1.6239170e+00  -1.9952644e+00   2.0542635e-01   1.6067754e+00   0.0000000e+00
  -2.7170004e-01  -1.6204765e+00  -1.9862139e+00   2.0606018e-01   1.6063324e+00   0.0000000e+00
  -2.7262528e-01  -1.6170519e+00  -1.9769851e+00   2.0667132e-01   1.6059093e+00   0.0000000e+00
  -2.7337132e-01  -1.6136401e+00  -1.9675547e+00   2.0725910e-01   1.6055053e+00   0.0000000e+00
  -2.7394167e-01  -1.6102386e+00  -1.9578866e+00   2.0782225e-01   1.6051184e+00   0.0000000e+00
  -2.7436148e-01  -1.6068466e+00  -1.9478960e+00   2.0835778e-01   1.6047405e+00   0.0000000e+00
  -2.7459706e-01  -1.6034185e+00  -1.9374730e+00   2.0887119e-01   1.6043741e+00   0.0000000e+00
  -2.7449874e-01  -1.5999519e+00  -1.9268750e+00   2.0936703e-01   1.6040554e+00   0.0000000e+00
  -2.7412100e-01  -1.5966515e+00  -1.9166582e+00   2.0981489e-01   1.6037922e+00   0.0000000e+00
  -2.7350870e-01  -1.5935049e+00  -1.9067607e+00   2.1021793e-01   1.6035750e+00   0.0000000e+00
  -2.7272748e-01  -1.5906214e+00  -1.8975452e+00   2.1056554e-01   1.6034050e+00   0.0000000e+00
  -2.7182304e-01  -1.5879852e+00  -1.8889908e+00   2.1086422e-01   1.6032746e+00   0.0000000e+00
  -2.7074478e-01  -1.5853859e+00  -1.8804354e+00   2.1114020e-01   1.6031709e+00   0.0000000e+00
  -2.6945623e-01  -1.5827556e+00  -1.8716599e+00   2.1140022e-01   1.6030928e+00   0.0000000e+00
  -2.6799512e-01  -1.5801822e+00  -1.8629625e+00   2.1163538e-01   1.6030441e+00   0.0000000e+00
  -2.6639800e-01  -1.5777116e+00  -1.8545117e+00   2.1184279e-01   1.6030245e+00   0.0000000e+00
  -2.6465911e-01  -1.5753153e+00  -1.8462268e+00   2.1202649e-01   1.6030327e+00   0.0000000e+00
  -2.6276538e-01  -1.5729665e+00  -1.8380280e+00   2.1218970e-01   1.6030684e+00   0.0000000e+00
  -2.6072203e-01  -1.5706660e+00  -1.8299314e+00   2.1233331e-01   1.6031314e+00   0.0000000e+00
  -2.5853954e-01  -1.5684192e+00  -1.8219681e+00   2.1245809e-01   1.6032215e+00   0.0000000e+00
  -2.5622157e-01  -1.5662229e+00  -1.8141402e+00   2.1256545e-01   1.6033382e+00   0.0000000e+00
  -2.5313629e-01  -1.5635411e+00  -1.8045350e+00   2.1267712e-01   1.6035212e+00   0.0000000e+00
  -2.4984097e-01  -1.5609219e+00  -1.7951416e+00   2.1276717e-01   1.6037467e+00   0.0000000e+00
  -2.4634434e-01  -1.5583615e+00  -1.7859562e+00   2.1283741e-01   1.6040135e+00   0.0000000e+00
  -2.4265813e-01  -1.5558580e+00  -1.7769826e+00   2.1288951e-01   1.6043201e+00   0.0000000e+00
  -2.3877716e-01  -1.5534016e+00  -1.7682314e+00   2.1292736e-01   1.6046686e+00   0.0000000e+00
  -2.3470322e-01  -1.5509864e+00  -1.7597136e+00   2.1295405e-01   1.6050595e+00   0.0000000e+00
  -2.3044283e-01  -1.5486086e+00  -1.7514243e+00   2.1297123e-01   1.6054922e+00   0.0000000e+00
  -2.2600569e-01  -1.5462668e+00  -1.7433646e+00   2.1298048e-01   1.6059652e+00   0.0000000e+00
  -2.2138620e-01  -1.5439518e+00  -1.7355493e+00   2.1298582e-01   1.6064809e+00   0.0000000e+00
  -2.1658507e-01  -1.5416581e+00  -1.7279897e+00   2.1299039e-01   1.6070403e+00   0.0000000e+00
  -2.1160779e-01  -1.5393827e+00  -1.7206819e+00   2.1299575e-01   1.6076427e+00   0.0000000e+00
  -2.0646190e-01  -1.5371239e+00  -1.7136249e+00   2.1300335e-01   1.6082872e+00   0.0000000e+00
  -2.0114187e-01  -1.5348734e+00  -1.7068367e+00   2.1301738e-01   1.6089762e+00   0.0000000e+00
  -1.9564753e-01  -1.5326258e+00  -1.7003288e+00   2.1304101e-01   1.6097109e+00   0.0000000e+00
  -1.8998345e-01  -1.5303788e+00  -1.6940982e+00   2.1307573e-01   1.6104909e+00   0.0000000e+00
  -1.8415461e-01  -1.5281303e+00  -1.6881427e+00   2.1312290e-01   1.6113157e+00   0.0000000e+00
  -1.7815595e-01  -1.5258727e+00  -1.6824826e+00   2.1318684e-01   1.6121877e+00   0.0000000e+00
  -1.7198630e-01  -1.5236007e+00  -1.6771301e+00   2.1327075e-01   1.6131086e+00   0.0000000e+00
  -1.6564923e-01  -1.5213124e+00  -1.6720833e+00   2.1337605e-01   1.6140780e+00   0.0000000e+00
  -1.5914617e-01  -1.5190049e+00  -1.6673393e+00   2.1350414e-01   1.6150961e+00   0.0000000e+00
  -1.5247279e-01  -1.5166714e+00  -1.6629209e+00   2.1365940e-01   1.6161657e+00   0.0000000e+00
  -1.4562643e-01  -1.5143065e+00  -1.6588413e+00   2.1384509e-01   1.6172884e+00   0.0000000e+00
  -1.3860913e-01  -1.5119082e+00  -1.6551004e+00   2.1406266e-01   1.6184647e+00   0.0000000e+00
  -1.3141665e-01  -1.5094723e+00  -1.6516957e+00   2.1431371e-01   1.6196956e+00   0.0000000e+00
  -1.2404528e-01  -1.5069925e+00  -1.6486530e+00   2.1460272e-01   1.6209842e+00   0.0000000e+00
  -1.1648936e-01  -1.5044629e+00  -1.6459877e+00   2.1493313e-01   1.6223330e+00   0.0000000e+00
  -1.0874762e-01  -1.5018806e+00  -1.6437028e+00   2.1530664e-01   1.6237431e+00   0.0000000e+00
  -1.0080469e-01  -1.4992381e+00  -1.6417993e+00   2.1572571e-01   1.6252184e+00   0.0000000e+00
  -9.2655667e-02  -1.4965291e+00  -1.6403077e+00   2.1619506e-01   1.6267622e+00   0.0000000e+00
  -8.4286454e-02  -1.4937452e+00  -1.6392489e+00   2.1671897e-01   1.6283794e+00   0.0000000e+00
  -7.7419944e-02  -1.4914587e+00  -1.6387166e+00   2.1717920e-01   1.6297293e+00   0.0000000e+00
  -7.0387650e-02  -1.4891128e+00  -1.6384804e+00   2.1767911e-01   1.6311331e+00   0.0000000e+00
  -6.3172396e-02  -1.4867002e+00  -1.6385543e+00   2.1822177e-01   1.6325958e+00   0.0000000e+00
  -5.5750133e-02  -1.4842112e+00  -1.6389561e+00   2.1881100e-01   1.6341237e+00   0.0000000e+00
  -4.8140119e-02  -1.4816507e+00  -1.6397015e+00   2.1944721e-01   1.6357144e+00   0.0000000e+00
  -4.0415349e-02  -1.4790422e+00  -1.6407936e+00   2.2012540e-01   1.6373536e+00   0.0000000e+00
  -3.2577341e-02  -1.4763858e+00  -1.6422352e+00   2.2084571e-01   1.6390417e+00   0.0000000e+00
  -2.4594324e-02  -1.4736716e+00  -1.6440318e+00   2.2161070e-01   1.6407858e+00   0.0000000e+00
  -1.6451441e-02  -1.4708985e+00  -1.6461727e+00   2.2241939e-01   1.6425887e+00   0.0000000e+00
  -8.1364420e-03  -1.4680812e+00  -1.6485733e+00   2.2326069e-01   1.6444474e+00   0.0000000e+00
   3.5565125e-04  -1.4651646e+00  -1.6515204e+00   2.2417199e-01   1.6463827e+00   0.0000000e+00
   8.7126413e-03  -1.4622476e+00  -1.6549441e+00   2.2512436e-01   1.6483264e+00   0.0000000e+00
   1.6818677e-02  -1.4593861e+00  -1.6586946e+00   2.2609143e-01   1.6502444e+00   0.0000000e+00
   2.4778222e-02  -1.4565502e+00  -1.6627631e+00   2.2707843e-01   1.6521576e+00   0.0000000e+00
   3.2596783e-02  -1.4537410e+00  -1.6671228e+00   2.2808211e-01   1.6540651e+00   0.0000000e+00
   4.0269060e-02  -1.4509627e+00  -1.6717469e+00   2.2909862e-01   1.6559641e+00   0.0000000e+00
   4.7807109e-02  -1.4482125e+00  -1.6766232e+00   2.3012686e-01   1.6578559e+00   0.0000000e+00
   5.5222804e-02  -1.4454877e+00  -1.6817429e+00   2.3116606e-01   1.6597423e+00   0.0000000e+00
   6.2525316e-02  -1.4427861e+00  -1.6870989e+00   2.3221542e-01   1.6616247e+00   0.0000000e+00
   6.9721593e-02  -1.4401066e+00  -1.6926845e+00   2.3327404e-01   1.6635038e+00   0.0000000e+00
   7.8579482e-02  -1.4367846e+00  -1.6999892e+00   2.3461005e-01   1.6658505e+00   0.0000000e+00
   8.7279143e-02  -1.4335003e+00  -1.7076139e+00   2.3595426e-01   1.6681905e+00   0.0000000e+00
   9.5835875e-02  -1.4302475e+00  -1.7155737e+00   2.3730799e-01   1.6705280e+00   0.0000000e+00
   1.0425002e-01  -1.4270270e+00  -1.7238639e+00   2.3866928e-01   1.6728623e+00   0.0000000e+00
   1.1252433e-01  -1.4238419e+00  -1.7324655e+00   2.4003460e-01   1.6751924e+00   0.0000000e+00
   1.2065610e-01  -1.4206978e+00  -1.7413533e+00   2.4139954e-01   1.6775157e+00   0.0000000e+00
   1.2864759e-01  -1.4175929e+00  -1.7505401e+00   2.4276409e-01   1.6798332e+00   0.0000000e+00
   1.3649544e-01  -1.4145299e+00  -1.7600226e+00   2.4412607e-01   1.6821436e+00   0.0000000e+00
   1.4420007e-01  -1.4115132e+00  -1.7697828e+00   2.4548189e-01   1.6844454e+00   0.0000000e+00
   1.5176050e-01  -1.4085476e+00  -1.7798000e+00   2.4682771e-01   1.6867366e+00   0.0000000e+00
   1.5917216e-01  -1.4056345e+00  -1.7900846e+00   2.4816268e-01   1.6890165e+00   0.0000000e+00
   1.6643002e-01  -1.4027773e+00  -1.8006341e+00   2.4948452e-01   1.6912835e+00   0.0000000e+00
   1.7353351e-01  -1.3999813e+00  -1.8114306e+00   2.5078965e-01   1.6935358e+00   0.0000000e+00
   1.8048327e-01  -1.3972510e+00  -1.8224574e+00   2.5207475e-01   1.6957719e+00   0.0000000e+00
   1.8727043e-01  -1.3945898e+00  -1.8337222e+00   2.5333834e-01   1.6979901e+00   0.0000000e+00
   1.9388892e-01  -1.3920022e+00  -1.8452230e+00   2.5457806e-01   1.7001884e+00   0.0000000e+00
   2.0033767e-01  -1.3894937e+00  -1.8569419e+00   2.5579040e-01   1.7023649e+00   0.0000000e+00
   2.0661849e-01  -1.3870688e+00  -1.8688656e+00   2.5697248e-01   1.7045185e+00   0.0000000e+00
   2.1271947e-01  -1.3847328e+00  -1.8809991e+00   2.5812227e-01   1.7066466e+00   0.0000000e+00
   2.1863374e-01  -1.3824910e+00  -1.8933409e+00   2.5923730e-01   1.7087471e+00   0.0000000e+00
   2.2435976e-01  -1.3803495e+00  -1.9058725e+00   2.6031418e-01   1.7108177e+00   0.0000000e+00
   2.2990005e-01  -1.3783128e+00  -1.9185843e+00   2.6135035e-01   1.7128578e+00   0.0000000e+00
   2.3524033e-01  -1.3763879e+00  -1.9314785e+00   2.6234329e-01   1.7148640e+00   0.0000000e+00
   2.4037290e-01  -1.3745812e+00  -1.9445535e+00   2.6329037e-01   1.7168338e+00   0.0000000e+00
   2.4529566e-01  -1.3728994e+00  -1.9577906e+00   2.6418828e-01   1.7187648e+00   0.0000000e+00
   2.5001120e-01  -1.3713472e+00  -1.9711839e+00   2.6503470e-01   1.7206567e+00   0.0000000e+00
   2.5450321e-01  -1.3699336e+00  -1.9847324e+00   2.6582658e-01   1.7225051e+00   0.0000000e+00
   2.5793182e-01  -1.3689073e+00  -1.9956789e+00   2.6641887e-01   1.7239508e+00   0.0000000e+00
   2.6121135e-01  -1.3679780e+00  -2.0067162e+00   2.6697289e-01   1.7253661e+00   0.0000000e+00
   2.6433821e-01  -1.3671497e+00  -2.0178410e+00   2.6748711e-01   1.7267494e+00   0.0000000e+00
   2.6730866e-01  -1.3664267e+00  -2.0290499e+00   2.6795997e-01   1.7280994e+00   0.0000000e+00
   2.7011884e-01  -1.3658132e+00  -2.0403398e+00   2.6838986e-01   1.7294146e+00   0.0000000e+00
   2.7276466e-01  -1.3653139e+00  -2.0517075e+00   2.6877517e-01   1.7306934e+00   0.0000000e+00
   2.7524192e-01  -1.3649333e+00  -2.0631496e+00   2.6911420e-01   1.7319343e+00   0.0000000e+00
   2.7754617e-01  -1.3646765e+00  -2.0746632e+00   2.6940524e-01   1.7331356e+00   0.0000000e+00
   2.7967280e-01  -1.3645486e+00  -2.0862452e+00   2.6964651e-01   1.7342956e+00   0.0000000e+00
   2.8161701e-01  -1.3645550e+00  -2.0978925e+00   2.6983617e-01   1.7354126e+00   0.0000000e+00
   2.8337380e-01  -1.3647013e+00  -2.1096022e+00   2.6997231e-01   1.7364846e+00   0.0000000e+00
   2.8493808e-01  -1.3649935e+00  -2.1213715e+00   2.7005293e-01   1.7375099e+00   0.0000000e+00
   2.8630473e-01  -1.3654379e+00  -2.1331977e+00   2.7007595e-01   1.7384865e+00   0.0000000e+00
   2.8746888e-01  -1.3660413e+00  -2.1450781e+00   2.7003916e-01   1.7394126e+00   0.0000000e+00
   2.8842658e-01  -1.3668108e+00  -2.1570102e+00   2.6994023e-01   1.7402862e+00   0.0000000e+00
   2.8917657e-01  -1.3677542e+00  -2.1689915e+00   2.6977665e-01   1.7411062e+00   0.0000000e+00
   2.8972918e-01  -1.3688802e+00  -2.1810192e+00   2.6954564e-01   1.7418736e+00   0.0000000e+00
   2.9012947e-01  -1.3701993e+00  -2.1930842e+00   2.6924405e-01   1.7425960e+00   0.0000000e+00
   2.9023787e-01  -1.3717147e+00  -2.2051880e+00   2.6887033e-01   1.7432443e+00   0.0000000e+00
   2.8999088e-01  -1.3734273e+00  -2.2172854e+00   2.6842372e-01   1.7438022e+00   0.0000000e+00
   2.8943214e-01  -1.3753043e+00  -2.2291168e+00   2.6791314e-01   1.7442651e+00   0.0000000e+00
   2.8860049e-01  -1.3773179e+00  -2.2405588e+00   2.6734736e-01   1.7446354e+00   0.0000000e+00
   2.8751188e-01  -1.3794701e+00  -2.2516749e+00   2.6672712e-01   1.7449198e+00   0.0000000e+00
   2.8618279e-01  -1.3817492e+00  -2.2624505e+00   2.6605681e-01   1.7451218e+00   0.0000000e+00
   2.8462485e-01  -1.3841490e+00  -2.2728990e+00   2.6533925e-01   1.7452448e+00   0.0000000e+00
   2.8284710e-01  -1.3866648e+00  -2.2830369e+00   2.6457674e-01   1.7452921e+00   0.0000000e+00
   2.8085715e-01  -1.3892919e+00  -2.2928776e+00   2.6377144e-01   1.7452662e+00   0.0000000e+00
   2.7866159e-01  -1.3920258e+00  -2.3024322e+00   2.6292543e-01   1.7451696e+00   0.0000000e+00
   2.7626620e-01  -1.3948619e+00  -2.3117102e+00   2.6204074e-01   1.7450042e+00   0.0000000e+00
   2.7367606e-01  -1.3977959e+00  -2.3207198e+00   2.6111932e-01   1.7447719e+00   0.0000000e+00
   2.7089571e-01  -1.4008231e+00  -2.3294679e+00   2.6016309e-01   1.7444744e+00   0.0000000e+00
   2.6792928e-01  -1.4039392e+00  -2.3379605e+00   2.5917396e-01   1.7441132e+00   0.0000000e+00
   2.6478052e-01  -1.4071396e+00  -2.3462028e+00   2.5815384e-01   1.7436898e+00   0.0000000e+00
   2.6145293e-01  -1.4104196e+00  -2.3541994e+00   2.5710463e-01   1.7432054e+00   0.0000000e+00
   2.5794974e-01  -1.4137746e+00  -2.3619542e+00   2.5602823e-01   1.7426615e+00   0.0000000e+00
   2.5427398e-01  -1.4171997e+00  -2.3694707e+00   2.5492657e-01   1.7420591e+00   0.0000000e+00
   2.5042852e-01  -1.4206901e+00  -2.3767521e+00   2.5380157e-01   1.7413995e+00   0.0000000e+00
   2.4641605e-01  -1.4242409e+00  -2.3838012e+00   2.5265517e-01   1.7406839e+00   0.0000000e+00
   2.4223914e-01  -1.4278470e+00  -2.3906207e+00   2.5148935e-01   1.7399133e+00   0.0000000e+00
   2.3790021e-01  -1.4315035e+00  -2.3972131e+00   2.5030606e-01   1.7390889e+00   0.0000000e+00
   2.3340158e-01  -1.4352051e+00  -2.4035804e+00   2.4910730e-01   1.7382118e+00   0.0000000e+00
   2.2874547e-01  -1.4389466e+00  -2.4097250e+00   2.4789506e-01   1.7372830e+00   0.0000000e+00
   2.2270368e-01  -1.4436690e+00  -2.4170913e+00   2.4636472e-01   1.7360502e+00   0.0000000e+00
   2.1642300e-01  -1.4484361e+00  -2.4241178e+00   2.4482013e-01   1.7347403e+00   0.0000000e+00
   2.0991512e-01  -1.4532406e+00  -2.4308132e+00   2.4326418e-01   1.7333570e+00   0.0000000e+00
   2.0317287e-01  -1.4580662e+00  -2.4371717e+00   2.4170275e-01   1.7319001e+00   0.0000000e+00
   1.9619684e-01  -1.4628992e+00  -2.4431925e+00   2.4014085e-01   1.7303710e+00   0.0000000e+00
   1.8899582e-01  -1.4677337e+00  -2.4488856e+00   2.3858090e-01   1.7287726e+00   0.0000000e+00
   1.8157842e-01  -1.4725642e+00  -2.4542608e+00   2.3702517e-01   1.7271082e+00   0.0000000e+00
   1.7393856e-01  -1.4773716e+00  -2.4593102e+00   2.3548035e-01   1.7253778e+00   0.0000000e+00
   1.6607598e-01  -1.4821418e+00  -2.4640323e+00   2.3395158e-01   1.7235825e+00   0.0000000e+00
   1.5799864e-01  -1.4868690e+00  -2.4684360e+00   2.3244117e-01   1.7217254e+00   0.0000000e+00
   1.4971076e-01  -1.4915498e+00  -2.4725316e+00   2.3095070e-01   1.7198085e+00   0.0000000e+00
   1.4120795e-01  -1.4961626e+00  -2.4763089e+00   2.2948760e-01   1.7178323e+00   0.0000000e+00
   1.3425137e-01  -1.4997966e+00  -2.4791026e+00   2.2833951e-01   1.7162096e+00   0.0000000e+00
   1.2715871e-01  -1.5033758e+00  -2.4816958e+00   2.2721309e-01   1.7145506e+00   0.0000000e+00
   1.1992983e-01  -1.5068947e+00  -2.4840885e+00   2.2611040e-01   1.7128559e+00   0.0000000e+00
   1.1256427e-01  -1.5103473e+00  -2.4862810e+00   2.2503350e-01   1.7111262e+00   0.0000000e+00
   1.0506123e-01  -1.5137280e+00  -2.4882730e+00   2.2398446e-01   1.7093618e+00   0.0000000e+00
   9.7419491e-02  -1.5170310e+00  -2.4900639e+00   2.2296534e-01   1.7075630e+00   0.0000000e+00
   8.9637302e-02  -1.5202506e+00  -2.4916530e+00   2.2197819e-01   1.7057300e+00   0.0000000e+00
   8.1712302e-02  -1.5233809e+00  -2.4930391e+00   2.2102508e-01   1.7038629e+00   0.0000000e+00
   7.3641354e-02  -1.5264163e+00  -2.4942205e+00   2.2010807e-01   1.7019616e+00   0.0000000e+00
   6.5420345e-02  -1.5293509e+00  -2.4951951e+00   2.1922924e-01   1.7000256e+00   0.0000000e+00
   5.7043924e-02  -1.5321789e+00  -2.4959601e+00   2.1839068e-01   1.6980543e+00   0.0000000e+00
   4.8505113e-02  -1.5348944e+00  -2.4965117e+00   2.1759448e-01   1.6960466e+00   0.0000000e+00
   3.9794770e-02  -1.5374917e+00  -2.4968454e+00   2.1684276e-01   1.6940010e+00   0.0000000e+00
   3.0900777e-02  -1.5399650e+00  -2.4969555e+00   2.1613765e-01   1.6919152e+00   0.0000000e+00
   2.1806783e-02  -1.5423088e+00  -2.4968344e+00   2.1548127e-01   1.6897859e+00   0.0000000e+00
   1.2490140e-02  -1.5445180e+00  -2.4964725e+00   2.1487570e-01   1.6876084e+00   0.0000000e+00
   2.9182853e-03  -1.5465886e+00  -2.4958574e+00   2.1432279e-01   1.6853756e+00   0.0000000e+00
  -6.9582726e-03  -1.5485198e+00  -2.4949721e+00   2.1382374e-01   1.6830765e+00   0.0000000e+00
  -1.7221615e-02  -1.5503242e+00  -2.4937970e+00   2.1337599e-01   1.6806919e+00   0.0000000e+00
  -2.8021102e-02  -1.5520630e+00  -2.4923170e+00   2.1296310e-01   1.6781854e+00   0.0000000e+00
  -3.6479520e-02  -1.5532365e+00  -2.4909429e+00   2.1270416e-01   1.6762273e+00   0.0000000e+00
  -4.5170039e-02  -1.5541551e+00  -2.4892719e+00   2.1253233e-01   1.6742251e+00   0.0000000e+00
  -5.4890730e-02  -1.5549413e+00  -2.4871607e+00   2.1242036e-01   1.6719935e+00   0.0000000e+00
  -6.4381275e-02  -1.5554597e+00  -2.4848387e+00   2.1239404e-01   1.6698221e+00   0.0000000e+00
  -7.3567900e-02  -1.5557368e+00  -2.4823503e+00   2.1244325e-01   1.6677267e+00   0.0000000e+00
  -8.2466989e-02  -1.5557968e+00  -2.4797125e+00   2.1255999e-01   1.6657029e+00   0.0000000e+00
  -9.1134798e-02  -1.5556581e+00  -2.4769249e+00   2.1273871e-01   1.6637371e+00   0.0000000e+00
  -9.9605029e-02  -1.5553342e+00  -2.4739886e+00   2.1297526e-01   1.6618210e+00   0.0000000e+00
  -1.0789548e-01  -1.5548356e+00  -2.4709066e+00   2.1326609e-01   1.6599502e+00   0.0000000e+00
  -1.1601885e-01  -1.5541718e+00  -2.4676814e+00   2.1360809e-01   1.6581213e+00   0.0000000e+00
  -1.2398523e-01  -1.5533506e+00  -2.4643150e+00   2.1399855e-01   1.6563316e+00   0.0000000e+00
  -1.3180241e-01  -1.5523792e+00  -2.4608091e+00   2.1443498e-01   1.6545788e+00   0.0000000e+00
  -1.3947640e-01  -1.5512640e+00  -2.4571650e+00   2.1491511e-01   1.6528612e+00   0.0000000e+00
  -1.4701194e-01  -1.5500112e+00  -2.4533837e+00   2.1543679e-01   1.6511773e+00   0.0000000e+00
  -1.5441270e-01  -1.5486264e+00  -2.4494658e+00   2.1599801e-01   1.6495258e+00   0.0000000e+00
  -1.6168156e-01  -1.5471147e+00  -2.4454119e+00   2.1659684e-01   1.6479057e+00   0.0000000e+00
  -1.6882075e-01  -1.5454814e+00  -2.4412223e+00   2.1723143e-01   1.6463160e+00   0.0000000e+00
  -1.7583196e-01  -1.5437312e+00  -2.4368970e+00   2.1790002e-01   1.6447559e+00   0.0000000e+00
  -1.8271645e-01  -1.5418688e+00  -2.4324360e+00   2.1860086e-01   1.6432248e+00   0.0000000e+00
  -1.9114767e-01  -1.5393963e+00  -2.4266718e+00   2.1951786e-01   1.6413498e+00   0.0000000e+00
  -1.9938255e-01  -1.5367604e+00  -2.4206920e+00   2.2048051e-01   1.6395183e+00   0.0000000e+00
  -2.0741826e-01  -1.5339650e+00  -2.4144933e+00   2.2148691e-01   1.6377302e+00   0.0000000e+00
  -2.1525883e-01  -1.5310272e+00  -2.4080788e+00   2.2253138e-01   1.6359834e+00   0.0000000e+00
  -2.2290945e-01  -1.5279636e+00  -2.4014508e+00   2.2360847e-01   1.6342757e+00   0.0000000e+00
  -2.3036132e-01  -1.5247684e+00  -2.3946005e+00   2.2471901e-01   1.6326087e+00   0.0000000e+00
  -2.3760995e-01  -1.5214449e+00  -2.3875228e+00   2.2586129e-01   1.6309824e+00   0.0000000e+00
  -2.4326729e-01  -1.5187079e+00  -2.3817000e+00   2.2679341e-01   1.6297089e+00   0.0000000e+00
  -2.4879551e-01  -1.5159018e+00  -2.3757307e+00   2.2774120e-01   1.6284602e+00   0.0000000e+00
  -2.5419339e-01  -1.5130302e+00  -2.3696131e+00   2.2870325e-01   1.6272361e+00   0.0000000e+00
  -2.5945960e-01  -1.5100966e+00  -2.3633454e+00   2.2967813e-01   1.6260365e+00   0.0000000e+00
  -2.6459266e-01  -1.5071043e+00  -2.3569256e+00   2.3066444e-01   1.6248613e+00   0.0000000e+00
  -2.6959095e-01  -1.5040568e+00  -2.3503514e+00   2.3166078e-01   1.6237103e+00   0.0000000e+00
  -2.7445270e-01  -1.5009572e+00  -2.3436206e+00   2.3266578e-01   1.6225835e+00   0.0000000e+00
  -2.7917598e-01  -1.4978088e+00  -2.3367307e+00   2.3367805e-01   1.6214809e+00   0.0000000e+00
  -2.8375870e-01  -1.4946148e+00  -2.3296791e+00   2.3469622e-01   1.6204024e+00   0.0000000e+00
  -2.8819857e-01  -1.4913780e+00  -2.3224631e+00   2.3571894e-01   1.6193482e+00   0.0000000e+00
  -2.9249026e-01  -1.4881038e+00  -2.3150848e+00   2.3674415e-01   1.6183189e+00   0.0000000e+00
  -2.9662541e-01  -1.4848000e+00  -2.3075528e+00   2.3776899e-01   1.6173161e+00   0.0000000e+00
  -3.0060133e-01  -1.4814702e+00  -2.2998664e+00   2.3879191e-01   1.6163400e+00   0.0000000e+00
  -3.0441653e-01  -1.4781169e+00  -2.2920223e+00   2.3981173e-01   1.6153904e+00   0.0000000e+00
  -3.0806869e-01  -1.4747427e+00  -2.2840182e+00   2.4082716e-01   1.6144676e+00   0.0000000e+00
  -3.1155525e-01  -1.4713503e+00  -2.2758514e+00   2.4183690e-01   1.6135716e+00   0.0000000e+00
  -3.1487351e-01  -1.4679421e+00  -2.2675189e+00   2.4283972e-01   1.6127025e+00   0.0000000e+00
  -3.1802056e-01  -1.4645201e+00  -2.2590172e+00   2.4383442e-01   1.6118607e+00   0.0000000e+00
  -3.2099331e-01  -1.4610861e+00  -2.2503418e+00   2.4481988e-01   1.6110463e+00   0.0000000e+00
  -3.2378839e-01  -1.4576416e+00  -2.2414876e+00   2.4579503e-01   1.6102596e+00   0.0000000e+00
  -3.2640217e-01  -1.4541875e+00  -2.2324480e+00   2.4675888e-01   1.6095009e+00   0.0000000e+00
  -3.2882806e-01  -1.4507280e+00  -2.2232255e+00   2.4770950e-01   1.6087713e+00   0.0000000e+00
  -3.3103937e-01  -1.4473003e+00  -2.2139128e+00   2.4863614e-01   1.6080784e+00   0.0000000e+00
  -3.3303376e-01  -1.4439114e+00  -2.2045266e+00   2.4953659e-01   1.6074230e+00   0.0000000e+00
  -3.3482577e-01  -1.4405370e+00  -2.1949947e+00   2.5041691e-01   1.6068001e+00   0.0000000e+00
  -3.3641995e-01  -1.4371612e+00  -2.1852645e+00   2.5128043e-01   1.6062072e+00   0.0000000e+00
  -3.3780787e-01  -1.4337914e+00  -2.1753473e+00   2.5212433e-01   1.6056461e+00   0.0000000e+00
  -3.3898108e-01  -1.4304409e+00  -2.1652717e+00   2.5294443e-01   1.6051190e+00   0.0000000e+00
  -3.3993867e-01  -1.4271114e+00  -2.1550279e+00   2.5373957e-01   1.6046256e+00   0.0000000e+00
  -3.4068708e-01  -1.4237941e+00  -2.1445602e+00   2.5451076e-01   1.6041625e+00   0.0000000e+00
  -3.4126183e-01  -1.4204983e+00  -2.1337851e+00   2.5525425e-01   1.6037182e+00   0.0000000e+00
  -3.4161744e-01  -1.4171227e+00  -2.1224363e+00   2.5599051e-01   1.6032948e+00   0.0000000e+00
  -3.4158127e-01  -1.4137440e+00  -2.1111008e+00   2.5670275e-01   1.6029500e+00   0.0000000e+00
  -3.4122667e-01  -1.4105912e+00  -2.1004618e+00   2.5734439e-01   1.6026892e+00   0.0000000e+00
  -3.4060097e-01  -1.4075374e+00  -2.0900521e+00   2.5794373e-01   1.6024879e+00   0.0000000e+00
  -3.3972983e-01  -1.4045896e+00  -2.0798925e+00   2.5850086e-01   1.6023419e+00   0.0000000e+00
  -3.3868297e-01  -1.4018603e+00  -2.0703879e+00   2.5899734e-01   1.6022502e+00   0.0000000e+00
  -3.3746602e-01  -1.3992646e+00  -2.0612634e+00   2.5945185e-01   1.6022036e+00   0.0000000e+00
  -3.3602882e-01  -1.3966742e+00  -2.0520808e+00   2.5988789e-01   1.6021983e+00   0.0000000e+00
  -3.3436673e-01  -1.3940914e+00  -2.0428557e+00   2.6030495e-01   1.6022362e+00   0.0000000e+00
  -3.3251727e-01  -1.3915712e+00  -2.0337957e+00   2.6069464e-01   1.6023167e+00   0.0000000e+00
  -3.3049827e-01  -1.3891228e+00  -2.0249471e+00   2.6105685e-01   1.6024380e+00   0.0000000e+00
  -3.2830110e-01  -1.3867235e+00  -2.0162419e+00   2.6139612e-01   1.6026001e+00   0.0000000e+00
  -3.2592129e-01  -1.3843618e+00  -2.0076514e+00   2.6171501e-01   1.6028033e+00   0.0000000e+00
  -3.2336612e-01  -1.3820395e+00  -1.9991949e+00   2.6201421e-01   1.6030472e+00   0.0000000e+00
  -3.2064257e-01  -1.3797570e+00  -1.9908865e+00   2.6229469e-01   1.6033311e+00   0.0000000e+00
  -3.1775287e-01  -1.3775105e+00  -1.9827250e+00   2.6255797e-01   1.6036550e+00   0.0000000e+00
  -3.1469835e-01  -1.3752960e+00  -1.9747085e+00   2.6280556e-01   1.6040189e+00   0.0000000e+00
  -3.1064851e-01  -1.3725668e+00  -1.9648966e+00   2.6309554e-01   1.6045310e+00   0.0000000e+00
  -3.0635791e-01  -1.3698823e+00  -1.9553148e+00   2.6336461e-01   1.6051035e+00   0.0000000e+00
  -3.0181963e-01  -1.3672316e+00  -1.9459749e+00   2.6361693e-01   1.6057394e+00   0.0000000e+00
  -2.9703462e-01  -1.3646086e+00  -1.9368875e+00   2.6385559e-01   1.6064399e+00   0.0000000e+00
  -2.9200999e-01  -1.3620102e+00  -1.9280463e+00   2.6408230e-01   1.6072040e+00   0.0000000e+00
  -2.8675664e-01  -1.3594358e+00  -1.9194511e+00   2.6429844e-01   1.6080298e+00   0.0000000e+00
  -2.8126666e-01  -1.3568752e+00  -1.9111176e+00   2.6450820e-01   1.6089210e+00   0.0000000e+00
  -2.7553970e-01  -1.3543227e+00  -1.9030572e+00   2.6471468e-01   1.6098791e+00   0.0000000e+00
  -2.6958168e-01  -1.3517759e+00  -1.8952644e+00   2.6491937e-01   1.6109033e+00   0.0000000e+00
  -2.6340105e-01  -1.3492342e+00  -1.8877369e+00   2.6512355e-01   1.6119925e+00   0.0000000e+00
  -2.5698965e-01  -1.3466882e+00  -1.8804935e+00   2.6533147e-01   1.6131504e+00   0.0000000e+00
  -2.5034594e-01  -1.3441321e+00  -1.8735460e+00   2.6554623e-01   1.6143791e+00   0.0000000e+00
  -2.4347484e-01  -1.3415645e+00  -1.8668899e+00   2.6576918e-01   1.6156780e+00   0.0000000e+00
  -2.3638184e-01  -1.3389841e+00  -1.8605214e+00   2.6600152e-01   1.6170467e+00   0.0000000e+00
  -2.2905905e-01  -1.3363824e+00  -1.8544620e+00   2.6624755e-01   1.6184892e+00   0.0000000e+00
  -2.2150358e-01  -1.3337537e+00  -1.8487241e+00   2.6651038e-01   1.6200080e+00   0.0000000e+00
  -2.1371928e-01  -1.3310968e+00  -1.8433043e+00   2.6679126e-01   1.6216029e+00   0.0000000e+00
  -2.0570744e-01  -1.3284097e+00  -1.8381981e+00   2.6709142e-01   1.6232744e+00   0.0000000e+00
  -1.9746075e-01  -1.3256845e+00  -1.8334296e+00   2.6741519e-01   1.6250268e+00   0.0000000e+00
  -1.8897435e-01  -1.3229156e+00  -1.8290123e+00   2.6776574e-01   1.6268632e+00   0.0000000e+00
  -1.8025037e-01  -1.3201016e+00  -1.8249447e+00   2.6814429e-01   1.6287842e+00   0.0000000e+00
  -1.7128320e-01  -1.3172388e+00  -1.8212226e+00   2.6855237e-01   1.6307921e+00   0.0000000e+00
  -1.6206592e-01  -1.3143199e+00  -1.8178735e+00   2.6899433e-01   1.6328914e+00   0.0000000e+00
  -1.5259055e-01  -1.3113386e+00  -1.8149132e+00   2.6947353e-01   1.6350864e+00   0.0000000e+00
  -1.4289726e-01  -1.3083060e+00  -1.8123532e+00   2.6998911e-01   1.6373689e+00   0.0000000e+00
  -1.3299762e-01  -1.3052236e+00  -1.8101937e+00   2.7054152e-01   1.6397374e+00   0.0000000e+00
  -1.2288064e-01  -1.3020833e+00  -1.8084562e+00   2.7113478e-01   1.6421970e+00   0.0000000e+00
  -1.1254415e-01  -1.2988813e+00  -1.8071529e+00   2.7177125e-01   1.6447504e+00   0.0000000e+00
  -1.0199353e-01  -1.2956175e+00  -1.8062843e+00   2.7245153e-01   1.6473975e+00   0.0000000e+00
  -9.3394044e-02  -1.2929592e+00  -1.8059062e+00   2.7302856e-01   1.6495850e+00   0.0000000e+00
  -8.4652107e-02  -1.2902569e+00  -1.8058179e+00   2.7363597e-01   1.6518359e+00   0.0000000e+00
  -7.5765618e-02  -1.2875089e+00  -1.8060245e+00   2.7427466e-01   1.6541520e+00   0.0000000e+00
  -6.6731878e-02  -1.2847135e+00  -1.8065310e+00   2.7494549e-01   1.6565347e+00   0.0000000e+00
  -5.7547447e-02  -1.2818691e+00  -1.8073422e+00   2.7564924e-01   1.6589861e+00   0.0000000e+00
  -4.8207962e-02  -1.2789742e+00  -1.8084616e+00   2.7638652e-01   1.6615082e+00   0.0000000e+00
  -3.8707886e-02  -1.2760282e+00  -1.8098892e+00   2.7715746e-01   1.6641029e+00   0.0000000e+00
  -3.3307920e-02  -1.2743540e+00  -1.8108205e+00   2.7760415e-01   1.6655904e+00   0.0000000e+00
