   0.0000000e+00  -2.0943951e+00  -1.0471976e+00   0.0000000e+00   1.5707963e+00   0.0000000e+00
   6.1287194e-03  -2.1523882e+00  -7.7361436e-01  -8.5049301e-02   1.5531019e+00   0.0000000e+00
   1.0593197e-02  -2.1495034e+00  -7.7878536e-01  -8.2527557e-02   1.5540513e+00   0.0000000e+00
   1.4956848e-02  -2.1465943e+00  -7.8427657e-01  -7.9914494e-02   1.5550120e+00   0.0000000e+00
   1.9315299e-02  -2.1436018e+00  -7.9019097e-01  -7.7163316e-02   1.5560035e+00   0.0000000e+00
   2.3642179e-02  -2.1405477e+00  -7.9648132e-01  -7.4299367e-02   1.5570186e+00   0.0000000e+00
   2.7970630e-02  -2.1374113e+00  -8.0318948e-01  -7.1307687e-02   1.5580645e+00   0.0000000e+00
   3.2267434e-02  -2.1342204e+00  -8.1025468e-01  -6.8219357e-02   1.5591322e+00   0.0000000e+00
   3.6554514e-02  -2.1309617e+00  -8.1770537e-01  -6.5026079e-02   1.5602261e+00   0.0000000e+00
   4.0811999e-02  -2.1276541e+00  -8.2549818e-01  -6.1750560e-02   1.5613404e+00   0.0000000e+00
   4.5049635e-02  -2.1242936e+00  -8.3364283e-01  -5.8392818e-02   1.5624767e+00   0.0000000e+00
   4.9388452e-02  -2.1207862e+00  -8.4237534e-01  -5.4862435e-02   1.5636672e+00   0.0000000e+00
   5.3697205e-02  -2.1172368e+00  -8.5145016e-01  -5.1266522e-02   1.5648768e+00   0.0000000e+00
   5.7970069e-02  -2.1136538e+00  -8.6084979e-01  -4.7616501e-02   1.5661033e+00   0.0000000e+00
   6.2206413e-02  -2.1100438e+00  -8.7055453e-01  -4.3923624e-02   1.5673446e+00   0.0000000e+00
   6.6404534e-02  -2.1064142e+00  -8.8054324e-01  -4.0199343e-02   1.5685988e+00   0.0000000e+00
   7.0559856e-02  -2.1027703e+00  -8.9081040e-01  -3.6449936e-02   1.5698646e+00   0.0000000e+00
   7.4669872e-02  -2.0991176e+00  -9.0134539e-01  -3.2682944e-02   1.5711404e+00   0.0000000e+00
   7.8732516e-02  -2.0954641e+00  -9.1212470e-01  -2.8909601e-02   1.5724240e+00   0.0000000e+00
   8.2746894e-02  -2.0918165e+00  -9.2312899e-01  -2.5139184e-02   1.5737137e+00   0.0000000e+00
   8.6708234e-02  -2.0881802e+00  -9.3435283e-01  -2.1376786e-02   1.5750082e+00   0.0000000e+00
   9.0613776e-02  -2.0845607e+00  -9.4578541e-01  -1.7628697e-02   1.5763061e+00   0.0000000e+00
   9.4462134e-02  -2.0809653e+00  -9.5740492e-01  -1.3903925e-02   1.5776053e+00   0.0000000e+00
   9.8252064e-02  -2.0774005e+00  -9.6919133e-01  -1.0210413e-02   1.5789042e+00   0.0000000e+00
   1.0197925e-01  -2.0738710e+00  -9.8114136e-01  -6.5513726e-03   1.5802017e+00   0.0000000e+00
   1.0564064e-01  -2.0703825e+00  -9.9324396e-01  -2.9318716e-03   1.5814964e+00   0.0000000e+00
   1.0923587e-01  -2.0669406e+00  -1.0054809e+00   6.4174706e-04   1.5827868e+00   0.0000000e+00
   1.1276373e-01  -2.0635513e+00  -1.0178328e+00   4.1631451e-03   1.5840714e+00   0.0000000e+00
   1.1622030e-01  -2.0602187e+00  -1.0302988e+00   7.6308561e-03   1.5853493e+00   0.0000000e+00
   1.1960180e-01  -2.0569486e+00  -1.0428664e+00   1.1040516e-02   1.5866192e+00   0.0000000e+00
   1.2290831e-01  -2.0537457e+00  -1.0555192e+00   1.4387633e-02   1.5878797e+00   0.0000000e+00
   1.2613800e-01  -2.0506160e+00  -1.0682352e+00   1.7666561e-02   1.5891290e+00   0.0000000e+00
   1.2928743e-01  -2.0475625e+00  -1.0810171e+00   2.0877528e-02   1.5903669e+00   0.0000000e+00
   1.3235317e-01  -2.0445905e+00  -1.0938538e+00   2.4017651e-02   1.5915920e+00   0.0000000e+00
   1.3533522e-01  -2.0417038e+00  -1.1067288e+00   2.7083522e-02   1.5928032e+00   0.0000000e+00
   1.3823256e-01  -2.0389071e+00  -1.1196229e+00   3.0071417e-02   1.5939991e+00   0.0000000e+00
   1.4104115e-01  -2.0362036e+00  -1.1325378e+00   3.2981854e-02   1.5951791e+00   0.0000000e+00
   1.4375880e-01  -2.0335968e+00  -1.1454678e+00   3.5814037e-02   1.5963427e+00   0.0000000e+00
   1.4638438e-01  -2.0310910e+00  -1.1583910e+00   3.8564344e-02   1.5974882e+00   0.0000000e+00
   1.4891898e-01  -2.0286879e+00  -1.1712982e+00   4.1232165e-02   1.5986152e+00   0.0000000e+00
   1.5135635e-01  -2.0263927e+00  -1.1841806e+00   4.3816254e-02   1.5997223e+00   0.0000000e+00
   1.5369766e-01  -2.0242052e+00  -1.1970501e+00   4.6319897e-02   1.6008105e+00   0.0000000e+00
   1.5593790e-01  -2.0221325e+00  -1.2098621e+00   4.8736032e-02   1.6018762e+00   0.0000000e+00
   1.5808393e-01  -2.0201700e+00  -1.2226422e+00   5.1071128e-02   1.6029222e+00   0.0000000e+00
   1.6012261e-01  -2.0183290e+00  -1.2353378e+00   5.3316528e-02   1.6039433e+00   0.0000000e+00
   1.6206444e-01  -2.0166007e+00  -1.2480218e+00   5.5486241e-02   1.6049455e+00   0.0000000e+00
   1.6389263e-01  -2.0150014e+00  -1.2605655e+00   5.7560284e-02   1.6059189e+00   0.0000000e+00
   1.6563043e-01  -2.0135117e+00  -1.2731184e+00   5.9565060e-02   1.6068755e+00   0.0000000e+00
   1.6724434e-01  -2.0121596e+00  -1.2854639e+00   6.1467334e-02   1.6077983e+00   0.0000000e+00
   1.6872751e-01  -2.0109500e+00  -1.2975146e+00   6.3258102e-02   1.6086816e+00   0.0000000e+00
   1.7012036e-01  -2.0098496e+00  -1.3096104e+00   6.4989726e-02   1.6095503e+00   0.0000000e+00
   1.7140517e-01  -2.0088731e+00  -1.3215839e+00   6.6639389e-02   1.6103926e+00   0.0000000e+00
   1.7256906e-01  -2.0080292e+00  -1.3333082e+00   6.8192444e-02   1.6111998e+00   0.0000000e+00
   1.7365898e-01  -2.0072860e+00  -1.3453287e+00   6.9719962e-02   1.6120084e+00   0.0000000e+00
   1.7464535e-01  -2.0066619e+00  -1.3572349e+00   7.1170989e-02   1.6127919e+00   0.0000000e+00
   1.7548133e-01  -2.0061889e+00  -1.3686022e+00   7.2495304e-02   1.6135208e+00   0.0000000e+00
   1.7620881e-01  -2.0058367e+00  -1.3798429e+00   7.3747271e-02   1.6142236e+00   0.0000000e+00
   1.7682748e-01  -2.0056048e+00  -1.3909581e+00   7.4928662e-02   1.6149003e+00   0.0000000e+00
   1.7733659e-01  -2.0054929e+00  -1.4019423e+00   7.6040531e-02   1.6155508e+00   0.0000000e+00
   1.7773548e-01  -2.0055003e+00  -1.4127899e+00   7.7083998e-02   1.6161747e+00   0.0000000e+00
   1.7802356e-01  -2.0056262e+00  -1.4234961e+00   7.8060285e-02   1.6167719e+00   0.0000000e+00
   1.7820025e-01  -2.0058697e+00  -1.4340566e+00   7.8970711e-02   1.6173421e+00   0.0000000e+00
   1.7826515e-01  -2.0062293e+00  -1.4444670e+00   7.9816631e-02   1.6178852e+00   0.0000000e+00
   1.7821821e-01  -2.0067038e+00  -1.4547232e+00   8.0599444e-02   1.6184010e+00   0.0000000e+00
   1.7805879e-01  -2.0072915e+00  -1.4648217e+00   8.1320639e-02   1.6188896e+00   0.0000000e+00
   1.7778657e-01  -2.0079907e+00  -1.4747591e+00   8.1981723e-02   1.6193508e+00   0.0000000e+00
   1.7740138e-01  -2.0087993e+00  -1.4845319e+00   8.2584236e-02   1.6197845e+00   0.0000000e+00
   1.7690309e-01  -2.0097153e+00  -1.4941369e+00   8.3129756e-02   1.6201908e+00   0.0000000e+00
   1.7629162e-01  -2.0107362e+00  -1.5035713e+00   8.3619890e-02   1.6205696e+00   0.0000000e+00
   1.7556697e-01  -2.0118595e+00  -1.5128321e+00   8.4056277e-02   1.6209210e+00   0.0000000e+00
   1.7472921e-01  -2.0130826e+00  -1.5219168e+00   8.4440582e-02   1.6212450e+00   0.0000000e+00
   1.7377846e-01  -2.0144025e+00  -1.5308228e+00   8.4774497e-02   1.6215417e+00   0.0000000e+00
   1.7271512e-01  -2.0158161e+00  -1.5395434e+00   8.5059490e-02   1.6218110e+00   0.0000000e+00
   1.7153883e-01  -2.0173207e+00  -1.5480824e+00   8.5297551e-02   1.6220531e+00   0.0000000e+00
   1.7025060e-01  -2.0189121e+00  -1.5564351e+00   8.5490436e-02   1.6222683e+00   0.0000000e+00
   1.6885075e-01  -2.0205870e+00  -1.5646007e+00   8.5639932e-02   1.6224567e+00   0.0000000e+00
   1.6733989e-01  -2.0223416e+00  -1.5725770e+00   8.5747826e-02   1.6226185e+00   0.0000000e+00
   1.6571869e-01  -2.0241717e+00  -1.5803623e+00   8.5815924e-02   1.6227538e+00   0.0000000e+00
   1.6398793e-01  -2.0260734e+00  -1.5879551e+00   8.5846048e-02   1.6228630e+00   0.0000000e+00
   1.6214848e-01  -2.0280422e+00  -1.5953540e+00   8.5840035e-02   1.6229463e+00   0.0000000e+00
   1.6020131e-01  -2.0300739e+00  -1.6025579e+00   8.5799732e-02   1.6230040e+00   0.0000000e+00
   1.5814747e-01  -2.0321638e+00  -1.6095659e+00   8.5726990e-02   1.6230363e+00   0.0000000e+00
   1.5598811e-01  -2.0343072e+00  -1.6163774e+00   8.5623664e-02   1.6230437e+00   0.0000000e+00
   1.5372447e-01  -2.0364995e+00  -1.6229919e+00   8.5491608e-02   1.6230264e+00   0.0000000e+00
   1.5135788e-01  -2.0387357e+00  -1.6294091e+00   8.5332673e-02   1.6229850e+00   0.0000000e+00
   1.4888978e-01  -2.0410109e+00  -1.6356288e+00   8.5148702e-02   1.6229197e+00   0.0000000e+00
   1.4632169e-01  -2.0433200e+00  -1.6416512e+00   8.4941530e-02   1.6228310e+00   0.0000000e+00
   1.4365523e-01  -2.0456580e+00  -1.6474766e+00   8.4712980e-02   1.6227193e+00   0.0000000e+00
   1.4089210e-01  -2.0480197e+00  -1.6531053e+00   8.4464854e-02   1.6225851e+00   0.0000000e+00
   1.3803405e-01  -2.0504000e+00  -1.6585381e+00   8.4198936e-02   1.6224290e+00   0.0000000e+00
   1.3505544e-01  -2.0528214e+00  -1.6638219e+00   8.3913174e-02   1.6222493e+00   0.0000000e+00
   1.3199240e-01  -2.0552388e+00  -1.6688961e+00   8.3614903e-02   1.6220491e+00   0.0000000e+00
   1.2887837e-01  -2.0576245e+00  -1.6737212e+00   8.3308961e-02   1.6218315e+00   0.0000000e+00
   1.2561768e-01  -2.0600628e+00  -1.6784314e+00   8.2983842e-02   1.6215886e+00   0.0000000e+00
   1.2223288e-01  -2.0625154e+00  -1.6829986e+00   8.2646650e-02   1.6213233e+00   0.0000000e+00
   1.1881077e-01  -2.0649200e+00  -1.6873089e+00   8.2306550e-02   1.6210424e+00   0.0000000e+00
   1.1524661e-01  -2.0673461e+00  -1.6914911e+00   8.1954429e-02   1.6207375e+00   0.0000000e+00
   1.1166240e-01  -2.0697104e+00  -1.6954252e+00   8.1603579e-02   1.6204201e+00   0.0000000e+00
   1.0795674e-01  -2.0720769e+00  -1.6992159e+00   8.1244969e-02   1.6200811e+00   0.0000000e+00
   1.0419969e-01  -2.0743886e+00  -1.7027818e+00   8.0887956e-02   1.6197269e+00   0.0000000e+00
   1.0034412e-01  -2.0766876e+00  -1.7062034e+00   8.0526890e-02   1.6193543e+00   0.0000000e+00
   9.6438741e-02  -2.0789131e+00  -1.7093935e+00   8.0171850e-02   1.6189672e+00   0.0000000e+00
   9.2423812e-02  -2.0811216e+00  -1.7124468e+00   7.9814557e-02   1.6185609e+00   0.0000000e+00
   8.8400017e-02  -2.0832489e+00  -1.7152818e+00   7.9465921e-02   1.6181459e+00   0.0000000e+00
   8.4236286e-02  -2.0853529e+00  -1.7179817e+00   7.9116932e-02   1.6177085e+00   0.0000000e+00
   8.0092485e-02  -2.0873695e+00  -1.7204759e+00   7.8778789e-02   1.6172666e+00   0.0000000e+00
   7.5828042e-02  -2.0893474e+00  -1.7228283e+00   7.8443725e-02   1.6168049e+00   0.0000000e+00
   7.1550085e-02  -2.0912279e+00  -1.7249743e+00   7.8122036e-02   1.6163351e+00   0.0000000e+00
   6.7178414e-02  -2.0930641e+00  -1.7269874e+00   7.7805185e-02   1.6158494e+00   0.0000000e+00
   6.2792531e-02  -2.0947932e+00  -1.7287949e+00   7.7504136e-02   1.6153559e+00   0.0000000e+00
   5.8305076e-02  -2.0964697e+00  -1.7304688e+00   7.7209932e-02   1.6148458e+00   0.0000000e+00
   5.3841134e-02  -2.0980392e+00  -1.7319580e+00   7.6932345e-02   1.6143335e+00   0.0000000e+00
   4.9257704e-02  -2.0995446e+00  -1.7333049e+00   7.6664009e-02   1.6138025e+00   0.0000000e+00
   4.4706546e-02  -2.1009443e+00  -1.7344841e+00   7.6412686e-02   1.6132711e+00   0.0000000e+00
   4.0084662e-02  -2.1022615e+00  -1.7355149e+00   7.6174354e-02   1.6127271e+00   0.0000000e+00
   3.5429049e-02  -2.1034755e+00  -1.7363773e+00   7.5952772e-02   1.6121748e+00   0.0000000e+00
   3.0761681e-02  -2.1045946e+00  -1.7370962e+00   7.5746902e-02   1.6116177e+00   0.0000000e+00
   2.6049439e-02  -2.1056089e+00  -1.7376498e+00   7.5558337e-02   1.6110511e+00   0.0000000e+00
   2.1420666e-02  -2.1065073e+00  -1.7380572e+00   7.5389676e-02   1.6104915e+00   0.0000000e+00
   1.6742408e-02  -2.1073066e+00  -1.7383140e+00   7.5237589e-02   1.6099225e+00   0.0000000e+00
   1.2036744e-02  -2.1080086e+00  -1.7384378e+00   7.5102089e-02   1.6093474e+00   0.0000000e+00
   7.3500057e-03  -2.1085972e+00  -1.7384065e+00   7.4985923e-02   1.6087713e+00   0.0000000e+00
   2.6757970e-03  -2.1090816e+00  -1.7382440e+00   7.4887734e-02   1.6081941e+00   0.0000000e+00
  -2.0027268e-03  -2.1094610e+00  -1.7379441e+00   7.4807561e-02   1.6076137e+00   0.0000000e+00
  -6.7061979e-03  -2.1097349e+00  -1.7375007e+00   7.4745380e-02   1.6070273e+00   0.0000000e+00
  -1.1427738e-02  -2.1099034e+00  -1.7369241e+00   7.4701308e-02   1.6064363e+00   0.0000000e+00
  -1.6163478e-02  -2.1099632e+00  -1.7362053e+00   7.4675792e-02   1.6058408e+00   0.0000000e+00
  -2.0903272e-02  -2.1099134e+00  -1.7353476e+00   7.4669002e-02   1.6052422e+00   0.0000000e+00
  -2.5653034e-02  -2.1097527e+00  -1.7343486e+00   7.4681094e-02   1.6046398e+00   0.0000000e+00
  -3.0404737e-02  -2.1094826e+00  -1.7332126e+00   7.4711781e-02   1.6040346e+00   0.0000000e+00
  -3.5106743e-02  -2.1091035e+00  -1.7319450e+00   7.4760964e-02   1.6034331e+00   0.0000000e+00
  -3.9824417e-02  -2.1086096e+00  -1.7305260e+00   7.4829309e-02   1.6028268e+00   0.0000000e+00
  -4.4473762e-02  -2.1080156e+00  -1.7289928e+00   7.4914579e-02   1.6022268e+00   0.0000000e+00
  -4.9111581e-02  -2.1073129e+00  -1.7273200e+00   7.5017790e-02   1.6016255e+00   0.0000000e+00
  -5.3773176e-02  -2.1065005e+00  -1.7255016e+00   7.5138905e-02   1.6010186e+00   0.0000000e+00
  -5.8328382e-02  -2.1055851e+00  -1.7235575e+00   7.5276866e-02   1.6004222e+00   0.0000000e+00
  -6.2886297e-02  -2.1045659e+00  -1.7214752e+00   7.5431388e-02   1.5998228e+00   0.0000000e+00
  -6.7356993e-02  -2.1034680e+00  -1.7192967e+00   7.5598342e-02   1.5992321e+00   0.0000000e+00
  -7.1848690e-02  -2.1022359e+00  -1.7169275e+00   7.5786305e-02   1.5986349e+00   0.0000000e+00
  -7.6188825e-02  -2.1009596e+00  -1.7145107e+00   7.5980702e-02   1.5980552e+00   0.0000000e+00
  -8.0505278e-02  -2.0995658e+00  -1.7119300e+00   7.6193064e-02   1.5974748e+00   0.0000000e+00
  -8.4824053e-02  -2.0980835e+00  -1.7092069e+00   7.6417949e-02   1.5968910e+00   0.0000000e+00
  -8.9066097e-02  -2.0965019e+00  -1.7063484e+00   7.6657430e-02   1.5963135e+00   0.0000000e+00
  -9.3235993e-02  -2.0948617e+00  -1.7033901e+00   7.6904182e-02   1.5957422e+00   0.0000000e+00
  -9.7388678e-02  -2.0931036e+00  -1.7002533e+00   7.7167598e-02   1.5951690e+00   0.0000000e+00
  -1.0153972e-01  -2.0912426e+00  -1.6969397e+00   7.7444413e-02   1.5945917e+00   0.0000000e+00
  -1.0556347e-01  -2.0893361e+00  -1.6935462e+00   7.7725688e-02   1.5940275e+00   0.0000000e+00
  -1.0956274e-01  -2.0873324e+00  -1.6899798e+00   7.8018758e-02   1.5934619e+00   0.0000000e+00
  -1.1345577e-01  -2.0852749e+00  -1.6863117e+00   7.8316755e-02   1.5929062e+00   0.0000000e+00
  -1.1730840e-01  -2.0831602e+00  -1.6825057e+00   7.8619057e-02   1.5923513e+00   0.0000000e+00
  -1.2104312e-01  -2.0809699e+00  -1.6785742e+00   7.8929318e-02   1.5918073e+00   0.0000000e+00
  -1.2474462e-01  -2.0787232e+00  -1.6744936e+00   7.9242663e-02   1.5912627e+00   0.0000000e+00
  -1.2831391e-01  -2.0764298e+00  -1.6703147e+00   7.9558506e-02   1.5907310e+00   0.0000000e+00
  -1.3185223e-01  -2.0740575e+00  -1.6659500e+00   7.9879918e-02   1.5901975e+00   0.0000000e+00
  -1.3525427e-01  -2.0716766e+00  -1.6615244e+00   8.0196879e-02   1.5896778e+00   0.0000000e+00
  -1.3861869e-01  -2.0692152e+00  -1.6569008e+00   8.0518480e-02   1.5891566e+00   0.0000000e+00
  -1.4185286e-01  -2.0667459e+00  -1.6522076e+00   8.0834522e-02   1.5886481e+00   0.0000000e+00
  -1.4503951e-01  -2.0642260e+00  -1.6473460e+00   8.1149468e-02   1.5881396e+00   0.0000000e+00
  -1.4809025e-01  -2.0616852e+00  -1.6423920e+00   8.1459878e-02   1.5876438e+00   0.0000000e+00
  -1.5109358e-01  -2.0590974e+00  -1.6372624e+00   8.1767212e-02   1.5871475e+00   0.0000000e+00
  -1.5395439e-01  -2.0565111e+00  -1.6320649e+00   8.2065808e-02   1.5866651e+00   0.0000000e+00
  -1.5676544e-01  -2.0538652e+00  -1.6266599e+00   8.2361487e-02   1.5861814e+00   0.0000000e+00
  -1.5943473e-01  -2.0512478e+00  -1.6212208e+00   8.2643708e-02   1.5857122e+00   0.0000000e+00
  -1.6204553e-01  -2.0485749e+00  -1.6155687e+00   8.2920832e-02   1.5852423e+00   0.0000000e+00
  -1.6452277e-01  -2.0459279e+00  -1.6098679e+00   8.3183602e-02   1.5847852e+00   0.0000000e+00
  -1.6693086e-01  -2.0432526e+00  -1.6039915e+00   8.3436447e-02   1.5843296e+00   0.0000000e+00
  -1.6920424e-01  -2.0405937e+00  -1.5980409e+00   8.3674772e-02   1.5838860e+00   0.0000000e+00
  -1.7140547e-01  -2.0379119e+00  -1.5919130e+00   8.3900825e-02   1.5834439e+00   0.0000000e+00
  -1.7347054e-01  -2.0352621e+00  -1.5857321e+00   8.4109429e-02   1.5830144e+00   0.0000000e+00
  -1.7545811e-01  -2.0325848e+00  -1.5793510e+00   8.4304244e-02   1.5825861e+00   0.0000000e+00
  -1.7731399e-01  -2.0299545e+00  -1.5729415e+00   8.4479001e-02   1.5821705e+00   0.0000000e+00
  -1.7908255e-01  -2.0273071e+00  -1.5663424e+00   8.4637157e-02   1.5817573e+00   0.0000000e+00
  -1.8072860e-01  -2.0246973e+00  -1.5596843e+00   8.4774523e-02   1.5813547e+00   0.0000000e+00
  -1.8227765e-01  -2.0220969e+00  -1.5528919e+00   8.4891902e-02   1.5809571e+00   0.0000000e+00
  -1.8370449e-01  -2.0195257e+00  -1.5460089e+00   8.4987308e-02   1.5805688e+00   0.0000000e+00
  -1.8503093e-01  -2.0169699e+00  -1.5389989e+00   8.5060708e-02   1.5801861e+00   0.0000000e+00
  -1.8623622e-01  -2.0144517e+00  -1.5319123e+00   8.5110272e-02   1.5798129e+00   0.0000000e+00
  -1.8733508e-01  -2.0119512e+00  -1.5246935e+00   8.5135761e-02   1.5794455e+00   0.0000000e+00
  -1.8831818e-01  -2.0094904e+00  -1.5174015e+00   8.5136112e-02   1.5790870e+00   0.0000000e+00
  -1.8918710e-01  -2.0070650e+00  -1.5100214e+00   8.5110638e-02   1.5787366e+00   0.0000000e+00
  -1.8994625e-01  -2.0046597e+00  -1.5025008e+00   8.5058120e-02   1.5783920e+00   0.0000000e+00
  -1.9058679e-01  -2.0023173e+00  -1.4949835e+00   8.4979702e-02   1.5780591e+00   0.0000000e+00
  -1.9111505e-01  -1.9999864e+00  -1.4872835e+00   8.4871551e-02   1.5777306e+00   0.0000000e+00
  -1.9152477e-01  -1.9977236e+00  -1.4796056e+00   8.4737075e-02   1.5774144e+00   0.0000000e+00
  -1.9182122e-01  -1.9954734e+00  -1.4717466e+00   8.4571279e-02   1.5771027e+00   0.0000000e+00
  -1.9199791e-01  -1.9932993e+00  -1.4639330e+00   8.4378697e-02   1.5768042e+00   0.0000000e+00
  -1.9206018e-01  -1.9911275e+00  -1.4559025e+00   8.4152412e-02   1.5765089e+00   0.0000000e+00
  -1.9200288e-01  -1.9889800e+00  -1.4477337e+00   8.3893331e-02   1.5762203e+00   0.0000000e+00
  -1.9182348e-01  -1.9869026e+00  -1.4395845e+00   8.3605054e-02   1.5759440e+00   0.0000000e+00
  -1.9153402e-01  -1.9849137e+00  -1.4315662e+00   8.3293892e-02   1.5756831e+00   0.0000000e+00
  -1.9112830e-01  -1.9829760e+00  -1.4235167e+00   8.2953119e-02   1.5754323e+00   0.0000000e+00
  -1.9059452e-01  -1.9810356e+00  -1.4152265e+00   8.2573574e-02   1.5751852e+00   0.0000000e+00
  -1.8995634e-01  -1.9791810e+00  -1.4070829e+00   8.2172997e-02   1.5749536e+00   0.0000000e+00
  -1.8918818e-01  -1.9773512e+00  -1.3987926e+00   8.1735601e-02   1.5747292e+00   0.0000000e+00
  -1.8830036e-01  -1.9755615e+00  -1.3904635e+00   8.1268098e-02   1.5745151e+00   0.0000000e+00
  -1.8730920e-01  -1.9738450e+00  -1.3822506e+00   8.0779303e-02   1.5743154e+00   0.0000000e+00
  -1.8619468e-01  -1.9721581e+00  -1.3739675e+00   8.0259097e-02   1.5741253e+00   0.0000000e+00
  -1.8495898e-01  -1.9705198e+00  -1.3656818e+00   7.9710172e-02   1.5739471e+00   0.0000000e+00
  -1.8362718e-01  -1.9689339e+00  -1.3574955e+00   7.9142962e-02   1.5737823e+00   0.0000000e+00
  -1.8218044e-01  -1.9674034e+00  -1.3493545e+00   7.8551074e-02   1.5736305e+00   0.0000000e+00
  -1.8062931e-01  -1.9659136e+00  -1.3412692e+00   7.7939006e-02   1.5734915e+00   0.0000000e+00
  -1.7893864e-01  -1.9644361e+00  -1.3330775e+00   7.7293843e-02   1.5733629e+00   0.0000000e+00
  -1.7713777e-01  -1.9630087e+00  -1.3249706e+00   7.6629685e-02   1.5732488e+00   0.0000000e+00
  -1.7520644e-01  -1.9615939e+00  -1.3168160e+00   7.5938688e-02   1.5731468e+00   0.0000000e+00
  -1.7319869e-01  -1.9602464e+00  -1.3088905e+00   7.5243269e-02   1.5730613e+00   0.0000000e+00
  -1.7110315e-01  -1.9589390e+00  -1.3010989e+00   7.4538537e-02   1.5729904e+00   0.0000000e+00
  -1.6886989e-01  -1.9576484e+00  -1.2932953e+00   7.3811293e-02   1.5729340e+00   0.0000000e+00
  -1.6651769e-01  -1.9563807e+00  -1.2855522e+00   7.3069561e-02   1.5728930e+00   0.0000000e+00
  -1.6404779e-01  -1.9551264e+00  -1.2778502e+00   7.2313058e-02   1.5728667e+00   0.0000000e+00
  -1.6148496e-01  -1.9539100e+00  -1.2703378e+00   7.1556956e-02   1.5728585e+00   0.0000000e+00
  -1.5881921e-01  -1.9527075e+00  -1.2629147e+00   7.0793628e-02   1.5728655e+00   0.0000000e+00
  -1.5605372e-01  -1.9515301e+00  -1.2556650e+00   7.0033013e-02   1.5728912e+00   0.0000000e+00
  -1.5318162e-01  -1.9503601e+00  -1.2485099e+00   6.9268662e-02   1.5729333e+00   0.0000000e+00
  -1.5021898e-01  -1.9492093e+00  -1.2415653e+00   6.8515446e-02   1.5729951e+00   0.0000000e+00
  -1.4714565e-01  -1.9480604e+00  -1.2347097e+00   6.7760390e-02   1.5730738e+00   0.0000000e+00
  -1.4394513e-01  -1.9469075e+00  -1.2279888e+00   6.7012189e-02   1.5731740e+00   0.0000000e+00
  -1.4071288e-01  -1.9457797e+00  -1.2215727e+00   6.6291087e-02   1.5732914e+00   0.0000000e+00
  -1.3736142e-01  -1.9446423e+00  -1.2152935e+00   6.5580667e-02   1.5734299e+00   0.0000000e+00
  -1.3392041e-01  -1.9435010e+00  -1.2092274e+00   6.4892360e-02   1.5735894e+00   0.0000000e+00
  -1.3040665e-01  -1.9423586e+00  -1.2033899e+00   6.4229175e-02   1.5737688e+00   0.0000000e+00
  -1.2676991e-01  -1.9411945e+00  -1.1977157e+00   6.3586572e-02   1.5739718e+00   0.0000000e+00
  -1.2309644e-01  -1.9400326e+00  -1.1923412e+00   6.2982149e-02   1.5741939e+00   0.0000000e+00
  -1.1927214e-01  -1.9388341e+00  -1.1870979e+00   6.2398657e-02   1.5744422e+00   0.0000000e+00
  -1.1533321e-01  -1.9376053e+00  -1.1820746e+00   6.1850138e-02   1.5747168e+00   0.0000000e+00
  -1.1131844e-01  -1.9363544e+00  -1.1773295e+00   6.1345595e-02   1.5750156e+00   0.0000000e+00
  -1.0722722e-01  -1.9350781e+00  -1.1728582e+00   6.0886387e-02   1.5753388e+00   0.0000000e+00
  -1.0304642e-01  -1.9337695e+00  -1.1686456e+00   6.0472774e-02   1.5756878e+00   0.0000000e+00
  -9.8802400e-02  -1.9324316e+00  -1.1647394e+00   6.0113492e-02   1.5760617e+00   0.0000000e+00
  -9.4468513e-02  -1.9310521e+00  -1.1611243e+00   5.9810059e-02   1.5764637e+00   0.0000000e+00
  -9.0074895e-02  -1.9296380e+00  -1.1578231e+00   5.9565918e-02   1.5768914e+00   0.0000000e+00
  -8.5603760e-02  -1.9281811e+00  -1.1548201e+00   5.9381410e-02   1.5773464e+00   0.0000000e+00
  -8.1070404e-02  -1.9266815e+00  -1.1521455e+00   5.9262860e-02   1.5778289e+00   0.0000000e+00
  -7.6467653e-02  -1.9251332e+00  -1.1498044e+00   5.9213653e-02   1.5783402e+00   0.0000000e+00
  -7.1803592e-02  -1.9235369e+00  -1.1477977e+00   5.9234636e-02   1.5788797e+00   0.0000000e+00
  -6.7082080e-02  -1.9218921e+00  -1.1461245e+00   5.9326599e-02   1.5794471e+00   0.0000000e+00
  -6.2446873e-02  -1.9202457e+00  -1.1448394e+00   5.9488863e-02   1.5800256e+00   0.0000000e+00
  -5.7760890e-02  -1.9185487e+00  -1.1438869e+00   5.9723691e-02   1.5806314e+00   0.0000000e+00
  -5.3025359e-02  -1.9167995e+00  -1.1432716e+00   6.0032748e-02   1.5812650e+00   0.0000000e+00
  -4.8243711e-02  -1.9149971e+00  -1.1429980e+00   6.0417372e-02   1.5819263e+00   0.0000000e+00
  -4.3417777e-02  -1.9131406e+00  -1.1430699e+00   6.0878760e-02   1.5826155e+00   0.0000000e+00
  -3.8550678e-02  -1.9112293e+00  -1.1434909e+00   6.1417760e-02   1.5833327e+00   0.0000000e+00
  -3.3644737e-02  -1.9092626e+00  -1.1442642e+00   6.2035034e-02   1.5840779e+00   0.0000000e+00
  -2.8703039e-02  -1.9072404e+00  -1.1453922e+00   6.2730894e-02   1.5848509e+00   0.0000000e+00
  -2.3728417e-02  -1.9051627e+00  -1.1468770e+00   6.3505403e-02   1.5856517e+00   0.0000000e+00
  -1.8724245e-02  -1.9030300e+00  -1.1487201e+00   6.4358258e-02   1.5864801e+00   0.0000000e+00
  -1.3693554e-02  -1.9008427e+00  -1.1509223e+00   6.5288918e-02   1.5873358e+00   0.0000000e+00
  -8.6514276e-03  -1.8986071e+00  -1.1534776e+00   6.6294073e-02   1.5882163e+00   0.0000000e+00
  -3.6126353e-03  -1.8963298e+00  -1.1563759e+00   6.7369486e-02   1.5891191e+00   0.0000000e+00
   1.4408070e-03  -1.8940029e+00  -1.1596264e+00   6.8517774e-02   1.5900473e+00   0.0000000e+00
   6.4942821e-03  -1.8916331e+00  -1.1632189e+00   6.9734427e-02   1.5909984e+00   0.0000000e+00
   1.1561726e-02  -1.8892143e+00  -1.1671632e+00   7.1021516e-02   1.5919748e+00   0.0000000e+00
   1.6614654e-02  -1.8867606e+00  -1.1714353e+00   7.2370109e-02   1.5929711e+00   0.0000000e+00
   2.1672760e-02  -1.8842635e+00  -1.1760501e+00   7.3783625e-02   1.5939910e+00   0.0000000e+00
   2.6706656e-02  -1.8817382e+00  -1.1809780e+00   7.5251736e-02   1.5950284e+00   0.0000000e+00
   3.1736847e-02  -1.8791759e+00  -1.1862364e+00   7.6778219e-02   1.5960874e+00   0.0000000e+00
   3.6743669e-02  -1.8765876e+00  -1.1918021e+00   7.8354850e-02   1.5971635e+00   0.0000000e+00
   4.1734796e-02  -1.8739709e+00  -1.1976808e+00   7.9981666e-02   1.5982582e+00   0.0000000e+00
   4.6698635e-02  -1.8713334e+00  -1.2038557e+00   8.1652399e-02   1.5993687e+00   0.0000000e+00
   5.1636840e-02  -1.8686760e+00  -1.2103256e+00   8.3365076e-02   1.6004949e+00   0.0000000e+00
   5.6541938e-02  -1.8660043e+00  -1.2170770e+00   8.5114459e-02   1.6016350e+00   0.0000000e+00
   6.1412925e-02  -1.8633209e+00  -1.2241050e+00   8.6897564e-02   1.6027882e+00   0.0000000e+00
   6.6244556e-02  -1.8606307e+00  -1.2313979e+00   8.8709756e-02   1.6039530e+00   0.0000000e+00
   7.1034804e-02  -1.8579369e+00  -1.2389490e+00   9.0547619e-02   1.6051286e+00   0.0000000e+00
   7.5779665e-02  -1.8552439e+00  -1.2467477e+00   9.2406914e-02   1.6063134e+00   0.0000000e+00
   8.0476747e-02  -1.8525553e+00  -1.2547862e+00   9.4284087e-02   1.6075065e+00   0.0000000e+00
   8.5122687e-02  -1.8498752e+00  -1.2630545e+00   9.6175168e-02   1.6087066e+00   0.0000000e+00
   8.9714955e-02  -1.8472075e+00  -1.2715443e+00   9.8076606e-02   1.6099127e+00   0.0000000e+00
   9.4250486e-02  -1.8445562e+00  -1.2802458e+00   9.9984629e-02   1.6111235e+00   0.0000000e+00
   9.8866068e-02  -1.8418435e+00  -1.2894293e+00   1.0195509e-01   1.6123758e+00   0.0000000e+00
   1.0341396e-01  -1.8391562e+00  -1.2988259e+00   1.0392626e-01   1.6136310e+00   0.0000000e+00
   1.0789280e-01  -1.8364997e+00  -1.3084155e+00   1.0589268e-01   1.6148872e+00   0.0000000e+00
   1.1230210e-01  -1.8338783e+00  -1.3181813e+00   1.0784983e-01   1.6161432e+00   0.0000000e+00
   1.1663515e-01  -1.8312960e+00  -1.3281245e+00   1.0979594e-01   1.6173980e+00   0.0000000e+00
   1.2088933e-01  -1.8287562e+00  -1.3382411e+00   1.1172859e-01   1.6186506e+00   0.0000000e+00
   1.2506282e-01  -1.8262645e+00  -1.3485089e+00   1.1364258e-01   1.6198992e+00   0.0000000e+00
   1.2915571e-01  -1.8238248e+00  -1.3589120e+00   1.1553416e-01   1.6211426e+00   0.0000000e+00
   1.3316136e-01  -1.8214411e+00  -1.3694517e+00   1.1740185e-01   1.6223798e+00   0.0000000e+00
   1.3707734e-01  -1.8191168e+00  -1.3801243e+00   1.1924372e-01   1.6236099e+00   0.0000000e+00
   1.4090229e-01  -1.8168568e+00  -1.3909078e+00   1.2105533e-01   1.6248313e+00   0.0000000e+00
   1.4463609e-01  -1.8146648e+00  -1.4017855e+00   1.2283339e-01   1.6260426e+00   0.0000000e+00
   1.4827297e-01  -1.8125443e+00  -1.4127608e+00   1.2457710e-01   1.6272431e+00   0.0000000e+00
   1.5181006e-01  -1.8104991e+00  -1.4238287e+00   1.2628471e-01   1.6284319e+00   0.0000000e+00
   1.5524711e-01  -1.8085327e+00  -1.4349699e+00   1.2795292e-01   1.6296075e+00   0.0000000e+00
   1.5858315e-01  -1.8066491e+00  -1.4461644e+00   1.2957858e-01   1.6307684e+00   0.0000000e+00
   1.6181400e-01  -1.8048508e+00  -1.4574205e+00   1.3116190e-01   1.6319145e+00   0.0000000e+00
   1.6493567e-01  -1.8031420e+00  -1.4687292e+00   1.3270097e-01   1.6330443e+00   0.0000000e+00
   1.6794977e-01  -1.8015248e+00  -1.4800772e+00   1.3419396e-01   1.6341572e+00   0.0000000e+00
   1.7085366e-01  -1.8000031e+00  -1.4914374e+00   1.3563747e-01   1.6352510e+00   0.0000000e+00
   1.7364564e-01  -1.7985785e+00  -1.5028281e+00   1.3703312e-01   1.6363265e+00   0.0000000e+00
   1.7631973e-01  -1.7972558e+00  -1.5142306e+00   1.3837831e-01   1.6373815e+00   0.0000000e+00
   1.7888039e-01  -1.7960351e+00  -1.5256445e+00   1.3967321e-01   1.6384164e+00   0.0000000e+00
   1.8132211e-01  -1.7949205e+00  -1.5370272e+00   1.4091348e-01   1.6394281e+00   0.0000000e+00
   1.8364702e-01  -1.7939124e+00  -1.5484166e+00   1.4210283e-01   1.6404188e+00   0.0000000e+00
   1.8584581e-01  -1.7930165e+00  -1.5597742e+00   1.4323711e-01   1.6413847e+00   0.0000000e+00
   1.8792716e-01  -1.7922304e+00  -1.5711247e+00   1.4431934e-01   1.6423286e+00   0.0000000e+00
   1.8988118e-01  -1.7915584e+00  -1.5823942e+00   1.4534326e-01   1.6432447e+00   0.0000000e+00
   1.9171536e-01  -1.7910000e+00  -1.5936595e+00   1.4631555e-01   1.6441383e+00   0.0000000e+00
   1.9341580e-01  -1.7905609e+00  -1.6048418e+00   1.4722961e-01   1.6450030e+00   0.0000000e+00
   1.9499625e-01  -1.7902377e+00  -1.6160122e+00   1.4809193e-01   1.6458445e+00   0.0000000e+00
   1.9644214e-01  -1.7900325e+00  -1.6270430e+00   1.4889381e-01   1.6466538e+00   0.0000000e+00
   1.9776563e-01  -1.7899470e+00  -1.6380730e+00   1.4964508e-01   1.6474400e+00   0.0000000e+00
   1.9895059e-01  -1.7899831e+00  -1.6489680e+00   1.5033710e-01   1.6481935e+00   0.0000000e+00
   1.9998363e-01  -1.7901336e+00  -1.6595321e+00   1.5096056e-01   1.6489023e+00   0.0000000e+00
   2.0090552e-01  -1.7904053e+00  -1.6701943e+00   1.5154153e-01   1.6495947e+00   0.0000000e+00
   2.0169206e-01  -1.7907939e+00  -1.6806970e+00   1.5206590e-01   1.6502538e+00   0.0000000e+00
   2.0234872e-01  -1.7912921e+00  -1.6910291e+00   1.5253572e-01   1.6508800e+00   0.0000000e+00
   2.0287001e-01  -1.7919087e+00  -1.7012159e+00   1.5295167e-01   1.6514735e+00   0.0000000e+00
   2.0326445e-01  -1.7926375e+00  -1.7112880e+00   1.5331759e-01   1.6520375e+00   0.0000000e+00
   2.0353036e-01  -1.7934804e+00  -1.7212503e+00   1.5363411e-01   1.6525719e+00   0.0000000e+00
   2.0366719e-01  -1.7944367e+00  -1.7310972e+00   1.5390187e-01   1.6530764e+00   0.0000000e+00
   2.0367434e-01  -1.7955054e+00  -1.7408236e+00   1.5412158e-01   1.6535506e+00   0.0000000e+00
   2.0355134e-01  -1.7966855e+00  -1.7504246e+00   1.5429403e-01   1.6539943e+00   0.0000000e+00
   2.0329785e-01  -1.7979756e+00  -1.7598957e+00   1.5442009e-01   1.6544072e+00   0.0000000e+00
   2.0291358e-01  -1.7993742e+00  -1.7692324e+00   1.5450067e-01   1.6547892e+00   0.0000000e+00
   2.0239828e-01  -1.8008796e+00  -1.7784305e+00   1.5453673e-01   1.6551401e+00   0.0000000e+00
   2.0175179e-01  -1.8024899e+00  -1.7874859e+00   1.5452933e-01   1.6554598e+00   0.0000000e+00
   2.0097400e-01  -1.8042029e+00  -1.7963945e+00   1.5447955e-01   1.6557481e+00   0.0000000e+00
   2.0006489e-01  -1.8060162e+00  -1.8051526e+00   1.5438854e-01   1.6560049e+00   0.0000000e+00
   1.9902450e-01  -1.8079274e+00  -1.8137567e+00   1.5425750e-01   1.6562303e+00   0.0000000e+00
   1.9785292e-01  -1.8099337e+00  -1.8222033e+00   1.5408769e-01   1.6564242e+00   0.0000000e+00
   1.9655036e-01  -1.8120321e+00  -1.8304892e+00   1.5388039e-01   1.6565866e+00   0.0000000e+00
   1.9511707e-01  -1.8142195e+00  -1.8386112e+00   1.5363696e-01   1.6567175e+00   0.0000000e+00
   1.9355340e-01  -1.8164925e+00  -1.8465666e+00   1.5335881e-01   1.6568171e+00   0.0000000e+00
   1.9186090e-01  -1.8188459e+00  -1.8543477e+00   1.5304758e-01   1.6568854e+00   0.0000000e+00
   1.9003980e-01  -1.8212767e+00  -1.8619540e+00   1.5270470e-01   1.6569226e+00   0.0000000e+00
   1.8809082e-01  -1.8237806e+00  -1.8693836e+00   1.5233173e-01   1.6569289e+00   0.0000000e+00
   1.8601503e-01  -1.8263534e+00  -1.8766336e+00   1.5193030e-01   1.6569045e+00   0.0000000e+00
   1.8381332e-01  -1.8289905e+00  -1.8837022e+00   1.5150203e-01   1.6568498e+00   0.0000000e+00
   1.8148685e-01  -1.8316873e+00  -1.8905876e+00   1.5104858e-01   1.6567649e+00   0.0000000e+00
   1.7903679e-01  -1.8344390e+00  -1.8972882e+00   1.5057164e-01   1.6566503e+00   0.0000000e+00
   1.7646442e-01  -1.8372408e+00  -1.9038028e+00   1.5007294e-01   1.6565063e+00   0.0000000e+00
   1.7377205e-01  -1.8400865e+00  -1.9101281e+00   1.4955436e-01   1.6563334e+00   0.0000000e+00
   1.7096184e-01  -1.8429704e+00  -1.9162622e+00   1.4901779e-01   1.6561321e+00   0.0000000e+00
   1.6803682e-01  -1.8458859e+00  -1.9222021e+00   1.4846524e-01   1.6559030e+00   0.0000000e+00
   1.6496606e-01  -1.8488508e+00  -1.9280052e+00   1.4789411e-01   1.6556440e+00   0.0000000e+00
   1.6178585e-01  -1.8518478e+00  -1.9336093e+00   1.4730801e-01   1.6553577e+00   0.0000000e+00
   1.5850529e-01  -1.8548448e+00  -1.9389977e+00   1.4671425e-01   1.6550460e+00   0.0000000e+00
   1.5507428e-01  -1.8578900e+00  -1.9442534e+00   1.4610374e-01   1.6547042e+00   0.0000000e+00
   1.5156948e-01  -1.8609024e+00  -1.9492627e+00   1.4549349e-01   1.6543406e+00   0.0000000e+00
   1.4791208e-01  -1.8639672e+00  -1.9541413e+00   1.4486665e-01   1.6539465e+00   0.0000000e+00
   1.4420221e-01  -1.8669688e+00  -1.9587582e+00   1.4424762e-01   1.6535343e+00   0.0000000e+00
   1.4038354e-01  -1.8699797e+00  -1.9631961e+00   1.4362195e-01   1.6530972e+00   0.0000000e+00
   1.3649650e-01  -1.8729392e+00  -1.9674140e+00   1.4300288e-01   1.6526414e+00   0.0000000e+00
   1.3246068e-01  -1.8759241e+00  -1.9714957e+00   1.4237478e-01   1.6521567e+00   0.0000000e+00
   1.2840125e-01  -1.8788270e+00  -1.9753319e+00   1.4176069e-01   1.6516598e+00   0.0000000e+00
   1.2415967e-01  -1.8817586e+00  -1.9790533e+00   1.4113767e-01   1.6511303e+00   0.0000000e+00
   1.1978025e-01  -1.8846812e+00  -1.9826291e+00   1.4051393e-01   1.6505745e+00   0.0000000e+00
   1.1537430e-01  -1.8875183e+00  -1.9859704e+00   1.3990625e-01   1.6500069e+00   0.0000000e+00
   1.1080064e-01  -1.8903501e+00  -1.9891775e+00   1.3929779e-01   1.6494093e+00   0.0000000e+00
   1.0623283e-01  -1.8930868e+00  -1.9921610e+00   1.3870817e-01   1.6488054e+00   0.0000000e+00
   1.0151202e-01  -1.8957987e+00  -1.9949999e+00   1.3812258e-01   1.6481740e+00   0.0000000e+00
   9.6771017e-02  -1.8984067e+00  -1.9976195e+00   1.3755838e-01   1.6475332e+00   0.0000000e+00
   9.1899137e-02  -1.9009824e+00  -2.0001013e+00   1.3700035e-01   1.6468687e+00   0.0000000e+00
   8.7012154e-02  -1.9034364e+00  -2.0023602e+00   1.3646811e-01   1.6461963e+00   0.0000000e+00
   8.1979269e-02  -1.9058549e+00  -2.0044874e+00   1.3594318e-01   1.6454985e+00   0.0000000e+00
   7.6984121e-02  -1.9081415e+00  -2.0064029e+00   1.3544667e-01   1.6448012e+00   0.0000000e+00
   7.1978515e-02  -1.9103183e+00  -2.0081342e+00   1.3497397e-01   1.6440980e+00   0.0000000e+00
   6.6849705e-02  -1.9124319e+00  -2.0097233e+00   1.3451512e-01   1.6433734e+00   0.0000000e+00
   6.1566106e-02  -1.9144823e+00  -2.0111680e+00   1.3407031e-01   1.6426229e+00   0.0000000e+00
   5.6338984e-02  -1.9163998e+00  -2.0124316e+00   1.3365468e-01   1.6418771e+00   0.0000000e+00
   5.0979420e-02  -1.9182390e+00  -2.0135475e+00   1.3325659e-01   1.6411090e+00   0.0000000e+00
   4.5638210e-02  -1.9199413e+00  -2.0144807e+00   1.3288884e-01   1.6403403e+00   0.0000000e+00
   4.0198783e-02  -1.9215571e+00  -2.0152733e+00   1.3254054e-01   1.6395549e+00   0.0000000e+00
   3.4772986e-02  -1.9230312e+00  -2.0158850e+00   1.3222379e-01   1.6387687e+00   0.0000000e+00
   2.9249725e-02  -1.9244085e+00  -2.0163520e+00   1.3192885e-01   1.6379660e+00   0.0000000e+00
   2.3767835e-02  -1.9256488e+00  -2.0166594e+00   1.3166443e-01   1.6371672e+00   0.0000000e+00
   1.8195746e-02  -1.9267773e+00  -2.0168117e+00   1.3142517e-01   1.6363532e+00   0.0000000e+00
   1.2780979e-02  -1.9277519e+00  -2.0168163e+00   1.3121991e-01   1.6355604e+00   0.0000000e+00
   7.3406160e-03  -1.9286058e+00  -2.0166749e+00   1.3104168e-01   1.6347622e+00   0.0000000e+00
   1.8799214e-03  -1.9293382e+00  -2.0163903e+00   1.3089056e-01   1.6339595e+00   0.0000000e+00
  -3.6869190e-03  -1.9299552e+00  -2.0159525e+00   1.3076543e-01   1.6331396e+00   0.0000000e+00
  -9.2039460e-03  -1.9304388e+00  -2.0153764e+00   1.3066982e-01   1.6323257e+00   0.0000000e+00
  -1.4757709e-02  -1.9307960e+00  -2.0146522e+00   1.3060237e-01   1.6315051e+00   0.0000000e+00
  -2.0294568e-02  -1.9310228e+00  -2.0137874e+00   1.3056376e-01   1.6306856e+00   0.0000000e+00
  -2.5749329e-02  -1.9311192e+00  -2.0127959e+00   1.3055380e-01   1.6298770e+00   0.0000000e+00
  -3.1285688e-02  -1.9310881e+00  -2.0116480e+00   1.3057207e-01   1.6290551e+00   0.0000000e+00
  -3.6743700e-02  -1.9309292e+00  -2.0103751e+00   1.3061826e-01   1.6282436e+00   0.0000000e+00
  -4.2240843e-02  -1.9306399e+00  -2.0089501e+00   1.3069306e-01   1.6274250e+00   0.0000000e+00
  -4.7626105e-02  -1.9302351e+00  -2.0074226e+00   1.3079273e-01   1.6266220e+00   0.0000000e+00
  -5.3051009e-02  -1.9296894e+00  -2.0057233e+00   1.3092318e-01   1.6258114e+00   0.0000000e+00
  -5.8490131e-02  -1.9290173e+00  -2.0038811e+00   1.3108090e-01   1.6249974e+00   0.0000000e+00
  -6.3890974e-02  -1.9282201e+00  -2.0019032e+00   1.3126542e-01   1.6241877e+00   0.0000000e+00
  -6.9247537e-02  -1.9273031e+00  -1.9997949e+00   1.3147540e-01   1.6233831e+00   0.0000000e+00
  -7.4545562e-02  -1.9262622e+00  -1.9975516e+00   1.3171157e-01   1.6225855e+00   0.0000000e+00
  -7.9845587e-02  -1.9250944e+00  -1.9951553e+00   1.3197452e-01   1.6217859e+00   0.0000000e+00
  -8.5087416e-02  -1.9238101e+00  -1.9926271e+00   1.3226167e-01   1.6209932e+00   0.0000000e+00
  -9.0338025e-02  -1.9223910e+00  -1.9899293e+00   1.3257691e-01   1.6201970e+00   0.0000000e+00
  -9.5470530e-02  -1.9208777e+00  -1.9871299e+00   1.3291105e-01   1.6194166e+00   0.0000000e+00
  -1.0060564e-01  -1.9192257e+00  -1.9841518e+00   1.3327362e-01   1.6186333e+00   0.0000000e+00
  -1.0559283e-01  -1.9175195e+00  -1.9811097e+00   1.3364608e-01   1.6178700e+00   0.0000000e+00
  -1.1048632e-01  -1.9156788e+00  -1.9779191e+00   1.3404547e-01   1.6171183e+00   0.0000000e+00
  -1.1527138e-01  -1.9138069e+00  -1.9746652e+00   1.3444958e-01   1.6163804e+00   0.0000000e+00
  -1.2005565e-01  -1.9117830e+00  -1.9712090e+00   1.3488394e-01   1.6156395e+00   0.0000000e+00
  -1.2479187e-01  -1.9096739e+00  -1.9676155e+00   1.3533399e-01   1.6149026e+00   0.0000000e+00
  -1.2944639e-01  -1.9074496e+00  -1.9638691e+00   1.3580576e-01   1.6141748e+00   0.0000000e+00
  -1.3402120e-01  -1.9051705e+00  -1.9600149e+00   1.3628623e-01   1.6134555e+00   0.0000000e+00
  -1.3848506e-01  -1.9027855e+00  -1.9560189e+00   1.3678580e-01   1.6127495e+00   0.0000000e+00
  -1.4281252e-01  -1.9003871e+00  -1.9519706e+00   1.3728488e-01   1.6120607e+00   0.0000000e+00
  -1.4703606e-01  -1.8979020e+00  -1.9477894e+00   1.3779855e-01   1.6113839e+00   0.0000000e+00
  -1.5121983e-01  -1.8953540e+00  -1.9434619e+00   1.3832142e-01   1.6107086e+00   0.0000000e+00
  -1.5534440e-01  -1.8926767e+00  -1.9389270e+00   1.3886679e-01   1.6100373e+00   0.0000000e+00
  -1.5937203e-01  -1.8899615e+00  -1.9342839e+00   1.3941543e-01   1.6093762e+00   0.0000000e+00
  -1.6328945e-01  -1.8871945e+00  -1.9295208e+00   1.3996985e-01   1.6087271e+00   0.0000000e+00
  -1.6712812e-01  -1.8843743e+00  -1.9246175e+00   1.4052991e-01   1.6080848e+00   0.0000000e+00
  -1.7086930e-01  -1.8814920e+00  -1.9195663e+00   1.4109698e-01   1.6074518e+00   0.0000000e+00
  -1.7442662e-01  -1.8786392e+00  -1.9145116e+00   1.4165269e-01   1.6068431e+00   0.0000000e+00
  -1.7788042e-01  -1.8757359e+00  -1.9093191e+00   1.4221246e-01   1.6062445e+00   0.0000000e+00
  -1.8131512e-01  -1.8727268e+00  -1.9038713e+00   1.4278618e-01   1.6056413e+00   0.0000000e+00
  -1.8455697e-01  -1.8697763e+00  -1.8984543e+00   1.4334201e-01   1.6050639e+00   0.0000000e+00
  -1.8775648e-01  -1.8667069e+00  -1.8927590e+00   1.4391319e-01   1.6044845e+00   0.0000000e+00
  -1.9078405e-01  -1.8636871e+00  -1.8870688e+00   1.4446752e-01   1.6039272e+00   0.0000000e+00
  -1.9375890e-01  -1.8605951e+00  -1.8811524e+00   1.4502695e-01   1.6033698e+00   0.0000000e+00
  -1.9655502e-01  -1.8575282e+00  -1.8752037e+00   1.4557353e-01   1.6028347e+00   0.0000000e+00
  -1.9928943e-01  -1.8544302e+00  -1.8690819e+00   1.4611644e-01   1.6023016e+00   0.0000000e+00
  -2.0184627e-01  -1.8513732e+00  -1.8629484e+00   1.4664297e-01   1.6017908e+00   0.0000000e+00
  -2.0433782e-01  -1.8482459e+00  -1.8565663e+00   1.4717158e-01   1.6012806e+00   0.0000000e+00
  -2.0665901e-01  -1.8451982e+00  -1.8502317e+00   1.4767638e-01   1.6007929e+00   0.0000000e+00
  -2.0889777e-01  -1.8420752e+00  -1.8436287e+00   1.4818266e-01   1.6003073e+00   0.0000000e+00
  -2.1098050e-01  -1.8390191e+00  -1.8370423e+00   1.4866654e-01   1.5998413e+00   0.0000000e+00
  -2.1297535e-01  -1.8359257e+00  -1.8302464e+00   1.4914412e-01   1.5993794e+00   0.0000000e+00
  -2.1480677e-01  -1.8328870e+00  -1.8234403e+00   1.4960061e-01   1.5989373e+00   0.0000000e+00
  -2.1654675e-01  -1.8298364e+00  -1.8164700e+00   1.5004557e-01   1.5985008e+00   0.0000000e+00
  -2.1812460e-01  -1.8268572e+00  -1.8095248e+00   1.5046648e-01   1.5980849e+00   0.0000000e+00
  -2.1960626e-01  -1.8238314e+00  -1.8023245e+00   1.5087936e-01   1.5976724e+00   0.0000000e+00
  -2.2093254e-01  -1.8209054e+00  -1.7952184e+00   1.5126390e-01   1.5972815e+00   0.0000000e+00
  -2.2215053e-01  -1.8179316e+00  -1.7878370e+00   1.5163872e-01   1.5968948e+00   0.0000000e+00
  -2.2321992e-01  -1.8150480e+00  -1.7805273e+00   1.5198611e-01   1.5965281e+00   0.0000000e+00
  -2.2418108e-01  -1.8121372e+00  -1.7729906e+00   1.5231976e-01   1.5961669e+00   0.0000000e+00
  -2.2498657e-01  -1.8093228e+00  -1.7655369e+00   1.5262484e-01   1.5958270e+00   0.0000000e+00
  -2.2568376e-01  -1.8064814e+00  -1.7578565e+00   1.5291496e-01   1.5954926e+00   0.0000000e+00
  -2.2624696e-01  -1.8036669e+00  -1.7500800e+00   1.5318323e-01   1.5951709e+00   0.0000000e+00
  -2.2666489e-01  -1.8009045e+00  -1.7422596e+00   1.5342616e-01   1.5948650e+00   0.0000000e+00
  -2.2694968e-01  -1.7981809e+00  -1.7343818e+00   1.5364565e-01   1.5945731e+00   0.0000000e+00
  -2.2710013e-01  -1.7955198e+00  -1.7265240e+00   1.5384009e-01   1.5942979e+00   0.0000000e+00
  -2.2711184e-01  -1.7929144e+00  -1.7186458e+00   1.5400892e-01   1.5940385e+00   0.0000000e+00
  -2.2699301e-01  -1.7903511e+00  -1.7107382e+00   1.5415444e-01   1.5937938e+00   0.0000000e+00
  -2.2673500e-01  -1.7878157e+00  -1.7027359e+00   1.5427599e-01   1.5935625e+00   0.0000000e+00
  -2.2633623e-01  -1.7852961e+00  -1.6946107e+00   1.5437408e-01   1.5933442e+00   0.0000000e+00
  -2.2581771e-01  -1.7828989e+00  -1.6867200e+00   1.5444549e-01   1.5931480e+00   0.0000000e+00
  -2.2516753e-01  -1.7805433e+00  -1.6788058e+00   1.5449354e-01   1.5929669e+00   0.0000000e+00
  -2.2436283e-01  -1.7781647e+00  -1.6706561e+00   1.5451912e-01   1.5927970e+00   0.0000000e+00
  -2.2343912e-01  -1.7758848e+00  -1.6626745e+00   1.5451985e-01   1.5926471e+00   0.0000000e+00
  -2.2238409e-01  -1.7736360e+00  -1.6546786e+00   1.5449939e-01   1.5925131e+00   0.0000000e+00
  -2.2118882e-01  -1.7714287e+00  -1.6466630e+00   1.5445505e-01   1.5923957e+00   0.0000000e+00
  -2.1985730e-01  -1.7692540e+00  -1.6386398e+00   1.5438931e-01   1.5922952e+00   0.0000000e+00
  -2.1841475e-01  -1.7671599e+00  -1.6307691e+00   1.5430280e-01   1.5922136e+00   0.0000000e+00
  -2.1679230e-01  -1.7650386e+00  -1.6226809e+00   1.5419321e-01   1.5921476e+00   0.0000000e+00
  -2.1507242e-01  -1.7630048e+00  -1.6148090e+00   1.5406615e-01   1.5921015e+00   0.0000000e+00
  -2.1321979e-01  -1.7610074e+00  -1.6069744e+00   1.5392030e-01   1.5920737e+00   0.0000000e+00
  -2.1123806e-01  -1.7590446e+00  -1.5991940e+00   1.5375747e-01   1.5920648e+00   0.0000000e+00
  -2.0908762e-01  -1.7570924e+00  -1.5913465e+00   1.5357358e-01   1.5920756e+00   0.0000000e+00
  -2.0684487e-01  -1.7552043e+00  -1.5837012e+00   1.5337812e-01   1.5921059e+00   0.0000000e+00
  -2.0448353e-01  -1.7533559e+00  -1.5761619e+00   1.5316946e-01   1.5921559e+00   0.0000000e+00
  -2.0198631e-01  -1.7515314e+00  -1.5686802e+00   1.5294744e-01   1.5922264e+00   0.0000000e+00
  -1.9930245e-01  -1.7496968e+00  -1.5611286e+00   1.5270881e-01   1.5923199e+00   0.0000000e+00
  -1.9658276e-01  -1.7479482e+00  -1.5539243e+00   1.5246855e-01   1.5924313e+00   0.0000000e+00
  -1.9370036e-01  -1.7462006e+00  -1.5467303e+00   1.5221687e-01   1.5925658e+00   0.0000000e+00
  -1.9064517e-01  -1.7444489e+00  -1.5395436e+00   1.5195463e-01   1.5927250e+00   0.0000000e+00
  -1.8747763e-01  -1.7427262e+00  -1.5325190e+00   1.5168882e-01   1.5929066e+00   0.0000000e+00
  -1.8417530e-01  -1.7410128e+00  -1.5256051e+00   1.5141964e-01   1.5931120e+00   0.0000000e+00
  -1.8077834e-01  -1.7393346e+00  -1.5189050e+00   1.5115179e-01   1.5933397e+00   0.0000000e+00
  -1.7733536e-01  -1.7377017e+00  -1.5124865e+00   1.5089057e-01   1.5935857e+00   0.0000000e+00
  -1.7369912e-01  -1.7360460e+00  -1.5060973e+00   1.5062725e-01   1.5938616e+00   0.0000000e+00
  -1.6990990e-01  -1.7343818e+00  -1.4998087e+00   1.5036593e-01   1.5941646e+00   0.0000000e+00
  -1.6606133e-01  -1.7327494e+00  -1.4938064e+00   1.5011710e-01   1.5944889e+00   0.0000000e+00
  -1.6207477e-01  -1.7311094e+00  -1.4879609e+00   1.4987723e-01   1.5948412e+00   0.0000000e+00
  -1.5806621e-01  -1.7295060e+00  -1.4824257e+00   1.4965340e-01   1.5952108e+00   0.0000000e+00
  -1.5385105e-01  -1.7278618e+00  -1.4769664e+00   1.4943891e-01   1.5956158e+00   0.0000000e+00
  -1.4951725e-01  -1.7262102e+00  -1.4716985e+00   1.4923921e-01   1.5960481e+00   0.0000000e+00
  -1.4506596e-01  -1.7245479e+00  -1.4666451e+00   1.4905822e-01   1.5965091e+00   0.0000000e+00
  -1.4053590e-01  -1.7228851e+00  -1.4618697e+00   1.4890151e-01   1.5969959e+00   0.0000000e+00
  -1.3600576e-01  -1.7212475e+00  -1.4574212e+00   1.4876990e-01   1.5974988e+00   0.0000000e+00
  -1.3127918e-01  -1.7195603e+00  -1.4531240e+00   1.4866123e-01   1.5980407e+00   0.0000000e+00
  -1.2655638e-01  -1.7178923e+00  -1.4491603e+00   1.4858155e-01   1.5985990e+00   0.0000000e+00
  -1.2163883e-01  -1.7161708e+00  -1.4453601e+00   1.4852846e-01   1.5991973e+00   0.0000000e+00
  -1.1674126e-01  -1.7144668e+00  -1.4419124e+00   1.4850864e-01   1.5998109e+00   0.0000000e+00
  -1.1163521e-01  -1.7126985e+00  -1.4386518e+00   1.4852188e-01   1.6004686e+00   0.0000000e+00
  -1.0657088e-01  -1.7109495e+00  -1.4357458e+00   1.4856984e-01   1.6011387e+00   0.0000000e+00
  -1.0144994e-01  -1.7091830e+00  -1.4331278e+00   1.4865368e-01   1.6018342e+00   0.0000000e+00
  -9.6231386e-02  -1.7073826e+00  -1.4307782e+00   1.4877538e-01   1.6025608e+00   0.0000000e+00
  -9.0953847e-02  -1.7055588e+00  -1.4287212e+00   1.4893599e-01   1.6033140e+00   0.0000000e+00
  -8.5590838e-02  -1.7037003e+00  -1.4269485e+00   1.4913760e-01   1.6040977e+00   0.0000000e+00
  -8.0169040e-02  -1.7018140e+00  -1.4254744e+00   1.4938088e-01   1.6049089e+00   0.0000000e+00
  -7.4672395e-02  -1.6998921e+00  -1.4242971e+00   1.4966773e-01   1.6057501e+00   0.0000000e+00
  -6.9119354e-02  -1.6979392e+00  -1.4234251e+00   1.4999856e-01   1.6066192e+00   0.0000000e+00
  -6.3501160e-02  -1.6959500e+00  -1.4228596e+00   1.5037495e-01   1.6075179e+00   0.0000000e+00
  -5.7830924e-02  -1.6939276e+00  -1.4226057e+00   1.5079708e-01   1.6084446e+00   0.0000000e+00
  -5.2107948e-02  -1.6918699e+00  -1.4226657e+00   1.5126585e-01   1.6093998e+00   0.0000000e+00
  -4.6355459e-02  -1.6897840e+00  -1.4230408e+00   1.5177991e-01   1.6103799e+00   0.0000000e+00
  -4.0553709e-02  -1.6876612e+00  -1.4237329e+00   1.5234140e-01   1.6113885e+00   0.0000000e+00
  -3.4723831e-02  -1.6855082e+00  -1.4247414e+00   1.5294871e-01   1.6124222e+00   0.0000000e+00
  -2.8848799e-02  -1.6833176e+00  -1.4260705e+00   1.5360385e-01   1.6134843e+00   0.0000000e+00
  -2.2956950e-02  -1.6810990e+00  -1.4277153e+00   1.5430384e-01   1.6145701e+00   0.0000000e+00
  -1.7023886e-02  -1.6788424e+00  -1.4296833e+00   1.5505153e-01   1.6156841e+00   0.0000000e+00
  -1.1085507e-02  -1.6765610e+00  -1.4319637e+00   1.5584227e-01   1.6168198e+00   0.0000000e+00
  -5.1105670e-03  -1.6742421e+00  -1.4345688e+00   1.5667995e-01   1.6179834e+00   0.0000000e+00
   8.5936197e-04  -1.6719017e+00  -1.4374813e+00   1.5755837e-01   1.6191670e+00   0.0000000e+00
   6.8585979e-03  -1.6695259e+00  -1.4407179e+00   1.5848206e-01   1.6203774e+00   0.0000000e+00
   1.2846386e-02  -1.6671310e+00  -1.4442577e+00   1.5944421e-01   1.6216065e+00   0.0000000e+00
   1.8849414e-02  -1.6647062e+00  -1.4481150e+00   1.6044822e-01   1.6228599e+00   0.0000000e+00
   2.4844515e-02  -1.6622613e+00  -1.4522767e+00   1.6148956e-01   1.6241328e+00   0.0000000e+00
   3.0826729e-02  -1.6597984e+00  -1.4567362e+00   1.6256613e-01   1.6254241e+00   0.0000000e+00
   3.6824031e-02  -1.6573067e+00  -1.4615174e+00   1.6368229e-01   1.6267400e+00   0.0000000e+00
   4.2754799e-02  -1.6548207e+00  -1.4665505e+00   1.6482126e-01   1.6280623e+00   0.0000000e+00
   4.8729445e-02  -1.6522948e+00  -1.4719312e+00   1.6600332e-01   1.6294156e+00   0.0000000e+00
   5.4598601e-02  -1.6497931e+00  -1.4775209e+00   1.6719728e-01   1.6307660e+00   0.0000000e+00
   6.0497808e-02  -1.6472590e+00  -1.4834473e+00   1.6842933e-01   1.6321444e+00   0.0000000e+00
   6.6304968e-02  -1.6447460e+00  -1.4895848e+00   1.6967237e-01   1.6335221e+00   0.0000000e+00
   7.2116693e-02  -1.6422135e+00  -1.4960345e+00   1.7094567e-01   1.6349218e+00   0.0000000e+00
   7.7841027e-02  -1.6397029e+00  -1.5026909e+00   1.7222736e-01   1.6363210e+00   0.0000000e+00
   8.3551060e-02  -1.6371835e+00  -1.5096379e+00   1.7353237e-01   1.6377376e+00   0.0000000e+00
   8.9173473e-02  -1.6346891e+00  -1.5167825e+00   1.7484213e-01   1.6391529e+00   0.0000000e+00
   9.4767588e-02  -1.6321950e+00  -1.5241990e+00   1.7616901e-01   1.6405817e+00   0.0000000e+00
   1.0027109e-01  -1.6297307e+00  -1.5318006e+00   1.7749640e-01   1.6420076e+00   0.0000000e+00
   1.0573580e-01  -1.6272744e+00  -1.5396578e+00   1.7883533e-01   1.6434439e+00   0.0000000e+00
   1.1110505e-01  -1.6248537e+00  -1.5476853e+00   1.8017015e-01   1.6448752e+00   0.0000000e+00
   1.1642741e-01  -1.6224482e+00  -1.5559540e+00   1.8151143e-01   1.6463143e+00   0.0000000e+00
   1.2181104e-01  -1.6200098e+00  -1.5646523e+00   1.8288662e-01   1.6477916e+00   0.0000000e+00
   1.2697161e-01  -1.6176712e+00  -1.5733014e+00   1.8421942e-01   1.6492275e+00   0.0000000e+00
   1.3218936e-01  -1.6153059e+00  -1.5823825e+00   1.8558232e-01   1.6507006e+00   0.0000000e+00
   1.3717650e-01  -1.6130474e+00  -1.5913818e+00   1.8689736e-01   1.6521286e+00   0.0000000e+00
   1.4221690e-01  -1.6107702e+00  -1.6008020e+00   1.8823709e-01   1.6535921e+00   0.0000000e+00
   1.4716251e-01  -1.6085410e+00  -1.6104004e+00   1.8956363e-01   1.6550499e+00   0.0000000e+00
   1.5201028e-01  -1.6063634e+00  -1.6201712e+00   1.9087482e-01   1.6565009e+00   0.0000000e+00
   1.5673900e-01  -1.6042506e+00  -1.6300537e+00   1.9216188e-01   1.6579374e+00   0.0000000e+00
   1.6124472e-01  -1.6022508e+00  -1.6398119e+00   1.9339477e-01   1.6593265e+00   0.0000000e+00
   1.6575862e-01  -1.6002641e+00  -1.6499353e+00   1.9463467e-01   1.6607386e+00   0.0000000e+00
   1.7005296e-01  -1.5983912e+00  -1.6599330e+00   1.9581998e-01   1.6621033e+00   0.0000000e+00
   1.7433693e-01  -1.5965437e+00  -1.6702802e+00   1.9700635e-01   1.6634863e+00   0.0000000e+00
   1.7841136e-01  -1.5948098e+00  -1.6804920e+00   1.9813735e-01   1.6648227e+00   0.0000000e+00
   1.8245174e-01  -1.5931159e+00  -1.6910233e+00   1.9926216e-01   1.6661709e+00   0.0000000e+00
   1.8629846e-01  -1.5915327e+00  -1.7014308e+00   2.0033314e-01   1.6674756e+00   0.0000000e+00
   1.9008501e-01  -1.5900064e+00  -1.7120867e+00   2.0138773e-01   1.6687827e+00   0.0000000e+00
   1.9369832e-01  -1.5885850e+00  -1.7226705e+00   2.0239336e-01   1.6700526e+00   0.0000000e+00
   1.9722474e-01  -1.5872370e+00  -1.7334119e+00   2.0337190e-01   1.6713142e+00   0.0000000e+00
   2.0059114e-01  -1.5859916e+00  -1.7441162e+00   2.0430431e-01   1.6725427e+00   0.0000000e+00
   2.0384572e-01  -1.5848330e+00  -1.7549324e+00   2.0520318e-01   1.6737553e+00   0.0000000e+00
   2.0696240e-01  -1.5837729e+00  -1.7657500e+00   2.0605911e-01   1.6749406e+00   0.0000000e+00
   2.0993249e-01  -1.5828158e+00  -1.7765861e+00   2.0687215e-01   1.6760978e+00   0.0000000e+00
   2.1279401e-01  -1.5819519e+00  -1.7875313e+00   2.0764924e-01   1.6772388e+00   0.0000000e+00
   2.1547487e-01  -1.5812040e+00  -1.7983152e+00   2.0837111e-01   1.6783349e+00   0.0000000e+00
   2.1807200e-01  -1.5805487e+00  -1.8093579e+00   2.0906446e-01   1.6794273e+00   0.0000000e+00
   2.2047257e-01  -1.5800129e+00  -1.8201157e+00   2.0969640e-01   1.6804648e+00   0.0000000e+00
   2.2273065e-01  -1.5795871e+00  -1.8308789e+00   2.1028388e-01   1.6814732e+00   0.0000000e+00
   2.2489518e-01  -1.5792647e+00  -1.8418716e+00   2.1083796e-01   1.6824736e+00   0.0000000e+00
   2.2690844e-01  -1.5790600e+00  -1.8528389e+00   2.1134377e-01   1.6834412e+00   0.0000000e+00
   2.2877027e-01  -1.5789740e+00  -1.8637704e+00   2.1180091e-01   1.6843752e+00   0.0000000e+00
   2.3049046e-01  -1.5790073e+00  -1.8747188e+00   2.1221141e-01   1.6852800e+00   0.0000000e+00
   2.3205414e-01  -1.5791640e+00  -1.8856187e+00   2.1257201e-01   1.6861492e+00   0.0000000e+00
   2.3345969e-01  -1.5794461e+00  -1.8964670e+00   2.1288244e-01   1.6869821e+00   0.0000000e+00
   2.3470788e-01  -1.5798529e+00  -1.9072503e+00   2.1314274e-01   1.6877780e+00   0.0000000e+00
   2.3580569e-01  -1.5803837e+00  -1.9179999e+00   2.1335435e-01   1.6885399e+00   0.0000000e+00
   2.3674063e-01  -1.5810447e+00  -1.9286841e+00   2.1351518e-01   1.6892634e+00   0.0000000e+00
   2.3750909e-01  -1.5818414e+00  -1.9393090e+00   2.1362450e-01   1.6899479e+00   0.0000000e+00
   2.3809863e-01  -1.5827252e+00  -1.9494422e+00   2.1368293e-01   1.6905695e+00   0.0000000e+00
   2.3853617e-01  -1.5837285e+00  -1.9594871e+00   2.1369490e-01   1.6911537e+00   0.0000000e+00
   2.3882106e-01  -1.5848513e+00  -1.9694383e+00   2.1366070e-01   1.6917000e+00   0.0000000e+00
   2.3895264e-01  -1.5860934e+00  -1.9792904e+00   2.1358070e-01   1.6922078e+00   0.0000000e+00
   2.3893017e-01  -1.5874543e+00  -1.9890375e+00   2.1345535e-01   1.6926768e+00   0.0000000e+00
   2.3875319e-01  -1.5889333e+00  -1.9986746e+00   2.1328515e-01   1.6931066e+00   0.0000000e+00
   2.3842126e-01  -1.5905295e+00  -2.0081964e+00   2.1307068e-01   1.6934968e+00   0.0000000e+00
   2.3793400e-01  -1.5922420e+00  -2.0175976e+00   2.1281261e-01   1.6938470e+00   0.0000000e+00
   2.3729109e-01  -1.5940693e+00  -2.0268731e+00   2.1251166e-01   1.6941569e+00   0.0000000e+00
   2.3649228e-01  -1.5960098e+00  -2.0360182e+00   2.1216862e-01   1.6944263e+00   0.0000000e+00
   2.3553739e-01  -1.5980619e+00  -2.0450280e+00   2.1178437e-01   1.6946550e+00   0.0000000e+00
   2.3442634e-01  -1.6002236e+00  -2.0538980e+00   2.1135986e-01   1.6948427e+00   0.0000000e+00
   2.3315908e-01  -1.6024925e+00  -2.0626237e+00   2.1089609e-01   1.6949893e+00   0.0000000e+00
   2.3173657e-01  -1.6048648e+00  -2.0711960e+00   2.1039447e-01   1.6950947e+00   0.0000000e+00
   2.3016066e-01  -1.6073354e+00  -2.0796044e+00   2.0985668e-01   1.6951589e+00   0.0000000e+00
   2.2843134e-01  -1.6099021e+00  -2.0878489e+00   2.0928382e-01   1.6951819e+00   0.0000000e+00
   2.2654943e-01  -1.6125615e+00  -2.0959255e+00   2.0867730e-01   1.6951638e+00   0.0000000e+00
   2.2451617e-01  -1.6153093e+00  -2.1038299e+00   2.0803867e-01   1.6951050e+00   0.0000000e+00
   2.2233297e-01  -1.6181410e+00  -2.1115578e+00   2.0736959e-01   1.6950056e+00   0.0000000e+00
   2.1999862e-01  -1.6210551e+00  -2.1191145e+00   2.0667101e-01   1.6948658e+00   0.0000000e+00
   2.1746720e-01  -1.6241049e+00  -2.1266296e+00   2.0593045e-01   1.6946820e+00   0.0000000e+00
   2.1475224e-01  -1.6272697e+00  -2.1340371e+00   2.0515320e-01   1.6944540e+00   0.0000000e+00
   2.1191207e-01  -1.6304545e+00  -2.1411737e+00   2.0436280e-01   1.6941881e+00   0.0000000e+00
   2.0895822e-01  -1.6336757e+00  -2.1480362e+00   2.0355653e-01   1.6938852e+00   0.0000000e+00
   2.0580663e-01  -1.6370115e+00  -2.1548212e+00   2.0271509e-01   1.6935373e+00   0.0000000e+00
   2.0255651e-01  -1.6403385e+00  -2.1613050e+00   2.0186993e-01   1.6931562e+00   0.0000000e+00
   1.9910700e-01  -1.6437898e+00  -2.1677070e+00   2.0098832e-01   1.6927291e+00   0.0000000e+00
   1.9551497e-01  -1.6472713e+00  -2.1738979e+00   2.0009411e-01   1.6922641e+00   0.0000000e+00
   1.9182691e-01  -1.6507452e+00  -2.1798143e+00   1.9919779e-01   1.6917677e+00   0.0000000e+00
   1.8802172e-01  -1.6542297e+00  -2.1855049e+00   1.9829516e-01   1.6912380e+00   0.0000000e+00
   1.8398054e-01  -1.6578181e+00  -2.1911336e+00   1.9736228e-01   1.6906587e+00   0.0000000e+00
   1.7984913e-01  -1.6613973e+00  -2.1964968e+00   1.9642946e-01   1.6900497e+00   0.0000000e+00
   1.7555613e-01  -1.6650001e+00  -2.2016923e+00   1.9548790e-01   1.6894025e+00   0.0000000e+00
   1.7117300e-01  -1.6685806e+00  -2.2066342e+00   1.9455061e-01   1.6887272e+00   0.0000000e+00
   1.6658660e-01  -1.6722166e+00  -2.2114527e+00   1.9359726e-01   1.6880073e+00   0.0000000e+00
   1.6197999e-01  -1.6757599e+00  -2.2159618e+00   1.9266710e-01   1.6872722e+00   0.0000000e+00
   1.5728951e-01  -1.6792611e+00  -2.2202412e+00   1.9174729e-01   1.6865126e+00   0.0000000e+00
   1.5243138e-01  -1.6827777e+00  -2.2243688e+00   1.9082300e-01   1.6857154e+00   0.0000000e+00
   1.4752499e-01  -1.6862200e+00  -2.2282483e+00   1.8991814e-01   1.6849008e+00   0.0000000e+00
   1.4242818e-01  -1.6896821e+00  -2.2319930e+00   1.8900825e-01   1.6840454e+00   0.0000000e+00
   1.3714196e-01  -1.6931514e+00  -2.2355900e+00   1.8809691e-01   1.6831496e+00   0.0000000e+00
   1.3183342e-01  -1.6965180e+00  -2.2389343e+00   1.8721329e-01   1.6822422e+00   0.0000000e+00
   1.2633266e-01  -1.6998976e+00  -2.2421496e+00   1.8632716e-01   1.6812947e+00   0.0000000e+00
   1.2083188e-01  -1.7031388e+00  -2.2450946e+00   1.8547861e-01   1.6803406e+00   0.0000000e+00
   1.1530485e-01  -1.7062838e+00  -2.2478262e+00   1.8465657e-01   1.6793762e+00   0.0000000e+00
   1.0959887e-01  -1.7093977e+00  -2.2504030e+00   1.8384435e-01   1.6783751e+00   0.0000000e+00
   1.0371894e-01  -1.7124862e+00  -2.2528347e+00   1.8304059e-01   1.6773385e+00   0.0000000e+00
   9.7849554e-02  -1.7154312e+00  -2.2550299e+00   1.8227631e-01   1.6762994e+00   0.0000000e+00
   9.1784420e-02  -1.7183391e+00  -2.2570758e+00   1.8152400e-01   1.6752216e+00   0.0000000e+00
   8.5762204e-02  -1.7210969e+00  -2.2589002e+00   1.8081298e-01   1.6741480e+00   0.0000000e+00
   7.9544861e-02  -1.7238043e+00  -2.2605720e+00   1.8011769e-01   1.6730365e+00   0.0000000e+00
   7.3371625e-02  -1.7263571e+00  -2.2620330e+00   1.7946499e-01   1.6719303e+00   0.0000000e+00
   6.7031295e-02  -1.7288464e+00  -2.2633435e+00   1.7883156e-01   1.6707919e+00   0.0000000e+00
   6.0727794e-02  -1.7311709e+00  -2.2644442e+00   1.7824355e-01   1.6696582e+00   0.0000000e+00
   5.4265583e-02  -1.7334181e+00  -2.2653917e+00   1.7767854e-01   1.6684944e+00   0.0000000e+00
   4.7852027e-02  -1.7354990e+00  -2.2661419e+00   1.7715927e-01   1.6673381e+00   0.0000000e+00
   4.1286620e-02  -1.7374839e+00  -2.2667289e+00   1.7666808e-01   1.6661535e+00   0.0000000e+00
   3.4770262e-02  -1.7393100e+00  -2.2671373e+00   1.7622048e-01   1.6649770e+00   0.0000000e+00
   2.8150607e-02  -1.7410168e+00  -2.2673769e+00   1.7580689e-01   1.6637815e+00   0.0000000e+00
   2.1513724e-02  -1.7425789e+00  -2.2674447e+00   1.7543347e-01   1.6625826e+00   0.0000000e+00
   1.4878990e-02  -1.7439978e+00  -2.2673525e+00   1.7509956e-01   1.6613841e+00   0.0000000e+00
   8.3163326e-03  -1.7452457e+00  -2.2670855e+00   1.7481225e-01   1.6601986e+00   0.0000000e+00
   1.7401228e-03  -1.7463610e+00  -2.2666738e+00   1.7456140e-01   1.6590112e+00   0.0000000e+00
  -4.9361528e-03  -1.7473391e+00  -2.2660870e+00   1.7434915e-01   1.6578060e+00   0.0000000e+00
  -1.1646302e-02  -1.7481750e+00  -2.2653425e+00   1.7417605e-01   1.6565954e+00   0.0000000e+00
  -1.8344463e-02  -1.7488549e+00  -2.2644323e+00   1.7404556e-01   1.6553873e+00   0.0000000e+00
  -2.4907417e-02  -1.7493753e+00  -2.2633875e+00   1.7395743e-01   1.6542042e+00   0.0000000e+00
  -3.1472259e-02  -1.7497534e+00  -2.2621958e+00   1.7390785e-01   1.6530217e+00   0.0000000e+00
  -3.8105828e-02  -1.7499855e+00  -2.2608326e+00   1.7389843e-01   1.6518274e+00   0.0000000e+00
  -4.4695773e-02  -1.7500625e+00  -2.2593140e+00   1.7393064e-01   1.6506414e+00   0.0000000e+00
  -5.1247370e-02  -1.7499971e+00  -2.2576590e+00   1.7400074e-01   1.6494633e+00   0.0000000e+00
  -5.7815831e-02  -1.7497833e+00  -2.2558425e+00   1.7411073e-01   1.6482827e+00   0.0000000e+00
  -6.4360210e-02  -1.7494283e+00  -2.2538824e+00   1.7425822e-01   1.6471072e+00   0.0000000e+00
  -7.0924722e-02  -1.7489144e+00  -2.2517444e+00   1.7444824e-01   1.6459284e+00   0.0000000e+00
  -7.7410351e-02  -1.7482598e+00  -2.2494722e+00   1.7467488e-01   1.6447643e+00   0.0000000e+00
  -8.3848642e-02  -1.7474623e+00  -2.2470530e+00   1.7493884e-01   1.6436089e+00   0.0000000e+00
  -9.0247592e-02  -1.7465056e+00  -2.2444670e+00   1.7524430e-01   1.6424608e+00   0.0000000e+00
  -9.6464661e-02  -1.7454688e+00  -2.2418244e+00   1.7556904e-01   1.6413453e+00   0.0000000e+00
  -1.0270930e-01  -1.7442650e+00  -2.2389846e+00   1.7593756e-01   1.6402247e+00   0.0000000e+00
  -1.0884284e-01  -1.7429313e+00  -2.2360183e+00   1.7633869e-01   1.6391239e+00   0.0000000e+00
  -1.1507652e-01  -1.7414567e+00  -2.2328465e+00   1.7677701e-01   1.6380042e+00   0.0000000e+00
  -1.2113303e-01  -1.7398512e+00  -2.2295623e+00   1.7724714e-01   1.6369160e+00   0.0000000e+00
  -1.2722345e-01  -1.7381182e+00  -2.2260932e+00   1.7775000e-01   1.6358204e+00   0.0000000e+00
  -1.3310007e-01  -1.7362806e+00  -2.2225415e+00   1.7827705e-01   1.6347623e+00   0.0000000e+00
  -1.3902255e-01  -1.7342923e+00  -2.2187728e+00   1.7884241e-01   1.6336944e+00   0.0000000e+00
  -1.4471892e-01  -1.7322444e+00  -2.2149563e+00   1.7941992e-01   1.6326655e+00   0.0000000e+00
  -1.5045234e-01  -1.7300378e+00  -2.2109084e+00   1.8003713e-01   1.6316278e+00   0.0000000e+00
  -1.5596931e-01  -1.7277799e+00  -2.2068118e+00   1.8066402e-01   1.6306271e+00   0.0000000e+00
  -1.6150272e-01  -1.7253973e+00  -2.2025065e+00   1.8132128e-01   1.6296205e+00   0.0000000e+00
  -1.6681989e-01  -1.7229396e+00  -2.1981291e+00   1.8199366e-01   1.6286505e+00   0.0000000e+00
  -1.7213896e-01  -1.7203731e+00  -2.1935508e+00   1.8269165e-01   1.6276768e+00   0.0000000e+00
  -1.7724443e-01  -1.7177496e+00  -2.1889079e+00   1.8339976e-01   1.6267386e+00   0.0000000e+00
  -1.8233197e-01  -1.7150074e+00  -2.1840522e+00   1.8413509e-01   1.6257997e+00   0.0000000e+00
  -1.8722529e-01  -1.7122393e+00  -2.1791450e+00   1.8487242e-01   1.6248923e+00   0.0000000e+00
  -1.9206199e-01  -1.7093668e+00  -2.1740435e+00   1.8563233e-01   1.6239907e+00   0.0000000e+00
  -1.9677380e-01  -1.7064453e+00  -2.1688281e+00   1.8640008e-01   1.6231072e+00   0.0000000e+00
  -2.0130424e-01  -1.7034734e+00  -2.1635214e+00   1.8717519e-01   1.6222521e+00   0.0000000e+00
  -2.0579273e-01  -1.7004406e+00  -2.1580387e+00   1.8796115e-01   1.6213992e+00   0.0000000e+00
  -2.1008463e-01  -1.6973922e+00  -2.1525018e+00   1.8874521e-01   1.6205772e+00   0.0000000e+00
  -2.1427214e-01  -1.6942818e+00  -2.1468106e+00   1.8953918e-01   1.6197685e+00   0.0000000e+00
  -2.1828464e-01  -1.6911543e+00  -2.1410458e+00   1.9033126e-01   1.6189863e+00   0.0000000e+00
  -2.2227457e-01  -1.6879145e+00  -2.1350092e+00   1.9114524e-01   1.6182008e+00   0.0000000e+00
  -2.2604456e-01  -1.6847201e+00  -2.1289909e+00   1.9194111e-01   1.6174504e+00   0.0000000e+00
  -2.2970938e-01  -1.6814757e+00  -2.1228083e+00   1.9274246e-01   1.6167123e+00   0.0000000e+00
  -2.3328325e-01  -1.6781783e+00  -2.1164416e+00   1.9354955e-01   1.6159833e+00   0.0000000e+00
  -2.3666127e-01  -1.6748854e+00  -2.1100180e+00   1.9434769e-01   1.6152836e+00   0.0000000e+00
  -2.3994092e-01  -1.6715917e+00  -2.1034781e+00   1.9513829e-01   1.6145951e+00   0.0000000e+00
  -2.4303454e-01  -1.6683149e+00  -2.0968908e+00   1.9591656e-01   1.6139341e+00   0.0000000e+00
  -2.4603290e-01  -1.6649744e+00  -2.0900806e+00   1.9670122e-01   1.6132814e+00   0.0000000e+00
  -2.4884778e-01  -1.6617058e+00  -2.0833039e+00   1.9746017e-01   1.6126571e+00   0.0000000e+00
  -2.5155295e-01  -1.6583609e+00  -2.0762736e+00   1.9822735e-01   1.6120426e+00   0.0000000e+00
  -2.5408515e-01  -1.6550762e+00  -2.0692497e+00   1.9897098e-01   1.6114539e+00   0.0000000e+00
  -2.5651025e-01  -1.6517584e+00  -2.0620332e+00   1.9971189e-01   1.6108753e+00   0.0000000e+00
  -2.5874451e-01  -1.6484944e+00  -2.0548152e+00   2.0043028e-01   1.6103254e+00   0.0000000e+00
  -2.6084077e-01  -1.6452729e+00  -2.0475622e+00   2.0112855e-01   1.6097945e+00   0.0000000e+00
  -2.6279793e-01  -1.6420274e+00  -2.0401287e+00   2.0182075e-01   1.6092789e+00   0.0000000e+00
  -2.6461368e-01  -1.6388095e+00  -2.0326240e+00   2.0249527e-01   1.6087818e+00   0.0000000e+00
  -2.6627898e-01  -1.6356022e+00  -2.0250061e+00   2.0315531e-01   1.6083035e+00   0.0000000e+00
  -2.6778578e-01  -1.6324409e+00  -2.0173579e+00   2.0379326e-01   1.6078474e+00   0.0000000e+00
  -2.6915816e-01  -1.6292723e+00  -2.0095471e+00   2.0441950e-01   1.6074059e+00   0.0000000e+00
  -2.7035440e-01  -1.6261970e+00  -2.0018235e+00   2.0501396e-01   1.6069928e+00   0.0000000e+00
  -2.7142957e-01  -1.6230718e+00  -1.9938259e+00   2.0560393e-01   1.6065890e+00   0.0000000e+00
  -2.7234951e-01  -1.6199771e+00  -1.9857549e+00   2.0617335e-01   1.6062055e+00   0.0000000e+00
  -2.7310511e-01  -1.6169275e+00  -1.9776416e+00   2.0671922e-01   1.6058446e+00   0.0000000e+00
  -2.7369528e-01  -1.6139973e+00  -1.9697089e+00   2.0722894e-01   1.6055136e+00   0.0000000e+00
  -2.7412817e-01  -1.6110940e+00  -1.9616849e+00   2.0771849e-01   1.6052026e+00   0.0000000e+00
  -2.7441753e-01  -1.6081802e+00  -1.9534881e+00   2.0819398e-01   1.6049073e+00   0.0000000e+00
  -2.7454943e-01  -1.6053217e+00  -1.9452957e+00   2.0864409e-01   1.6046353e+00   0.0000000e+00
  -2.7452470e-01  -1.6024920e+00  -1.9370333e+00   2.0907290e-01   1.6043841e+00   0.0000000e+00
  -2.7434933e-01  -1.5997420e+00  -1.9288719e+00   2.0947324e-01   1.6041584e+00   0.0000000e+00
  -2.7401509e-01  -1.5970392e+00  -1.9206848e+00   2.0984933e-01   1.6039553e+00   0.0000000e+00
  -2.7352588e-01  -1.5943329e+00  -1.9123753e+00   2.1020934e-01   1.6037718e+00   0.0000000e+00
  -2.7288423e-01  -1.5917075e+00  -1.9041584e+00   2.1054073e-01   1.6036138e+00   0.0000000e+00
  -2.7207558e-01  -1.5890739e+00  -1.8957965e+00   2.1085578e-01   1.6034767e+00   0.0000000e+00
  -2.7112249e-01  -1.5865365e+00  -1.8875882e+00   2.1114105e-01   1.6033659e+00   0.0000000e+00
  -2.7001610e-01  -1.5840332e+00  -1.8793824e+00   2.1140546e-01   1.6032788e+00   0.0000000e+00
  -2.6875858e-01  -1.5815715e+00  -1.8712086e+00   2.1164850e-01   1.6032161e+00   0.0000000e+00
  -2.6731970e-01  -1.5791143e+00  -1.8629167e+00   2.1187258e-01   1.6031775e+00   0.0000000e+00
  -2.6575279e-01  -1.5767362e+00  -1.8548035e+00   2.1207273e-01   1.6031646e+00   0.0000000e+00
  -2.6404244e-01  -1.5744081e+00  -1.8467705e+00   2.1225204e-01   1.6031770e+00   0.0000000e+00
  -2.6216975e-01  -1.5721038e+00  -1.8387375e+00   2.1241310e-01   1.6032151e+00   0.0000000e+00
  -2.6009711e-01  -1.5697854e+00  -1.8305776e+00   2.1255842e-01   1.6032811e+00   0.0000000e+00
  -2.5787402e-01  -1.5675085e+00  -1.8225075e+00   2.1268530e-01   1.6033745e+00   0.0000000e+00
  -2.5552182e-01  -1.5652936e+00  -1.8146002e+00   2.1279323e-01   1.6034943e+00   0.0000000e+00
  -2.5302033e-01  -1.5631143e+00  -1.8067807e+00   2.1288496e-01   1.6036417e+00   0.0000000e+00
  -2.5033475e-01  -1.5609470e+00  -1.7989611e+00   2.1296146e-01   1.6038194e+00   0.0000000e+00
  -2.4754038e-01  -1.5588273e+00  -1.7913392e+00   2.1302544e-01   1.6040228e+00   0.0000000e+00
  -2.4460927e-01  -1.5567548e+00  -1.7838600e+00   2.1307486e-01   1.6042541e+00   0.0000000e+00
  -2.4150587e-01  -1.5546917e+00  -1.7764275e+00   2.1311321e-01   1.6045165e+00   0.0000000e+00
  -2.3823818e-01  -1.5526339e+00  -1.7690644e+00   2.1314286e-01   1.6048101e+00   0.0000000e+00
  -2.3483231e-01  -1.5506136e+00  -1.7618563e+00   2.1316209e-01   1.6051332e+00   0.0000000e+00
  -2.3130583e-01  -1.5486178e+00  -1.7548220e+00   2.1317558e-01   1.6054845e+00   0.0000000e+00
  -2.2760049e-01  -1.5466289e+00  -1.7478657e+00   2.1318194e-01   1.6058702e+00   0.0000000e+00
  -2.2376847e-01  -1.5446568e+00  -1.7410801e+00   2.1318517e-01   1.6062858e+00   0.0000000e+00
  -2.1981274e-01  -1.5427130e+00  -1.7344867e+00   2.1318490e-01   1.6067312e+00   0.0000000e+00
  -2.1567189e-01  -1.5407537e+00  -1.7279696e+00   2.1318374e-01   1.6072136e+00   0.0000000e+00
  -2.1133772e-01  -1.5387825e+00  -1.7215535e+00   2.1318286e-01   1.6077357e+00   0.0000000e+00
  -2.0688390e-01  -1.5368276e+00  -1.7153473e+00   2.1318404e-01   1.6082891e+00   0.0000000e+00
  -2.0230125e-01  -1.5348819e+00  -1.7093418e+00   2.1318900e-01   1.6088753e+00   0.0000000e+00
  -1.9759644e-01  -1.5329438e+00  -1.7035652e+00   2.1320087e-01   1.6094950e+00   0.0000000e+00
  -1.9278070e-01  -1.5310148e+00  -1.6980041e+00   2.1321919e-01   1.6101456e+00   0.0000000e+00
  -1.8780159e-01  -1.5290708e+00  -1.6926169e+00   2.1324689e-01   1.6108356e+00   0.0000000e+00
  -1.8272826e-01  -1.5271359e+00  -1.6874819e+00   2.1328526e-01   1.6115559e+00   0.0000000e+00
  -1.7747697e-01  -1.5251761e+00  -1.6825010e+00   2.1333503e-01   1.6123181e+00   0.0000000e+00
  -1.7216893e-01  -1.5232321e+00  -1.6778266e+00   2.1339966e-01   1.6131069e+00   0.0000000e+00
  -1.6664267e-01  -1.5212432e+00  -1.6732993e+00   2.1348086e-01   1.6139459e+00   0.0000000e+00
  -1.6110446e-01  -1.5192800e+00  -1.6691047e+00   2.1357843e-01   1.6148049e+00   0.0000000e+00
  -1.5531484e-01  -1.5172547e+00  -1.6650691e+00   2.1369855e-01   1.6157219e+00   0.0000000e+00
  -1.4955156e-01  -1.5152627e+00  -1.6613751e+00   2.1383565e-01   1.6166527e+00   0.0000000e+00
  -1.4370667e-01  -1.5132625e+00  -1.6579504e+00   2.1399376e-01   1.6176150e+00   0.0000000e+00
  -1.3772315e-01  -1.5112320e+00  -1.6547664e+00   2.1417601e-01   1.6186188e+00   0.0000000e+00
  -1.3166092e-01  -1.5091892e+00  -1.6518586e+00   2.1438199e-01   1.6196545e+00   0.0000000e+00
  -1.2546937e-01  -1.5071146e+00  -1.6492071e+00   2.1461492e-01   1.6207316e+00   0.0000000e+00
  -1.1920103e-01  -1.5050235e+00  -1.6468379e+00   2.1487414e-01   1.6218413e+00   0.0000000e+00
  -1.1281423e-01  -1.5028997e+00  -1.6447392e+00   2.1516273e-01   1.6229917e+00   0.0000000e+00
  -1.0635897e-01  -1.5007576e+00  -1.6429301e+00   2.1547963e-01   1.6241743e+00   0.0000000e+00
  -9.9803089e-02  -1.4985845e+00  -1.6414045e+00   2.1582754e-01   1.6253956e+00   0.0000000e+00
  -9.3189502e-02  -1.4963927e+00  -1.6401740e+00   2.1620514e-01   1.6266478e+00   0.0000000e+00
  -8.6470971e-02  -1.4941644e+00  -1.6392328e+00   2.1661617e-01   1.6279407e+00   0.0000000e+00
  -7.9708820e-02  -1.4919183e+00  -1.6385912e+00   2.1705769e-01   1.6292626e+00   0.0000000e+00
  -7.2843208e-02  -1.4896327e+00  -1.6382464e+00   2.1753449e-01   1.6306259e+00   0.0000000e+00
  -6.5949255e-02  -1.4873312e+00  -1.6382035e+00   2.1804197e-01   1.6320160e+00   0.0000000e+00
  -5.8953214e-02  -1.4849875e+00  -1.6384646e+00   2.1858626e-01   1.6334483e+00   0.0000000e+00
  -5.1944785e-02  -1.4826304e+00  -1.6390274e+00   2.1916084e-01   1.6349047e+00   0.0000000e+00
  -4.4836301e-02  -1.4802290e+00  -1.6399013e+00   2.1977339e-01   1.6364039e+00   0.0000000e+00
  -3.7730803e-02  -1.4778170e+00  -1.6410743e+00   2.2041530e-01   1.6379245e+00   0.0000000e+00
  -3.0529732e-02  -1.4753599e+00  -1.6425647e+00   2.2109578e-01   1.6394878e+00   0.0000000e+00
  -2.3343750e-02  -1.4728946e+00  -1.6443503e+00   2.2180447e-01   1.6410703e+00   0.0000000e+00
  -1.6072752e-02  -1.4703857e+00  -1.6464574e+00   2.2255132e-01   1.6426941e+00   0.0000000e+00
  -8.8203508e-03  -1.4678684e+00  -1.6488569e+00   2.2332567e-01   1.6443364e+00   0.0000000e+00
  -1.5067302e-03  -1.4653143e+00  -1.6515762e+00   2.2413589e-01   1.6460155e+00   0.0000000e+00
   5.8031038e-03  -1.4627456e+00  -1.6545924e+00   2.2497465e-01   1.6477168e+00   0.0000000e+00
   1.3124640e-02  -1.4601564e+00  -1.6579114e+00   2.2584328e-01   1.6494439e+00   0.0000000e+00
   2.0491240e-02  -1.4575347e+00  -1.6615509e+00   2.2674556e-01   1.6512051e+00   0.0000000e+00
   2.7776308e-02  -1.4549253e+00  -1.6654460e+00   2.2766523e-01   1.6529699e+00   0.0000000e+00
   3.5210971e-02  -1.4522454e+00  -1.6697253e+00   2.2863133e-01   1.6547948e+00   0.0000000e+00
   4.2643398e-02  -1.4495490e+00  -1.6743117e+00   2.2962440e-01   1.6566434e+00   0.0000000e+00
   4.9927035e-02  -1.4468898e+00  -1.6791055e+00   2.3062333e-01   1.6584786e+00   0.0000000e+00
   5.7231443e-02  -1.4442066e+00  -1.6842138e+00   2.3165019e-01   1.6603427e+00   0.0000000e+00
   6.4459087e-02  -1.4415356e+00  -1.6895676e+00   2.3269039e-01   1.6622109e+00   0.0000000e+00
   7.1728818e-02  -1.4388332e+00  -1.6952568e+00   2.3376028e-01   1.6641138e+00   0.0000000e+00
   7.9054063e-02  -1.4360940e+00  -1.7013067e+00   2.3486214e-01   1.6660561e+00   0.0000000e+00
   8.6268693e-02  -1.4333828e+00  -1.7075598e+00   2.3596788e-01   1.6679924e+00   0.0000000e+00
   9.3426163e-02  -1.4306775e+00  -1.7140881e+00   2.3708737e-01   1.6699386e+00   0.0000000e+00
   1.0056609e-01  -1.4279663e+00  -1.7209072e+00   2.3822359e-01   1.6719039e+00   0.0000000e+00
   1.0755636e-01  -1.4252986e+00  -1.7279014e+00   2.3935565e-01   1.6738525e+00   0.0000000e+00
   1.1457873e-01  -1.4226057e+00  -1.7352534e+00   2.4051194e-01   1.6758351e+00   0.0000000e+00
   1.2139410e-01  -1.4199827e+00  -1.7426960e+00   2.4165028e-01   1.6777828e+00   0.0000000e+00
   1.2826986e-01  -1.4173260e+00  -1.7505328e+00   2.4281539e-01   1.6797726e+00   0.0000000e+00
   1.3490034e-01  -1.4147563e+00  -1.7584039e+00   2.4395323e-01   1.6817151e+00   0.0000000e+00
   1.4161101e-01  -1.4121505e+00  -1.7666834e+00   2.4511722e-01   1.6837046e+00   0.0000000e+00
   1.4803623e-01  -1.4096471e+00  -1.7749522e+00   2.4624618e-01   1.6856346e+00   0.0000000e+00
   1.5434972e-01  -1.4071842e+00  -1.7833875e+00   2.4736585e-01   1.6875539e+00   0.0000000e+00
   1.6058139e-01  -1.4047490e+00  -1.7920482e+00   2.4848226e-01   1.6894726e+00   0.0000000e+00
   1.6687753e-01  -1.4022888e+00  -1.8011272e+00   2.4961853e-01   1.6914348e+00   0.0000000e+00
   1.7287362e-01  -1.3999443e+00  -1.8101248e+00   2.5071028e-01   1.6933285e+00   0.0000000e+00
   1.7894284e-01  -1.3975725e+00  -1.8195886e+00   2.5182310e-01   1.6952704e+00   0.0000000e+00
   1.8485496e-01  -1.3952662e+00  -1.8291661e+00   2.5291332e-01   1.6971870e+00   0.0000000e+00
   1.9051815e-01  -1.3930627e+00  -1.8386935e+00   2.5396264e-01   1.6990472e+00   0.0000000e+00
   1.9616491e-01  -1.3908745e+00  -1.8485474e+00   2.5501201e-01   1.7009261e+00   0.0000000e+00
   2.0157468e-01  -1.3887869e+00  -1.8583608e+00   2.5602084e-01   1.7027513e+00   0.0000000e+00
   2.0693702e-01  -1.3867282e+00  -1.8684809e+00   2.5702374e-01   1.7045865e+00   0.0000000e+00
   2.1208437e-01  -1.3847668e+00  -1.8785666e+00   2.5798649e-01   1.7063726e+00   0.0000000e+00
   2.1714432e-01  -1.3828527e+00  -1.8889070e+00   2.5893482e-01   1.7081560e+00   0.0000000e+00
   2.2201853e-01  -1.3810284e+00  -1.8992591e+00   2.5984633e-01   1.7098989e+00   0.0000000e+00
   2.2676534e-01  -1.3792729e+00  -1.9097583e+00   2.6073198e-01   1.7116228e+00   0.0000000e+00
   2.3135650e-01  -1.3775984e+00  -1.9203499e+00   2.6158585e-01   1.7133174e+00   0.0000000e+00
   2.3578914e-01  -1.3760095e+00  -1.9309924e+00   2.6240472e-01   1.7149792e+00   0.0000000e+00
   2.4007070e-01  -1.3745041e+00  -1.9417294e+00   2.6319058e-01   1.7166124e+00   0.0000000e+00
   2.4417909e-01  -1.3730910e+00  -1.9525306e+00   2.6393977e-01   1.7182097e+00   0.0000000e+00
   2.4814425e-01  -1.3717643e+00  -1.9634071e+00   2.6465375e-01   1.7197781e+00   0.0000000e+00
   2.5191736e-01  -1.3705402e+00  -1.9743176e+00   2.6532697e-01   1.7213040e+00   0.0000000e+00
   2.5554996e-01  -1.3694056e+00  -1.9853274e+00   2.6596440e-01   1.7228024e+00   0.0000000e+00
   2.5899104e-01  -1.3683781e+00  -1.9963026e+00   2.6655725e-01   1.7242534e+00   0.0000000e+00
   2.6224066e-01  -1.3674588e+00  -2.0072397e+00   2.6710530e-01   1.7256565e+00   0.0000000e+00
   2.6538635e-01  -1.3666257e+00  -2.0184300e+00   2.6762197e-01   1.7270488e+00   0.0000000e+00
   2.6831612e-01  -1.3659109e+00  -2.0294742e+00   2.6808796e-01   1.7283805e+00   0.0000000e+00
   2.7104142e-01  -1.3653135e+00  -2.0404647e+00   2.6850643e-01   1.7296594e+00   0.0000000e+00
   2.7366489e-01  -1.3648135e+00  -2.0517713e+00   2.6889069e-01   1.7309306e+00   0.0000000e+00
   2.7609773e-01  -1.3644332e+00  -2.0630534e+00   2.6922660e-01   1.7321531e+00   0.0000000e+00
   2.7832734e-01  -1.3641744e+00  -2.0742265e+00   2.6951216e-01   1.7333189e+00   0.0000000e+00
   2.8031813e-01  -1.3640428e+00  -2.0851337e+00   2.6974370e-01   1.7344103e+00   0.0000000e+00
   2.8217788e-01  -1.3640244e+00  -2.0962483e+00   2.6993326e-01   1.7354794e+00   0.0000000e+00
   2.8384721e-01  -1.3641323e+00  -2.1073413e+00   2.7007330e-01   1.7364989e+00   0.0000000e+00
   2.8532274e-01  -1.3643695e+00  -2.1184017e+00   2.7016292e-01   1.7374669e+00   0.0000000e+00
   2.8660576e-01  -1.3647352e+00  -2.1294096e+00   2.7020210e-01   1.7383823e+00   0.0000000e+00
   2.8769672e-01  -1.3652284e+00  -2.1403492e+00   2.7019097e-01   1.7392442e+00   0.0000000e+00
   2.8859220e-01  -1.3658531e+00  -2.1512249e+00   2.7012877e-01   1.7400517e+00   0.0000000e+00
   2.8929106e-01  -1.3666110e+00  -2.1620313e+00   2.7001516e-01   1.7408038e+00   0.0000000e+00
   2.8978319e-01  -1.3674762e+00  -2.1724763e+00   2.6985542e-01   1.7414822e+00   0.0000000e+00
   2.9008829e-01  -1.3684679e+00  -2.1828401e+00   2.6964706e-01   1.7421068e+00   0.0000000e+00
   2.9020563e-01  -1.3695866e+00  -2.1931167e+00   2.6939011e-01   1.7426767e+00   0.0000000e+00
   2.9013449e-01  -1.3708328e+00  -2.2033006e+00   2.6908467e-01   1.7431913e+00   0.0000000e+00
   2.8987428e-01  -1.3722065e+00  -2.2133860e+00   2.6873089e-01   1.7436499e+00   0.0000000e+00
   2.8942445e-01  -1.3737077e+00  -2.2233674e+00   2.6832899e-01   1.7440520e+00   0.0000000e+00
   2.8878446e-01  -1.3753362e+00  -2.2332391e+00   2.6787928e-01   1.7443968e+00   0.0000000e+00
   2.8795385e-01  -1.3770915e+00  -2.2429954e+00   2.6738212e-01   1.7446839e+00   0.0000000e+00
   2.8693221e-01  -1.3789730e+00  -2.2526309e+00   2.6683798e-01   1.7449127e+00   0.0000000e+00
   2.8571919e-01  -1.3809797e+00  -2.2621399e+00   2.6624738e-01   1.7450828e+00   0.0000000e+00
   2.8431306e-01  -1.3831125e+00  -2.2715262e+00   2.6561030e-01   1.7451938e+00   0.0000000e+00
   2.8271584e-01  -1.3853668e+00  -2.2807688e+00   2.6492849e-01   1.7452450e+00   0.0000000e+00
   2.8092943e-01  -1.3877383e+00  -2.2898550e+00   2.6420348e-01   1.7452363e+00   0.0000000e+00
   2.7888762e-01  -1.3903086e+00  -2.2990656e+00   2.6341043e-01   1.7451643e+00   0.0000000e+00
   2.7672387e-01  -1.3929045e+00  -2.3078025e+00   2.6260291e-01   1.7450342e+00   0.0000000e+00
   2.7437265e-01  -1.3956122e+00  -2.3163787e+00   2.6175494e-01   1.7448444e+00   0.0000000e+00
   2.7175174e-01  -1.3985140e+00  -2.3250481e+00   2.6084057e-01   1.7445862e+00   0.0000000e+00
   2.6901699e-01  -1.4014509e+00  -2.3332974e+00   2.5991105e-01   1.7442740e+00   0.0000000e+00
   2.6611397e-01  -1.4044534e+00  -2.3413172e+00   2.5895572e-01   1.7439055e+00   0.0000000e+00
   2.6299727e-01  -1.4075999e+00  -2.3492422e+00   2.5795168e-01   1.7434727e+00   0.0000000e+00
   2.5961853e-01  -1.4108972e+00  -2.3571495e+00   2.5689519e-01   1.7429696e+00   0.0000000e+00
   2.5614223e-01  -1.4142076e+00  -2.3646652e+00   2.5583202e-01   1.7424193e+00   0.0000000e+00
   2.5248349e-01  -1.4176039e+00  -2.3719959e+00   2.5473875e-01   1.7418104e+00   0.0000000e+00
   2.4864628e-01  -1.4210757e+00  -2.3791286e+00   2.5361896e-01   1.7411439e+00   0.0000000e+00
   2.4460726e-01  -1.4246464e+00  -2.3861068e+00   2.5246565e-01   1.7404155e+00   0.0000000e+00
   2.4043368e-01  -1.4282436e+00  -2.3928152e+00   2.5130206e-01   1.7396385e+00   0.0000000e+00
   2.3599307e-01  -1.4319878e+00  -2.3994594e+00   2.5009020e-01   1.7387872e+00   0.0000000e+00
   2.3135049e-01  -1.4358025e+00  -2.4059281e+00   2.4885419e-01   1.7378750e+00   0.0000000e+00
   2.2653085e-01  -1.4396785e+00  -2.4121752e+00   2.4759854e-01   1.7369051e+00   0.0000000e+00
   2.2154216e-01  -1.4435908e+00  -2.4182006e+00   2.4633067e-01   1.7358814e+00   0.0000000e+00
   2.1638741e-01  -1.4475369e+00  -2.4240013e+00   2.4505200e-01   1.7348047e+00   0.0000000e+00
   2.1105691e-01  -1.4515186e+00  -2.4295866e+00   2.4376238e-01   1.7336733e+00   0.0000000e+00
   2.0556787e-01  -1.4555210e+00  -2.4349530e+00   2.4246663e-01   1.7324920e+00   0.0000000e+00
   1.9993541e-01  -1.4595266e+00  -2.4400768e+00   2.4117111e-01   1.7312642e+00   0.0000000e+00
   1.9410469e-01  -1.4635680e+00  -2.4450113e+00   2.3986546e-01   1.7299787e+00   0.0000000e+00
   1.8817230e-01  -1.4675763e+00  -2.4496825e+00   2.3857222e-01   1.7286575e+00   0.0000000e+00
   1.8202005e-01  -1.4716126e+00  -2.4541676e+00   2.3727210e-01   1.7272752e+00   0.0000000e+00
   1.7579331e-01  -1.4755928e+00  -2.4583859e+00   2.3599231e-01   1.7258649e+00   0.0000000e+00
   1.6934735e-01  -1.4795957e+00  -2.4624274e+00   2.3470788e-01   1.7243948e+00   0.0000000e+00
   1.6283852e-01  -1.4835211e+00  -2.4661994e+00   2.3345126e-01   1.7229012e+00   0.0000000e+00
   1.5611417e-01  -1.4874686e+00  -2.4698075e+00   2.3219074e-01   1.7213496e+00   0.0000000e+00
   1.4935609e-01  -1.4913031e+00  -2.4731316e+00   2.3096991e-01   1.7197831e+00   0.0000000e+00
   1.4235490e-01  -1.4951522e+00  -2.4762930e+00   2.2974829e-01   1.7181537e+00   0.0000000e+00
   1.3535926e-01  -1.4988684e+00  -2.4791764e+00   2.2857300e-01   1.7165200e+00   0.0000000e+00
   1.2810291e-01  -1.5025843e+00  -2.4818905e+00   2.2740241e-01   1.7148208e+00   0.0000000e+00
   1.2088194e-01  -1.5061548e+00  -2.4843396e+00   2.2628227e-01   1.7131259e+00   0.0000000e+00
   1.1340349e-01  -1.5097122e+00  -2.4866180e+00   2.2517145e-01   1.7113673e+00   0.0000000e+00
   1.0597088e-01  -1.5131112e+00  -2.4886399e+00   2.2411544e-01   1.7096170e+00   0.0000000e+00
   9.8296046e-02  -1.5164850e+00  -2.4904929e+00   2.2307294e-01   1.7078078e+00   0.0000000e+00
   9.0681951e-02  -1.5196819e+00  -2.4920919e+00   2.2209130e-01   1.7060121e+00   0.0000000e+00
   8.3065312e-02  -1.5227402e+00  -2.4934731e+00   2.2115841e-01   1.7042152e+00   0.0000000e+00
   7.5275599e-02  -1.5257210e+00  -2.4946660e+00   2.2025588e-01   1.7023778e+00   0.0000000e+00
   6.7270731e-02  -1.5286343e+00  -2.4956742e+00   2.1938099e-01   1.7004902e+00   0.0000000e+00
   5.9337390e-02  -1.5313678e+00  -2.4964594e+00   2.1856772e-01   1.6986209e+00   0.0000000e+00
   5.1197540e-02  -1.5340134e+00  -2.4970505e+00   2.1778891e-01   1.6967047e+00   0.0000000e+00
   4.3133245e-02  -1.5364813e+00  -2.4974348e+00   2.1707080e-01   1.6948084e+00   0.0000000e+00
   3.4904814e-02  -1.5388393e+00  -2.4976228e+00   2.1639387e-01   1.6928762e+00   0.0000000e+00
   2.6713754e-02  -1.5410271e+00  -2.4976115e+00   2.1577549e-01   1.6909557e+00   0.0000000e+00
   1.8432293e-02  -1.5430819e+00  -2.4974094e+00   2.1520482e-01   1.6890175e+00   0.0000000e+00
   1.0151776e-02  -1.5449696e+00  -2.4970086e+00   2.1469196e-01   1.6870831e+00   0.0000000e+00
   1.8299361e-03  -1.5467053e+00  -2.4964176e+00   2.1423227e-01   1.6851430e+00   0.0000000e+00
  -6.5304679e-03  -1.5482827e+00  -2.4956325e+00   2.1382770e-01   1.6831981e+00   0.0000000e+00
  -1.4844627e-02  -1.5496859e+00  -2.4946629e+00   2.1348218e-01   1.6812683e+00   0.0000000e+00
  -2.3041629e-02  -1.5509112e+00  -2.4935318e+00   2.1319552e-01   1.6793701e+00   0.0000000e+00
  -3.1280234e-02  -1.5519789e+00  -2.4922089e+00   2.1296342e-01   1.6774666e+00   0.0000000e+00
  -3.9548138e-02  -1.5528918e+00  -2.4907100e+00   2.1278417e-01   1.6755612e+00   0.0000000e+00
  -4.7747122e-02  -1.5536286e+00  -2.4890320e+00   2.1266368e-01   1.6736760e+00   0.0000000e+00
  -5.5999106e-02  -1.5542100e+00  -2.4871687e+00   2.1259633e-01   1.6717834e+00   0.0000000e+00
  -6.4209554e-02  -1.5546263e+00  -2.4851358e+00   2.1258371e-01   1.6699050e+00   0.0000000e+00
  -7.2349266e-02  -1.5548739e+00  -2.4829355e+00   2.1262650e-01   1.6680473e+00   0.0000000e+00
  -8.0519085e-02  -1.5549605e+00  -2.4805459e+00   2.1272335e-01   1.6661873e+00   0.0000000e+00
  -8.8626819e-02  -1.5548834e+00  -2.4779899e+00   2.1287351e-01   1.6643458e+00   0.0000000e+00
  -9.6678985e-02  -1.5546447e+00  -2.4752656e+00   2.1307615e-01   1.6625212e+00   0.0000000e+00
  -1.0469912e-01  -1.5542445e+00  -2.4723634e+00   2.1333134e-01   1.6607080e+00   0.0000000e+00
  -1.1274041e-01  -1.5536776e+00  -2.4692584e+00   2.1364130e-01   1.6588939e+00   0.0000000e+00
  -1.2043609e-01  -1.5529830e+00  -2.4661028e+00   2.1398740e-01   1.6571613e+00   0.0000000e+00
  -1.2823248e-01  -1.5521194e+00  -2.4627106e+00   2.1438972e-01   1.6554094e+00   0.0000000e+00
  -1.3580511e-01  -1.5511291e+00  -2.4592250e+00   2.1482922e-01   1.6537108e+00   0.0000000e+00
  -1.4336002e-01  -1.5499870e+00  -2.4555502e+00   2.1531699e-01   1.6520189e+00   0.0000000e+00
  -1.5078976e-01  -1.5487133e+00  -2.4517379e+00   2.1584451e-01   1.6503574e+00   0.0000000e+00
  -1.5809629e-01  -1.5473119e+00  -2.4477878e+00   2.1641032e-01   1.6487255e+00   0.0000000e+00
  -1.6536694e-01  -1.5457680e+00  -2.4436500e+00   2.1702025e-01   1.6471034e+00   0.0000000e+00
  -1.7266125e-01  -1.5440634e+00  -2.4392783e+00   2.1768071e-01   1.6454775e+00   0.0000000e+00
  -1.7970225e-01  -1.5422722e+00  -2.4348427e+00   2.1836338e-01   1.6439089e+00   0.0000000e+00
  -1.8677613e-01  -1.5403400e+00  -2.4301719e+00   2.1909014e-01   1.6423332e+00   0.0000000e+00
  -1.9356427e-01  -1.5383171e+00  -2.4254447e+00   2.1983897e-01   1.6408218e+00   0.0000000e+00
  -2.0039835e-01  -1.5361557e+00  -2.4204657e+00   2.2063070e-01   1.6392994e+00   0.0000000e+00
  -2.0692072e-01  -1.5339315e+00  -2.4154606e+00   2.2143486e-01   1.6378460e+00   0.0000000e+00
  -2.1349454e-01  -1.5315507e+00  -2.4101712e+00   2.2228678e-01   1.6363798e+00   0.0000000e+00
  -2.1974725e-01  -1.5291517e+00  -2.4048961e+00   2.2313675e-01   1.6349834e+00   0.0000000e+00
  -2.2604385e-01  -1.5265898e+00  -2.3993178e+00   2.2403553e-01   1.6335750e+00   0.0000000e+00
  -2.3202712e-01  -1.5240233e+00  -2.3937606e+00   2.2492781e-01   1.6322340e+00   0.0000000e+00
  -2.3803258e-01  -1.5213253e+00  -2.3879242e+00   2.2585820e-01   1.6308845e+00   0.0000000e+00
  -2.4373381e-01  -1.5186013e+00  -2.3820801e+00   2.2678817e-01   1.6295999e+00   0.0000000e+00
  -2.4943371e-01  -1.5157671e+00  -2.3759749e+00   2.2774859e-01   1.6283111e+00   0.0000000e+00
  -2.5484259e-01  -1.5129196e+00  -2.3698633e+00   2.2870444e-01   1.6270834e+00   0.0000000e+00
  -2.6022089e-01  -1.5099602e+00  -2.3634883e+00   2.2968993e-01   1.6258571e+00   0.0000000e+00
  -2.6534055e-01  -1.5070121e+00  -2.3571123e+00   2.3066357e-01   1.6246840e+00   0.0000000e+00
  -2.7032530e-01  -1.5040080e+00  -2.3505847e+00   2.3164751e-01   1.6235353e+00   0.0000000e+00
  -2.7524141e-01  -1.5009158e+00  -2.3438181e+00   2.3265202e-01   1.6223952e+00   0.0000000e+00
  -2.7988746e-01  -1.4978302e+00  -2.3370442e+00   2.3364512e-01   1.6213100e+00   0.0000000e+00
  -2.8444643e-01  -1.4947094e+00  -2.3300979e+00   2.3464212e-01   1.6202371e+00   0.0000000e+00
  -2.8879806e-01  -1.4915693e+00  -2.3230679e+00   2.3563588e-01   1.6192038e+00   0.0000000e+00
  -2.9296903e-01  -1.4884363e+00  -2.3159740e+00   2.3661891e-01   1.6182043e+00   0.0000000e+00
  -2.9702651e-01  -1.4852168e+00  -2.3086296e+00   2.3761926e-01   1.6172211e+00   0.0000000e+00
  -3.0085158e-01  -1.4820540e+00  -2.3013203e+00   2.3859305e-01   1.6162837e+00   0.0000000e+00
  -3.0449697e-01  -1.4788959e+00  -2.2939352e+00   2.3955609e-01   1.6153790e+00   0.0000000e+00
  -3.0797485e-01  -1.4757356e+00  -2.2864531e+00   2.4051025e-01   1.6145038e+00   0.0000000e+00
  -3.1134660e-01  -1.4725127e+00  -2.2787244e+00   2.4147323e-01   1.6136419e+00   0.0000000e+00
  -3.1454995e-01  -1.4692981e+00  -2.2709033e+00   2.4242343e-01   1.6128093e+00   0.0000000e+00
  -3.1753853e-01  -1.4661041e+00  -2.2630366e+00   2.4335669e-01   1.6120164e+00   0.0000000e+00
  -3.2038857e-01  -1.4629247e+00  -2.2550706e+00   2.4427517e-01   1.6112460e+00   0.0000000e+00
  -3.2304071e-01  -1.4597622e+00  -2.2470390e+00   2.4517749e-01   1.6105112e+00   0.0000000e+00
  -3.2550647e-01  -1.4566406e+00  -2.2389878e+00   2.4605690e-01   1.6098104e+00   0.0000000e+00
  -3.2782544e-01  -1.4534787e+00  -2.2307116e+00   2.4693570e-01   1.6091305e+00   0.0000000e+00
  -3.2993956e-01  -1.4503888e+00  -2.2224924e+00   2.4778251e-01   1.6084902e+00   0.0000000e+00
  -3.3191041e-01  -1.4472692e+00  -2.2140610e+00   2.4862493e-01   1.6078699e+00   0.0000000e+00
  -3.3366431e-01  -1.4442407e+00  -2.2057431e+00   2.4943014e-01   1.6072932e+00   0.0000000e+00
  -3.3526147e-01  -1.4412131e+00  -2.1972939e+00   2.5022222e-01   1.6067414e+00   0.0000000e+00
  -3.3668914e-01  -1.4381827e+00  -2.1886982e+00   2.5100148e-01   1.6062164e+00   0.0000000e+00
  -3.3795106e-01  -1.4351603e+00  -2.1799872e+00   2.5176459e-01   1.6057184e+00   0.0000000e+00
  -3.3902588e-01  -1.4321426e+00  -2.1711386e+00   2.5251189e-01   1.6052507e+00   0.0000000e+00
  -3.3990241e-01  -1.4292146e+00  -2.1624154e+00   2.5322232e-01   1.6048235e+00   0.0000000e+00
  -3.4058700e-01  -1.4263651e+00  -2.1537904e+00   2.5389922e-01   1.6044346e+00   0.0000000e+00
  -3.4109498e-01  -1.4235451e+00  -2.1451212e+00   2.5455443e-01   1.6040771e+00   0.0000000e+00
  -3.4142910e-01  -1.4207408e+00  -2.1363720e+00   2.5519096e-01   1.6037495e+00   0.0000000e+00
  -3.4157992e-01  -1.4179387e+00  -2.1274901e+00   2.5581129e-01   1.6034520e+00   0.0000000e+00
  -3.4154864e-01  -1.4151545e+00  -2.1185444e+00   2.5641160e-01   1.6031866e+00   0.0000000e+00
  -3.4133413e-01  -1.4124816e+00  -2.1098242e+00   2.5697214e-01   1.6029624e+00   0.0000000e+00
  -3.4093466e-01  -1.4098252e+00  -2.1010319e+00   2.5751332e-01   1.6027708e+00   0.0000000e+00
  -3.4036275e-01  -1.4072252e+00  -2.0923223e+00   2.5802727e-01   1.6026145e+00   0.0000000e+00
  -3.3960278e-01  -1.4046218e+00  -2.0835024e+00   2.5852586e-01   1.6024909e+00   0.0000000e+00
  -3.3864084e-01  -1.4020290e+00  -2.0745873e+00   2.5900546e-01   1.6024027e+00   0.0000000e+00
  -3.3751699e-01  -1.3995161e+00  -2.0658660e+00   2.5945425e-01   1.6023520e+00   0.0000000e+00
  -3.3621352e-01  -1.3970394e+00  -2.0571835e+00   2.5988058e-01   1.6023375e+00   0.0000000e+00
  -3.3472534e-01  -1.3945892e+00  -2.0485157e+00   2.6028643e-01   1.6023596e+00   0.0000000e+00
  -3.3305407e-01  -1.3921691e+00  -2.0398847e+00   2.6067151e-01   1.6024191e+00   0.0000000e+00
  -3.3120222e-01  -1.3897809e+00  -2.0313084e+00   2.6103595e-01   1.6025163e+00   0.0000000e+00
  -3.2916783e-01  -1.3874210e+00  -2.0227838e+00   2.6138079e-01   1.6026519e+00   0.0000000e+00
  -3.2689253e-01  -1.3850333e+00  -2.0141126e+00   2.6171407e-01   1.6028314e+00   0.0000000e+00
  -3.2448825e-01  -1.3827268e+00  -2.0057172e+00   2.6202153e-01   1.6030466e+00   0.0000000e+00
  -3.2190095e-01  -1.3804441e+00  -1.9973941e+00   2.6231179e-01   1.6033019e+00   0.0000000e+00
  -3.1911065e-01  -1.3781647e+00  -1.9890902e+00   2.6258827e-01   1.6036003e+00   0.0000000e+00
  -3.1614556e-01  -1.3759180e+00  -1.9809088e+00   2.6284758e-01   1.6039396e+00   0.0000000e+00
  -3.1297153e-01  -1.3736695e+00  -1.9727580e+00   2.6309510e-01   1.6043246e+00   0.0000000e+00
  -3.0960305e-01  -1.3714404e+00  -1.9646993e+00   2.6332822e-01   1.6047542e+00   0.0000000e+00
  -3.0608300e-01  -1.3692468e+00  -1.9568312e+00   2.6354729e-01   1.6052237e+00   0.0000000e+00
  -3.0240713e-01  -1.3670820e+00  -1.9491343e+00   2.6375390e-01   1.6057338e+00   0.0000000e+00
  -2.9853203e-01  -1.3649174e+00  -1.9415265e+00   2.6395214e-01   1.6062914e+00   0.0000000e+00
  -2.9445768e-01  -1.3627557e+00  -1.9340196e+00   2.6414216e-01   1.6068971e+00   0.0000000e+00
  -2.9013669e-01  -1.3605671e+00  -1.9265459e+00   2.6432829e-01   1.6075596e+00   0.0000000e+00
  -2.8566369e-01  -1.3584053e+00  -1.9192830e+00   2.6450621e-01   1.6082652e+00   0.0000000e+00
  -2.8099289e-01  -1.3562384e+00  -1.9121577e+00   2.6468073e-01   1.6090221e+00   0.0000000e+00
  -2.7614675e-01  -1.3540767e+00  -1.9052126e+00   2.6485203e-01   1.6098273e+00   0.0000000e+00
  -2.7112759e-01  -1.3519183e+00  -1.8984579e+00   2.6502176e-01   1.6106815e+00   0.0000000e+00
  -2.6590894e-01  -1.3497484e+00  -1.8918441e+00   2.6519156e-01   1.6115891e+00   0.0000000e+00
  -2.6056465e-01  -1.3475963e+00  -1.8854960e+00   2.6536162e-01   1.6125392e+00   0.0000000e+00
  -2.5498997e-01  -1.3454163e+00  -1.8792759e+00   2.6553616e-01   1.6135505e+00   0.0000000e+00
  -2.4935340e-01  -1.3432707e+00  -1.8733836e+00   2.6571217e-01   1.6145936e+00   0.0000000e+00
  -2.4342049e-01  -1.3410671e+00  -1.8675836e+00   2.6589889e-01   1.6157130e+00   0.0000000e+00
  -2.3744778e-01  -1.3388993e+00  -1.8621125e+00   2.6608855e-01   1.6168602e+00   0.0000000e+00
  -2.3116389e-01  -1.3366655e+00  -1.8567424e+00   2.6629236e-01   1.6180891e+00   0.0000000e+00
  -2.2485806e-01  -1.3344666e+00  -1.8517161e+00   2.6650189e-01   1.6193434e+00   0.0000000e+00
  -2.1823249e-01  -1.3321970e+00  -1.8467911e+00   2.6672779e-01   1.6206828e+00   0.0000000e+00
  -2.1160689e-01  -1.3299616e+00  -1.8422379e+00   2.6696283e-01   1.6220452e+00   0.0000000e+00
  -2.0485449e-01  -1.3277152e+00  -1.8379405e+00   2.6721129e-01   1.6234555e+00   0.0000000e+00
  -1.9791331e-01  -1.3254344e+00  -1.8338695e+00   2.6747735e-01   1.6249279e+00   0.0000000e+00
  -1.9085118e-01  -1.3231395e+00  -1.8300641e+00   2.6775944e-01   1.6264487e+00   0.0000000e+00
  -1.8360774e-01  -1.3208085e+00  -1.8265002e+00   2.6806170e-01   1.6280320e+00   0.0000000e+00
  -1.7626093e-01  -1.3184644e+00  -1.8232152e+00   2.6838190e-01   1.6296614e+00   0.0000000e+00
  -1.6874084e-01  -1.3160825e+00  -1.8201839e+00   2.6872461e-01   1.6313533e+00   0.0000000e+00
  -1.6111816e-01  -1.3136834e+00  -1.8174349e+00   2.6908760e-01   1.6330926e+00   0.0000000e+00
  -1.5332930e-01  -1.3112448e+00  -1.8149505e+00   2.6947528e-01   1.6348947e+00   0.0000000e+00
  -1.4544531e-01  -1.3087872e+00  -1.8127541e+00   2.6988509e-01   1.6367438e+00   0.0000000e+00
  -1.3740236e-01  -1.3062885e+00  -1.8108322e+00   2.7032155e-01   1.6386559e+00   0.0000000e+00
  -1.2927317e-01  -1.3037698e+00  -1.8092031e+00   2.7078161e-01   1.6406143e+00   0.0000000e+00
  -1.2099236e-01  -1.3012088e+00  -1.8078573e+00   2.7127003e-01   1.6426357e+00   0.0000000e+00
  -1.1263560e-01  -1.2986273e+00  -1.8068082e+00   2.7178316e-01   1.6447021e+00   0.0000000e+00
  -1.0413473e-01  -1.2960026e+00  -1.8060501e+00   2.7232607e-01   1.6468313e+00   0.0000000e+00
  -9.5569605e-02  -1.2933579e+00  -1.8055916e+00   2.7289436e-01   1.6490040e+00   0.0000000e+00
  -8.6868074e-02  -1.2906692e+00  -1.8054309e+00   2.7349355e-01   1.6512390e+00   0.0000000e+00
  -7.8115297e-02  -1.2879616e+00  -1.8055712e+00   2.7411837e-01   1.6535152e+00   0.0000000e+00
  -6.9234188e-02  -1.2852098e+00  -1.8060153e+00   2.7477488e-01   1.6558533e+00   0.0000000e+00
  -6.0315862e-02  -1.2824407e+00  -1.8067604e+00   2.7545682e-01   1.6582298e+00   0.0000000e+00
  -5.1278044e-02  -1.2796276e+00  -1.8078146e+00   2.7617089e-01   1.6606672e+00   0.0000000e+00
  -4.2217434e-02  -1.2767995e+00  -1.8091683e+00   2.7690979e-01   1.6631400e+00   0.0000000e+00
  -3.3047767e-02  -1.2739283e+00  -1.8108351e+00   2.7768080e-01   1.6656722e+00   0.0000000e+00
  -2.4710704e-02  -1.2713094e+00  -1.8126073e+00   2.7840189e-01   1.6680003e+00   0.0000000e+00
