   0.0000000e+00  -2.0943951e+00  -1.0471976e+00   0.0000000e+00   1.5707963e+00   0.0000000e+00
   5.4717896e-03  -2.1527969e+00  -7.7292546e-01  -8.5395462e-02   1.5529672e+00   0.0000000e+00
   9.9229697e-03  -2.1499470e+00  -7.7796627e-01  -8.2923404e-02   1.5539052e+00   0.0000000e+00
   1.4570087e-02  -2.1468595e+00  -7.8376211e-01  -8.0157884e-02   1.5549244e+00   0.0000000e+00
   1.9203106e-02  -2.1436835e+00  -7.9002443e-01  -7.7241317e-02   1.5559764e+00   0.0000000e+00
   2.3826274e-02  -2.1404205e+00  -7.9674454e-01  -7.4181835e-02   1.5570610e+00   0.0000000e+00
   2.8444910e-02  -2.1370680e+00  -8.0393294e-01  -7.0980676e-02   1.5581793e+00   0.0000000e+00
   3.3056315e-02  -2.1336308e+00  -8.1158274e-01  -6.7646801e-02   1.5593299e+00   0.0000000e+00
   3.7658316e-02  -2.1301150e+00  -8.1967760e-01  -6.4192564e-02   1.5605112e+00   0.0000000e+00
   4.2249283e-02  -2.1265268e+00  -8.2820187e-01  -6.0629905e-02   1.5617212e+00   0.0000000e+00
   4.6474318e-02  -2.1231539e+00  -8.3645210e-01  -5.7250728e-02   1.5628631e+00   0.0000000e+00
   5.0685219e-02  -2.1197281e+00  -8.4505596e-01  -5.3794355e-02   1.5640273e+00   0.0000000e+00
   5.4879764e-02  -2.1162545e+00  -8.5400424e-01  -5.0269114e-02   1.5652126e+00   0.0000000e+00
   5.9055625e-02  -2.1127383e+00  -8.6328739e-01  -4.6683353e-02   1.5664176e+00   0.0000000e+00
   6.3210361e-02  -2.1091848e+00  -8.7289549e-01  -4.3045410e-02   1.5676409e+00   0.0000000e+00
   6.7341427e-02  -2.1055998e+00  -8.8281827e-01  -3.9363573e-02   1.5688812e+00   0.0000000e+00
   7.1446175e-02  -2.1019889e+00  -8.9304516e-01  -3.5646053e-02   1.5701369e+00   0.0000000e+00
   7.5521856e-02  -2.0983582e+00  -9.0356525e-01  -3.1900951e-02   1.5714065e+00   0.0000000e+00
   7.9565623e-02  -2.0947137e+00  -9.1436733e-01  -2.8136234e-02   1.5726887e+00   0.0000000e+00
   8.3574536e-02  -2.0910617e+00  -9.2543989e-01  -2.4359702e-02   1.5739817e+00   0.0000000e+00
   8.7545564e-02  -2.0874084e+00  -9.3677117e-01  -2.0578974e-02   1.5752841e+00   0.0000000e+00
   9.1475590e-02  -2.0837604e+00  -9.4834911e-01  -1.6801460e-02   1.5765943e+00   0.0000000e+00
   9.5361420e-02  -2.0801241e+00  -9.6016143e-01  -1.3034347e-02   1.5779107e+00   0.0000000e+00
   9.9199784e-02  -2.0765061e+00  -9.7219559e-01  -9.2845759e-03   1.5792317e+00   0.0000000e+00
   1.0298735e-01  -2.0729131e+00  -9.8443886e-01  -5.5588327e-03   1.5805558e+00   0.0000000e+00
   1.0672071e-01  -2.0693516e+00  -9.9687830e-01  -1.8635309e-03   1.5818813e+00   0.0000000e+00
   1.1039794e-01  -2.0658269e+00  -1.0095060e+00   1.7966824e-03   1.5832071e+00   0.0000000e+00
   1.1401767e-01  -2.0623436e+00  -1.0223169e+00   5.4181620e-03   1.5845326e+00   0.0000000e+00
   1.1757431e-01  -2.0589102e+00  -1.0352910e+00   8.9932950e-03   1.5858553e+00   0.0000000e+00
   1.2106395e-01  -2.0555336e+00  -1.0484140e+00   1.2516506e-02   1.5871736e+00   0.0000000e+00
   1.2448329e-01  -2.0522200e+00  -1.0616739e+00   1.5983144e-02   1.5884861e+00   0.0000000e+00
   1.2782764e-01  -2.0489770e+00  -1.0750530e+00   1.9387465e-02   1.5897908e+00   0.0000000e+00
   1.3109369e-01  -2.0458105e+00  -1.0885389e+00   2.2725426e-02   1.5910863e+00   0.0000000e+00
   1.3427735e-01  -2.0427273e+00  -1.1021158e+00   2.5992487e-02   1.5923708e+00   0.0000000e+00
   1.3737488e-01  -2.0397335e+00  -1.1157691e+00   2.9184757e-02   1.5936429e+00   0.0000000e+00
   1.4038284e-01  -2.0368350e+00  -1.1294854e+00   3.2298920e-02   1.5949010e+00   0.0000000e+00
   1.4305417e-01  -2.0342697e+00  -1.1421056e+00   3.5082115e-02   1.5960404e+00   0.0000000e+00
   1.4565079e-01  -2.0317889e+00  -1.1547487e+00   3.7794677e-02   1.5971662e+00   0.0000000e+00
   1.4816501e-01  -2.0294004e+00  -1.1674080e+00   4.0434453e-02   1.5982770e+00   0.0000000e+00
   1.5058817e-01  -2.0271126e+00  -1.1800836e+00   4.3000409e-02   1.5993713e+00   0.0000000e+00
   1.5291829e-01  -2.0249292e+00  -1.1927534e+00   4.5489119e-02   1.6004475e+00   0.0000000e+00
   1.5515413e-01  -2.0228541e+00  -1.2053393e+00   4.7889045e-02   1.6015011e+00   0.0000000e+00
   1.5729838e-01  -2.0208846e+00  -1.2178987e+00   5.0211186e-02   1.6025356e+00   0.0000000e+00
   1.5933743e-01  -2.0190335e+00  -1.2303991e+00   5.2449220e-02   1.6035473e+00   0.0000000e+00
   1.6127613e-01  -2.0172978e+00  -1.2428489e+00   5.4606627e-02   1.6045374e+00   0.0000000e+00
   1.6312168e-01  -2.0156714e+00  -1.2552220e+00   5.6682629e-02   1.6055054e+00   0.0000000e+00
   1.6486775e-01  -2.0141604e+00  -1.2675237e+00   5.8678253e-02   1.6064510e+00   0.0000000e+00
   1.6650605e-01  -2.0127728e+00  -1.2797488e+00   6.0592580e-02   1.6073724e+00   0.0000000e+00
   1.6803847e-01  -2.0115075e+00  -1.2918892e+00   6.2426446e-02   1.6082697e+00   0.0000000e+00
   1.6947418e-01  -2.0103550e+00  -1.3039360e+00   6.4182428e-02   1.6091438e+00   0.0000000e+00
   1.7080607e-01  -2.0093221e+00  -1.3158863e+00   6.5860286e-02   1.6099936e+00   0.0000000e+00
   1.7202642e-01  -2.0084167e+00  -1.3277355e+00   6.7459422e-02   1.6108176e+00   0.0000000e+00
   1.7313715e-01  -2.0076365e+00  -1.3394769e+00   6.8981147e-02   1.6116160e+00   0.0000000e+00
   1.7414756e-01  -2.0069708e+00  -1.3511071e+00   7.0429038e-02   1.6123900e+00   0.0000000e+00
   1.7505074e-01  -2.0064261e+00  -1.3626216e+00   7.1802766e-02   1.6131385e+00   0.0000000e+00
   1.7583906e-01  -2.0060102e+00  -1.3740140e+00   7.3101560e-02   1.6138601e+00   0.0000000e+00
   1.7651461e-01  -2.0057200e+00  -1.3852799e+00   7.4327255e-02   1.6145548e+00   0.0000000e+00
   1.7708678e-01  -2.0055433e+00  -1.3964220e+00   7.5484232e-02   1.6152245e+00   0.0000000e+00
   1.7754876e-01  -2.0054866e+00  -1.4074355e+00   7.6572167e-02   1.6158680e+00   0.0000000e+00
   1.7789304e-01  -2.0055579e+00  -1.4183153e+00   7.7590374e-02   1.6164839e+00   0.0000000e+00
   1.7812111e-01  -2.0057528e+00  -1.4290365e+00   7.8538976e-02   1.6170713e+00   0.0000000e+00
   1.7824308e-01  -2.0060576e+00  -1.4396132e+00   7.9423727e-02   1.6176327e+00   0.0000000e+00
   1.7825215e-01  -2.0064795e+00  -1.4500602e+00   8.0245833e-02   1.6181679e+00   0.0000000e+00
   1.7814141e-01  -2.0070220e+00  -1.4602881e+00   8.0998403e-02   1.6186714e+00   0.0000000e+00
   1.7791408e-01  -2.0076805e+00  -1.4703422e+00   8.1688008e-02   1.6191462e+00   0.0000000e+00
   1.7758116e-01  -2.0084396e+00  -1.4802125e+00   8.2318509e-02   1.6195936e+00   0.0000000e+00
   1.7713646e-01  -2.0093056e+00  -1.4899064e+00   8.2890736e-02   1.6200133e+00   0.0000000e+00
   1.7657439e-01  -2.0102807e+00  -1.4993955e+00   8.3403525e-02   1.6204031e+00   0.0000000e+00
   1.7590031e-01  -2.0113560e+00  -1.5086676e+00   8.3859422e-02   1.6207634e+00   0.0000000e+00
   1.7512295e-01  -2.0125224e+00  -1.5177609e+00   8.4264523e-02   1.6210976e+00   0.0000000e+00
   1.7414802e-01  -2.0139037e+00  -1.5274526e+00   8.4647379e-02   1.6214301e+00   0.0000000e+00
   1.7304397e-01  -2.0153925e+00  -1.5369156e+00   8.4972183e-02   1.6217303e+00   0.0000000e+00
   1.7181152e-01  -2.0169846e+00  -1.5461510e+00   8.5241505e-02   1.6219985e+00   0.0000000e+00
   1.7045161e-01  -2.0186756e+00  -1.5551583e+00   8.5457818e-02   1.6222351e+00   0.0000000e+00
   1.6896495e-01  -2.0204610e+00  -1.5639387e+00   8.5623602e-02   1.6224406e+00   0.0000000e+00
   1.6735248e-01  -2.0223361e+00  -1.5724919e+00   8.5741265e-02   1.6226153e+00   0.0000000e+00
   1.6561510e-01  -2.0242962e+00  -1.5808182e+00   8.5813200e-02   1.6227595e+00   0.0000000e+00
   1.6375378e-01  -2.0263363e+00  -1.5889177e+00   8.5841768e-02   1.6228737e+00   0.0000000e+00
   1.6176954e-01  -2.0284512e+00  -1.5967908e+00   8.5829309e-02   1.6229583e+00   0.0000000e+00
   1.5966345e-01  -2.0306359e+00  -1.6044376e+00   8.5778137e-02   1.6230136e+00   0.0000000e+00
   1.5743665e-01  -2.0328849e+00  -1.6118585e+00   8.5690545e-02   1.6230402e+00   0.0000000e+00
   1.5509033e-01  -2.0351929e+00  -1.6190540e+00   8.5568804e-02   1.6230384e+00   0.0000000e+00
   1.5262574e-01  -2.0375542e+00  -1.6260247e+00   8.5415160e-02   1.6230087e+00   0.0000000e+00
   1.5004421e-01  -2.0399633e+00  -1.6327712e+00   8.5231839e-02   1.6229517e+00   0.0000000e+00
   1.4734713e-01  -2.0424144e+00  -1.6392943e+00   8.5021038e-02   1.6228676e+00   0.0000000e+00
   1.4453595e-01  -2.0449017e+00  -1.6455948e+00   8.4784934e-02   1.6227572e+00   0.0000000e+00
   1.4161222e-01  -2.0474192e+00  -1.6516737e+00   8.4525673e-02   1.6226208e+00   0.0000000e+00
   1.3857753e-01  -2.0499611e+00  -1.6575320e+00   8.4245376e-02   1.6224590e+00   0.0000000e+00
   1.3543359e-01  -2.0525214e+00  -1.6631708e+00   8.3946136e-02   1.6222723e+00   0.0000000e+00
   1.3218215e-01  -2.0550939e+00  -1.6685914e+00   8.3630012e-02   1.6220613e+00   0.0000000e+00
   1.2882507e-01  -2.0576726e+00  -1.6737951e+00   8.3299033e-02   1.6218265e+00   0.0000000e+00
   1.2536429e-01  -2.0602513e+00  -1.6787833e+00   8.2955196e-02   1.6215685e+00   0.0000000e+00
   1.2180180e-01  -2.0628241e+00  -1.6835574e+00   8.2600460e-02   1.6212879e+00   0.0000000e+00
   1.1813974e-01  -2.0653847e+00  -1.6881191e+00   8.2236748e-02   1.6209853e+00   0.0000000e+00
   1.1438028e-01  -2.0679271e+00  -1.6924698e+00   8.1865943e-02   1.6206612e+00   0.0000000e+00
   1.1052570e-01  -2.0704452e+00  -1.6966113e+00   8.1489890e-02   1.6203164e+00   0.0000000e+00
   1.0657839e-01  -2.0729329e+00  -1.7005452e+00   8.1110388e-02   1.6199514e+00   0.0000000e+00
   1.0254080e-01  -2.0753844e+00  -1.7042734e+00   8.0729194e-02   1.6195668e+00   0.0000000e+00
   9.8415483e-02  -2.0777936e+00  -1.7077975e+00   8.0348017e-02   1.6191632e+00   0.0000000e+00
   9.4562097e-02  -2.0799625e+00  -1.7108570e+00   7.9999709e-02   1.6187779e+00   0.0000000e+00
   9.0634949e-02  -2.0820830e+00  -1.7137383e+00   7.9654518e-02   1.6183768e+00   0.0000000e+00
   8.6638481e-02  -2.0841520e+00  -1.7164477e+00   7.9313526e-02   1.6179609e+00   0.0000000e+00
   8.2582459e-02  -2.0861730e+00  -1.7190041e+00   7.8976824e-02   1.6175323e+00   0.0000000e+00
   7.8464606e-02  -2.0881375e+00  -1.7213985e+00   7.8646079e-02   1.6170905e+00   0.0000000e+00
   7.4282214e-02  -2.0900359e+00  -1.7236204e+00   7.8323252e-02   1.6166350e+00   0.0000000e+00
   7.0039903e-02  -2.0918658e+00  -1.7256762e+00   7.8009153e-02   1.6161669e+00   0.0000000e+00
   6.5747218e-02  -2.0936327e+00  -1.7275847e+00   7.7703364e-02   1.6156880e+00   0.0000000e+00
   6.1402350e-02  -2.0953278e+00  -1.7293369e+00   7.7407606e-02   1.6151979e+00   0.0000000e+00
   5.7003166e-02  -2.0969405e+00  -1.7309223e+00   7.7123884e-02   1.6146963e+00   0.0000000e+00
   5.2554399e-02  -2.0984699e+00  -1.7323469e+00   7.6852726e-02   1.6141841e+00   0.0000000e+00
   4.8065125e-02  -2.0999230e+00  -1.7336298e+00   7.6593242e-02   1.6136630e+00   0.0000000e+00
   4.3534044e-02  -2.1012909e+00  -1.7347616e+00   7.6347164e-02   1.6131328e+00   0.0000000e+00
   3.8959685e-02  -2.1025627e+00  -1.7357316e+00   7.6116481e-02   1.6125932e+00   0.0000000e+00
   3.4346751e-02  -2.1037385e+00  -1.7365457e+00   7.5901432e-02   1.6120450e+00   0.0000000e+00
   2.9703447e-02  -2.1048271e+00  -1.7372228e+00   7.5700724e-02   1.6114898e+00   0.0000000e+00
   2.5028932e-02  -2.1058192e+00  -1.7377533e+00   7.5516051e-02   1.6109274e+00   0.0000000e+00
   2.0322268e-02  -2.1067045e+00  -1.7381261e+00   7.5349297e-02   1.6103574e+00   0.0000000e+00
   1.5587374e-02  -2.1074841e+00  -1.7383469e+00   7.5200398e-02   1.6097807e+00   0.0000000e+00
   1.0830569e-02  -2.1081676e+00  -1.7384338e+00   7.5067817e-02   1.6091985e+00   0.0000000e+00
   6.0628505e-03  -2.1087452e+00  -1.7383773e+00   7.4953344e-02   1.6086120e+00   0.0000000e+00
   1.2803548e-03  -2.1092076e+00  -1.7381663e+00   7.4858553e-02   1.6080205e+00   0.0000000e+00
  -3.5199969e-03  -2.1095577e+00  -1.7378061e+00   7.4782986e-02   1.6074239e+00   0.0000000e+00
  -8.3342457e-03  -2.1098058e+00  -1.7373137e+00   7.4724926e-02   1.6068231e+00   0.0000000e+00
  -1.3129281e-02  -2.1099429e+00  -1.7366833e+00   7.4685980e-02   1.6062220e+00   0.0000000e+00
  -1.7922638e-02  -2.1099610e+00  -1.7359018e+00   7.4667413e-02   1.6056182e+00   0.0000000e+00
  -2.2698503e-02  -2.1098629e+00  -1.7349771e+00   7.4668761e-02   1.6050139e+00   0.0000000e+00
  -2.7463660e-02  -2.1096635e+00  -1.7339263e+00   7.4687366e-02   1.6044087e+00   0.0000000e+00
  -3.2209783e-02  -2.1093557e+00  -1.7327411e+00   7.4724376e-02   1.6038032e+00   0.0000000e+00
  -3.6935289e-02  -2.1089289e+00  -1.7314093e+00   7.4781520e-02   1.6031976e+00   0.0000000e+00
  -4.1634925e-02  -2.1083881e+00  -1.7299373e+00   7.4857857e-02   1.6025926e+00   0.0000000e+00
  -4.6310177e-02  -2.1077513e+00  -1.7283433e+00   7.4950080e-02   1.6019882e+00   0.0000000e+00
  -5.0956283e-02  -2.1070103e+00  -1.7266173e+00   7.5059485e-02   1.6013849e+00   0.0000000e+00
  -5.5566118e-02  -2.1061545e+00  -1.7247481e+00   7.5187786e-02   1.6007834e+00   0.0000000e+00
  -6.0137589e-02  -2.1051900e+00  -1.7227410e+00   7.5333707e-02   1.6001838e+00   0.0000000e+00
  -6.4673674e-02  -2.1041373e+00  -1.7206143e+00   7.5493497e-02   1.5995862e+00   0.0000000e+00
  -6.9168556e-02  -2.1029876e+00  -1.7183577e+00   7.5668472e-02   1.5989909e+00   0.0000000e+00
  -7.3613793e-02  -2.1017306e+00  -1.7159599e+00   7.5860208e-02   1.5983988e+00   0.0000000e+00
  -7.8008204e-02  -2.1003739e+00  -1.7134259e+00   7.6067156e-02   1.5978100e+00   0.0000000e+00
  -8.2357014e-02  -2.0989385e+00  -1.7107738e+00   7.6285400e-02   1.5972242e+00   0.0000000e+00
  -8.6653159e-02  -2.0974159e+00  -1.7079932e+00   7.6516136e-02   1.5966418e+00   0.0000000e+00
  -9.0887718e-02  -2.0957968e+00  -1.7050725e+00   7.6760701e-02   1.5960637e+00   0.0000000e+00
  -9.5060216e-02  -2.0940894e+00  -1.7020169e+00   7.7017357e-02   1.5954900e+00   0.0000000e+00
  -9.9177462e-02  -2.0923143e+00  -1.6988438e+00   7.7282255e-02   1.5949201e+00   0.0000000e+00
  -1.0323173e-01  -2.0904640e+00  -1.6955431e+00   7.7556374e-02   1.5943545e+00   0.0000000e+00
  -1.0721386e-01  -2.0885302e+00  -1.6921031e+00   7.7840714e-02   1.5937941e+00   0.0000000e+00
  -1.1112402e-01  -2.0865216e+00  -1.6885287e+00   7.8133450e-02   1.5932389e+00   0.0000000e+00
  -1.1497006e-01  -2.0844575e+00  -1.6848373e+00   7.8430972e-02   1.5926880e+00   0.0000000e+00
  -1.1874233e-01  -2.0823322e+00  -1.6810204e+00   7.8733847e-02   1.5921425e+00   0.0000000e+00
  -1.2243048e-01  -2.0801403e+00  -1.6770680e+00   7.9042551e-02   1.5916032e+00   0.0000000e+00
  -1.2603818e-01  -2.0778886e+00  -1.6729825e+00   7.9355456e-02   1.5910697e+00   0.0000000e+00
  -1.2957238e-01  -2.0755950e+00  -1.6687821e+00   7.9669289e-02   1.5905412e+00   0.0000000e+00
  -1.3302589e-01  -2.0732541e+00  -1.6644563e+00   7.9984451e-02   1.5900185e+00   0.0000000e+00
  -1.3638996e-01  -2.0708614e+00  -1.6599942e+00   8.0301061e-02   1.5895021e+00   0.0000000e+00
  -1.3966564e-01  -2.0684249e+00  -1.6554010e+00   8.0617355e-02   1.5889920e+00   0.0000000e+00
  -1.4286170e-01  -2.0659588e+00  -1.6506926e+00   8.0930710e-02   1.5884872e+00   0.0000000e+00
  -1.4597032e-01  -2.0634598e+00  -1.6458599e+00   8.1241059e-02   1.5879885e+00   0.0000000e+00
  -1.4898325e-01  -2.0609252e+00  -1.6408924e+00   8.1548141e-02   1.5874965e+00   0.0000000e+00
  -1.5190172e-01  -2.0583620e+00  -1.6357952e+00   8.1850314e-02   1.5870108e+00   0.0000000e+00
  -1.5473459e-01  -2.0557820e+00  -1.6305841e+00   8.2145443e-02   1.5865310e+00   0.0000000e+00
  -1.5747435e-01  -2.0531832e+00  -1.6252503e+00   8.2433135e-02   1.5860574e+00   0.0000000e+00
  -1.6011282e-01  -2.0505645e+00  -1.6197842e+00   8.2712753e-02   1.5855906e+00   0.0000000e+00
  -1.6265153e-01  -2.0479320e+00  -1.6141909e+00   8.2982809e-02   1.5851305e+00   0.0000000e+00
  -1.6509941e-01  -2.0452951e+00  -1.6084860e+00   8.3241665e-02   1.5846764e+00   0.0000000e+00
  -1.6744919e-01  -2.0426530e+00  -1.6026614e+00   8.3488637e-02   1.5842288e+00   0.0000000e+00
  -1.6969283e-01  -2.0400058e+00  -1.5967082e+00   8.3722771e-02   1.5837883e+00   0.0000000e+00
  -1.7183206e-01  -2.0373587e+00  -1.5906318e+00   8.3942751e-02   1.5833546e+00   0.0000000e+00
  -1.7387595e-01  -2.0347189e+00  -1.5844478e+00   8.4147451e-02   1.5829272e+00   0.0000000e+00
  -1.7581738e-01  -2.0320864e+00  -1.5781486e+00   8.4335938e-02   1.5825065e+00   0.0000000e+00
  -1.7764848e-01  -2.0294624e+00  -1.5717264e+00   8.4507000e-02   1.5820930e+00   0.0000000e+00
  -1.7937115e-01  -2.0268513e+00  -1.5651868e+00   8.4659519e-02   1.5816867e+00   0.0000000e+00
  -1.8099460e-01  -2.0242577e+00  -1.5585451e+00   8.4792889e-02   1.5812868e+00   0.0000000e+00
  -1.8251184e-01  -2.0216826e+00  -1.5517948e+00   8.4905984e-02   1.5808940e+00   0.0000000e+00
  -1.8391516e-01  -2.0191281e+00  -1.5449291e+00   8.4997390e-02   1.5805087e+00   0.0000000e+00
  -1.8520659e-01  -2.0165975e+00  -1.5379539e+00   8.5066219e-02   1.5801308e+00   0.0000000e+00
  -1.8639546e-01  -2.0140931e+00  -1.5308841e+00   8.5112394e-02   1.5797597e+00   0.0000000e+00
  -1.8747492e-01  -2.0116166e+00  -1.5237143e+00   8.5134653e-02   1.5793960e+00   0.0000000e+00
  -1.8843739e-01  -2.0091709e+00  -1.5164387e+00   8.5131440e-02   1.5790402e+00   0.0000000e+00
  -1.8928501e-01  -2.0067580e+00  -1.5090637e+00   8.5102127e-02   1.5786921e+00   0.0000000e+00
  -1.9002720e-01  -2.0043779e+00  -1.5016029e+00   8.5047167e-02   1.5783513e+00   0.0000000e+00
  -1.9065720e-01  -2.0020327e+00  -1.4940519e+00   8.4965217e-02   1.5780182e+00   0.0000000e+00
  -1.9116753e-01  -1.9997257e+00  -1.4864053e+00   8.4854603e-02   1.5776933e+00   0.0000000e+00
  -1.9156040e-01  -1.9974572e+00  -1.4786668e+00   8.4714891e-02   1.5773766e+00   0.0000000e+00
  -1.9184465e-01  -1.9952285e+00  -1.4708635e+00   8.4547419e-02   1.5770680e+00   0.0000000e+00
  -1.9201397e-01  -1.9930425e+00  -1.4629922e+00   8.4350852e-02   1.5767681e+00   0.0000000e+00
  -1.9206120e-01  -1.9908975e+00  -1.4550297e+00   8.4123019e-02   1.5764768e+00   0.0000000e+00
  -1.9198871e-01  -1.9888089e+00  -1.4470443e+00   8.3865992e-02   1.5761961e+00   0.0000000e+00
  -1.9180706e-01  -1.9867636e+00  -1.4390149e+00   8.3580400e-02   1.5759244e+00   0.0000000e+00
  -1.9151101e-01  -1.9847689e+00  -1.4309575e+00   8.3265756e-02   1.5756627e+00   0.0000000e+00
  -1.9109370e-01  -1.9828247e+00  -1.4228631e+00   8.2920893e-02   1.5754114e+00   0.0000000e+00
  -1.9055865e-01  -1.9809309e+00  -1.4147457e+00   8.2546803e-02   1.5751707e+00   0.0000000e+00
  -1.8991614e-01  -1.9790821e+00  -1.4066074e+00   8.2144573e-02   1.5749396e+00   0.0000000e+00
  -1.8916057e-01  -1.9772808e+00  -1.3984536e+00   8.1713878e-02   1.5747189e+00   0.0000000e+00
  -1.8828547e-01  -1.9755291e+00  -1.3902916e+00   8.1254782e-02   1.5745096e+00   0.0000000e+00
  -1.8729412e-01  -1.9738250e+00  -1.3821284e+00   8.0768242e-02   1.5743117e+00   0.0000000e+00
  -1.8619712e-01  -1.9721638e+00  -1.3739661e+00   8.0255265e-02   1.5741243e+00   0.0000000e+00
  -1.8498884e-01  -1.9705470e+00  -1.3658124e+00   7.9716225e-02   1.5739481e+00   0.0000000e+00
  -1.8366297e-01  -1.9689758e+00  -1.3576794e+00   7.9152106e-02   1.5737845e+00   0.0000000e+00
  -1.8222290e-01  -1.9674475e+00  -1.3495733e+00   7.8564145e-02   1.5736335e+00   0.0000000e+00
  -1.8067936e-01  -1.9659580e+00  -1.3414927e+00   7.7953065e-02   1.5734939e+00   0.0000000e+00
  -1.7902686e-01  -1.9645077e+00  -1.3334489e+00   7.7320116e-02   1.5733667e+00   0.0000000e+00
  -1.7725923e-01  -1.9630965e+00  -1.3254575e+00   7.6667279e-02   1.5732535e+00   0.0000000e+00
  -1.7538002e-01  -1.9617215e+00  -1.3175246e+00   7.5996101e-02   1.5731543e+00   0.0000000e+00
  -1.7321389e-01  -1.9602603e+00  -1.3089433e+00   7.5244554e-02   1.5730610e+00   0.0000000e+00
  -1.7093996e-01  -1.9588481e+00  -1.3005151e+00   7.4481172e-02   1.5729851e+00   0.0000000e+00
  -1.6854059e-01  -1.9574696e+00  -1.2921775e+00   7.3702052e-02   1.5729262e+00   0.0000000e+00
  -1.6603022e-01  -1.9561287e+00  -1.2839831e+00   7.2913776e-02   1.5728852e+00   0.0000000e+00
  -1.6340662e-01  -1.9548194e+00  -1.2759260e+00   7.2117704e-02   1.5728622e+00   0.0000000e+00
  -1.6067136e-01  -1.9535381e+00  -1.2680147e+00   7.1316591e-02   1.5728576e+00   0.0000000e+00
  -1.5783056e-01  -1.9522830e+00  -1.2602693e+00   7.0514509e-02   1.5728719e+00   0.0000000e+00
  -1.5488298e-01  -1.9510490e+00  -1.2526896e+00   6.9713585e-02   1.5729053e+00   0.0000000e+00
  -1.5183369e-01  -1.9498336e+00  -1.2452919e+00   6.8917731e-02   1.5729583e+00   0.0000000e+00
  -1.4868420e-01  -1.9486328e+00  -1.2380834e+00   6.8129979e-02   1.5730313e+00   0.0000000e+00
  -1.4543715e-01  -1.9474430e+00  -1.2310736e+00   6.7353725e-02   1.5731246e+00   0.0000000e+00
  -1.4209541e-01  -1.9462608e+00  -1.2242726e+00   6.6592454e-02   1.5732386e+00   0.0000000e+00
  -1.3866127e-01  -1.9450824e+00  -1.2176888e+00   6.5849551e-02   1.5733738e+00   0.0000000e+00
  -1.3513744e-01  -1.9439044e+00  -1.2113312e+00   6.5128529e-02   1.5735305e+00   0.0000000e+00
  -1.3152643e-01  -1.9427231e+00  -1.2052085e+00   6.4432861e-02   1.5737091e+00   0.0000000e+00
  -1.2783078e-01  -1.9415350e+00  -1.1993291e+00   6.3766030e-02   1.5739100e+00   0.0000000e+00
  -1.2405302e-01  -1.9403367e+00  -1.1937009e+00   6.3131505e-02   1.5741335e+00   0.0000000e+00
  -1.2019565e-01  -1.9391248e+00  -1.1883320e+00   6.2532723e-02   1.5743802e+00   0.0000000e+00
  -1.1626114e-01  -1.9378959e+00  -1.1832299e+00   6.1973077e-02   1.5746502e+00   0.0000000e+00
  -1.1225195e-01  -1.9366469e+00  -1.1784019e+00   6.1455908e-02   1.5749440e+00   0.0000000e+00
  -1.0817049e-01  -1.9353746e+00  -1.1738552e+00   6.0984482e-02   1.5752620e+00   0.0000000e+00
  -1.0401916e-01  -1.9340759e+00  -1.1695964e+00   6.0561988e-02   1.5756045e+00   0.0000000e+00
  -9.9800318e-02  -1.9327480e+00  -1.1656322e+00   6.0191514e-02   1.5759719e+00   0.0000000e+00
  -9.5516300e-02  -1.9313880e+00  -1.1619688e+00   5.9876044e-02   1.5763644e+00   0.0000000e+00
  -9.1169399e-02  -1.9299933e+00  -1.1586121e+00   5.9618438e-02   1.5767825e+00   0.0000000e+00
  -8.6761880e-02  -1.9285613e+00  -1.1555677e+00   5.9421426e-02   1.5772264e+00   0.0000000e+00
  -8.2295971e-02  -1.9270895e+00  -1.1528411e+00   5.9287592e-02   1.5776964e+00   0.0000000e+00
  -7.7773869e-02  -1.9255758e+00  -1.1504375e+00   5.9219365e-02   1.5781928e+00   0.0000000e+00
  -7.3197732e-02  -1.9240180e+00  -1.1483615e+00   5.9219011e-02   1.5787158e+00   0.0000000e+00
  -6.8569687e-02  -1.9224142e+00  -1.1466178e+00   5.9288621e-02   1.5792658e+00   0.0000000e+00
  -6.3891821e-02  -1.9207625e+00  -1.1452106e+00   5.9430101e-02   1.5798430e+00   0.0000000e+00
  -5.9166185e-02  -1.9190613e+00  -1.1441440e+00   5.9645170e-02   1.5804475e+00   0.0000000e+00
  -5.4394787e-02  -1.9173090e+00  -1.1434217e+00   5.9935351e-02   1.5810795e+00   0.0000000e+00
  -4.9579590e-02  -1.9155045e+00  -1.1430472e+00   6.0301965e-02   1.5817393e+00   0.0000000e+00
  -4.4722502e-02  -1.9136464e+00  -1.1430237e+00   6.0746131e-02   1.5824270e+00   0.0000000e+00
  -3.9825316e-02  -1.9117338e+00  -1.1433544e+00   6.1268768e-02   1.5831427e+00   0.0000000e+00
  -3.4889794e-02  -1.9097658e+00  -1.1440420e+00   6.1870592e-02   1.5838865e+00   0.0000000e+00
  -2.9917570e-02  -1.9077416e+00  -1.1450893e+00   6.2552127e-02   1.5846587e+00   0.0000000e+00
  -2.4910104e-02  -1.9056605e+00  -1.1464988e+00   6.3313716e-02   1.5854593e+00   0.0000000e+00
  -1.9868560e-02  -1.9035221e+00  -1.1482732e+00   6.4155560e-02   1.5862885e+00   0.0000000e+00
  -1.4793525e-02  -1.9013255e+00  -1.1504155e+00   6.5077784e-02   1.5871464e+00   0.0000000e+00
  -9.6840414e-03  -1.8990696e+00  -1.1529293e+00   6.6080678e-02   1.5880338e+00   0.0000000e+00
  -4.5412673e-03  -1.8967541e+00  -1.1558181e+00   6.7164026e-02   1.5889506e+00   0.0000000e+00
   6.2261990e-04  -1.8943842e+00  -1.1590776e+00   6.8324846e-02   1.5898950e+00   0.0000000e+00
   5.7789858e-03  -1.8919730e+00  -1.1626894e+00   6.9555550e-02   1.5908618e+00   0.0000000e+00
   1.0932963e-02  -1.8895187e+00  -1.1666542e+00   7.0855473e-02   1.5918518e+00   0.0000000e+00
   1.6080741e-02  -1.8870240e+00  -1.1709663e+00   7.2221707e-02   1.5928641e+00   0.0000000e+00
   2.1223108e-02  -1.8844893e+00  -1.1756240e+00   7.3652458e-02   1.5938987e+00   0.0000000e+00
   2.6357940e-02  -1.8819167e+00  -1.1806235e+00   7.5145076e-02   1.5949551e+00   0.0000000e+00
   3.1483028e-02  -1.8793083e+00  -1.1859606e+00   7.6696758e-02   1.5960327e+00   0.0000000e+00
   3.6596042e-02  -1.8766667e+00  -1.1916309e+00   7.8304554e-02   1.5971308e+00   0.0000000e+00
   4.1694415e-02  -1.8739944e+00  -1.1976298e+00   7.9965323e-02   1.5982486e+00   0.0000000e+00
   4.6775449e-02  -1.8712944e+00  -1.2039521e+00   8.1675780e-02   1.5993853e+00   0.0000000e+00
   5.1836328e-02  -1.8685698e+00  -1.2105925e+00   8.3432507e-02   1.6005402e+00   0.0000000e+00
   5.6874126e-02  -1.8658241e+00  -1.2175452e+00   8.5231959e-02   1.6017124e+00   0.0000000e+00
   6.1885819e-02  -1.8630606e+00  -1.2248043e+00   8.7070490e-02   1.6029007e+00   0.0000000e+00
   6.6868290e-02  -1.8602830e+00  -1.2323635e+00   8.8944356e-02   1.6041044e+00   0.0000000e+00
   7.1818336e-02  -1.8574953e+00  -1.2402160e+00   9.0849736e-02   1.6053223e+00   0.0000000e+00
   7.6732673e-02  -1.8547015e+00  -1.2483549e+00   9.2782742e-02   1.6065534e+00   0.0000000e+00
   8.1607938e-02  -1.8519058e+00  -1.2567729e+00   9.4739434e-02   1.6077965e+00   0.0000000e+00
   8.6440696e-02  -1.8491124e+00  -1.2654623e+00   9.6715834e-02   1.6090504e+00   0.0000000e+00
   9.1227442e-02  -1.8463260e+00  -1.2744154e+00   9.8707939e-02   1.6103140e+00   0.0000000e+00
   9.5964609e-02  -1.8435510e+00  -1.2836238e+00   1.0071173e-01   1.6115861e+00   0.0000000e+00
   1.0064857e-01  -1.8407922e+00  -1.2930791e+00   1.0272320e-01   1.6128652e+00   0.0000000e+00
   1.0527564e-01  -1.8380545e+00  -1.3027724e+00   1.0473835e-01   1.6141502e+00   0.0000000e+00
   1.0984210e-01  -1.8353426e+00  -1.3126948e+00   1.0675319e-01   1.6154397e+00   0.0000000e+00
   1.1434418e-01  -1.8326618e+00  -1.3228367e+00   1.0876381e-01   1.6167323e+00   0.0000000e+00
   1.1877807e-01  -1.8300169e+00  -1.3331887e+00   1.1076632e-01   1.6180266e+00   0.0000000e+00
   1.2313995e-01  -1.8274132e+00  -1.3437409e+00   1.1275690e-01   1.6193212e+00   0.0000000e+00
   1.2742597e-01  -1.8248557e+00  -1.3544831e+00   1.1473180e-01   1.6206148e+00   0.0000000e+00
   1.3163227e-01  -1.8223498e+00  -1.3654051e+00   1.1668737e-01   1.6219057e+00   0.0000000e+00
   1.3575500e-01  -1.8199005e+00  -1.3764963e+00   1.1862003e-01   1.6231927e+00   0.0000000e+00
   1.3979030e-01  -1.8175130e+00  -1.3877461e+00   1.2052634e-01   1.6244742e+00   0.0000000e+00
   1.4373433e-01  -1.8151926e+00  -1.3991434e+00   1.2240294e-01   1.6257488e+00   0.0000000e+00
   1.4758329e-01  -1.8129443e+00  -1.4106773e+00   1.2424660e-01   1.6270149e+00   0.0000000e+00
   1.5133341e-01  -1.8107732e+00  -1.4223367e+00   1.2605424e-01   1.6282712e+00   0.0000000e+00
   1.5498094e-01  -1.8086844e+00  -1.4341102e+00   1.2782289e-01   1.6295161e+00   0.0000000e+00
   1.5852222e-01  -1.8066828e+00  -1.4459864e+00   1.2954975e-01   1.6307482e+00   0.0000000e+00
   1.6195363e-01  -1.8047731e+00  -1.4579540e+00   1.3123214e-01   1.6319661e+00   0.0000000e+00
   1.6500227e-01  -1.8031057e+00  -1.4689911e+00   1.3273311e-01   1.6330690e+00   0.0000000e+00
   1.6819919e-01  -1.8013927e+00  -1.4810466e+00   1.3431634e-01   1.6342503e+00   0.0000000e+00
   1.7102493e-01  -1.7999138e+00  -1.4921261e+00   1.3572093e-01   1.6353160e+00   0.0000000e+00
   1.7397792e-01  -1.7984108e+00  -1.5042260e+00   1.3719834e-01   1.6364561e+00   0.0000000e+00
   1.7680222e-01  -1.7970214e+00  -1.5163402e+00   1.3861924e-01   1.6375739e+00   0.0000000e+00
   1.7949386e-01  -1.7957494e+00  -1.5284501e+00   1.3998143e-01   1.6386674e+00   0.0000000e+00
   1.8205196e-01  -1.7945972e+00  -1.5405500e+00   1.4128437e-01   1.6397360e+00   0.0000000e+00
   1.8447473e-01  -1.7935672e+00  -1.5526305e+00   1.4252716e-01   1.6407788e+00   0.0000000e+00
   1.8676039e-01  -1.7926619e+00  -1.5646817e+00   1.4370904e-01   1.6417950e+00   0.0000000e+00
   1.8890757e-01  -1.7918834e+00  -1.5766959e+00   1.4482952e-01   1.6427836e+00   0.0000000e+00
   1.9091468e-01  -1.7912337e+00  -1.5886642e+00   1.4588813e-01   1.6437439e+00   0.0000000e+00
   1.9278034e-01  -1.7907144e+00  -1.6005784e+00   1.4688458e-01   1.6446752e+00   0.0000000e+00
   1.9450319e-01  -1.7903273e+00  -1.6124306e+00   1.4781868e-01   1.6455766e+00   0.0000000e+00
   1.9608192e-01  -1.7900735e+00  -1.6242131e+00   1.4869035e-01   1.6464476e+00   0.0000000e+00
   1.9751529e-01  -1.7899544e+00  -1.6359183e+00   1.4949964e-01   1.6472874e+00   0.0000000e+00
   1.9880211e-01  -1.7899709e+00  -1.6475392e+00   1.5024669e-01   1.6480954e+00   0.0000000e+00
   1.9985015e-01  -1.7901074e+00  -1.6581114e+00   1.5087664e-01   1.6488074e+00   0.0000000e+00
   2.0077045e-01  -1.7903618e+00  -1.6686010e+00   1.5145415e-01   1.6494912e+00   0.0000000e+00
   2.0157225e-01  -1.7907246e+00  -1.6790055e+00   1.5198172e-01   1.6501483e+00   0.0000000e+00
   2.0224867e-01  -1.7912016e+00  -1.6893202e+00   1.5245852e-01   1.6507774e+00   0.0000000e+00
   2.0279213e-01  -1.7918000e+00  -1.6995386e+00   1.5288344e-01   1.6513767e+00   0.0000000e+00
   2.0320475e-01  -1.7925171e+00  -1.7096596e+00   1.5325763e-01   1.6519465e+00   0.0000000e+00
   2.0349537e-01  -1.7933420e+00  -1.7196766e+00   1.5358380e-01   1.6524882e+00   0.0000000e+00
   2.0365723e-01  -1.7942789e+00  -1.7295689e+00   1.5386081e-01   1.6529995e+00   0.0000000e+00
   2.0368322e-01  -1.7953371e+00  -1.7393568e+00   1.5408841e-01   1.6534802e+00   0.0000000e+00
   2.0357593e-01  -1.7965044e+00  -1.7489686e+00   1.5426676e-01   1.6539273e+00   0.0000000e+00
   2.0334581e-01  -1.7977732e+00  -1.7584476e+00   1.5440029e-01   1.6543450e+00   0.0000000e+00
   2.0298764e-01  -1.7991459e+00  -1.7677704e+00   1.5448838e-01   1.6547312e+00   0.0000000e+00
   2.0249467e-01  -1.8006276e+00  -1.7769376e+00   1.5453085e-01   1.6550847e+00   0.0000000e+00
   2.0181231e-01  -1.8023575e+00  -1.7867622e+00   1.5452851e-01   1.6554350e+00   0.0000000e+00
   2.0097745e-01  -1.8042050e+00  -1.7963997e+00   1.5447649e-01   1.6557481e+00   0.0000000e+00
   1.9999066e-01  -1.8061668e+00  -1.8058473e+00   1.5437648e-01   1.6560241e+00   0.0000000e+00
   1.9885262e-01  -1.8082393e+00  -1.8151018e+00   1.5423018e-01   1.6562630e+00   0.0000000e+00
   1.9756398e-01  -1.8104188e+00  -1.8241609e+00   1.5403934e-01   1.6564651e+00   0.0000000e+00
   1.9612548e-01  -1.8127012e+00  -1.8330218e+00   1.5380575e-01   1.6566305e+00   0.0000000e+00
   1.9453792e-01  -1.8150824e+00  -1.8416821e+00   1.5353125e-01   1.6567595e+00   0.0000000e+00
   1.9280214e-01  -1.8175581e+00  -1.8501398e+00   1.5321769e-01   1.6568522e+00   0.0000000e+00
   1.9091905e-01  -1.8201234e+00  -1.8583926e+00   1.5286697e-01   1.6569090e+00   0.0000000e+00
   1.8888963e-01  -1.8227738e+00  -1.8664388e+00   1.5248102e-01   1.6569301e+00   0.0000000e+00
   1.8671493e-01  -1.8255040e+00  -1.8742766e+00   1.5206180e-01   1.6569159e+00   0.0000000e+00
   1.8439605e-01  -1.8283089e+00  -1.8819046e+00   1.5161130e-01   1.6568667e+00   0.0000000e+00
   1.8193418e-01  -1.8311831e+00  -1.8893215e+00   1.5113153e-01   1.6567830e+00   0.0000000e+00
   1.7933056e-01  -1.8341210e+00  -1.8965262e+00   1.5062451e-01   1.6566650e+00   0.0000000e+00
   1.7658653e-01  -1.8371170e+00  -1.9035176e+00   1.5009230e-01   1.6565134e+00   0.0000000e+00
   1.7370347e-01  -1.8401650e+00  -1.9102951e+00   1.4953697e-01   1.6563284e+00   0.0000000e+00
   1.7068286e-01  -1.8432591e+00  -1.9168581e+00   1.4896058e-01   1.6561107e+00   0.0000000e+00
   1.6752626e-01  -1.8463930e+00  -1.9232062e+00   1.4836524e-01   1.6558607e+00   0.0000000e+00
   1.6423529e-01  -1.8495606e+00  -1.9293391e+00   1.4775303e-01   1.6555790e+00   0.0000000e+00
   1.6081167e-01  -1.8527552e+00  -1.9352569e+00   1.4712606e-01   1.6552662e+00   0.0000000e+00
   1.5725719e-01  -1.8559706e+00  -1.9409595e+00   1.4648641e-01   1.6549228e+00   0.0000000e+00
   1.5357373e-01  -1.8591999e+00  -1.9464472e+00   1.4583618e-01   1.6545495e+00   0.0000000e+00
   1.4976325e-01  -1.8624367e+00  -1.9517204e+00   1.4517746e-01   1.6541469e+00   0.0000000e+00
   1.4582779e-01  -1.8656740e+00  -1.9567795e+00   1.4451232e-01   1.6537156e+00   0.0000000e+00
   1.4176951e-01  -1.8689051e+00  -1.9616253e+00   1.4384283e-01   1.6532564e+00   0.0000000e+00
   1.3759061e-01  -1.8721232e+00  -1.9662585e+00   1.4317104e-01   1.6527699e+00   0.0000000e+00
   1.3329342e-01  -1.8753214e+00  -1.9706799e+00   1.4249897e-01   1.6522569e+00   0.0000000e+00
   1.2888035e-01  -1.8784928e+00  -1.9748905e+00   1.4182863e-01   1.6517180e+00   0.0000000e+00
   1.2473076e-01  -1.8813676e+00  -1.9785574e+00   1.4121799e-01   1.6512011e+00   0.0000000e+00
   1.2049510e-01  -1.8842135e+00  -1.9820622e+00   1.4061100e-01   1.6506651e+00   0.0000000e+00
   1.1616949e-01  -1.8870218e+00  -1.9853949e+00   1.4000981e-01   1.6501094e+00   0.0000000e+00
   1.1174918e-01  -1.8897820e+00  -1.9885436e+00   1.3941707e-01   1.6495334e+00   0.0000000e+00
   1.0723919e-01  -1.8924903e+00  -1.9915143e+00   1.3883391e-01   1.6489381e+00   0.0000000e+00
   1.0265179e-01  -1.8951506e+00  -1.9943273e+00   1.3825974e-01   1.6483261e+00   0.0000000e+00
   9.7983447e-02  -1.8977531e+00  -1.9969723e+00   1.3769694e-01   1.6476970e+00   0.0000000e+00
   9.3229647e-02  -1.9002858e+00  -1.9994370e+00   1.3714843e-01   1.6470500e+00   0.0000000e+00
   8.8395704e-02  -1.9027457e+00  -2.0017277e+00   1.3661508e-01   1.6463862e+00   0.0000000e+00
   8.3494160e-02  -1.9051396e+00  -2.0038656e+00   1.3609554e-01   1.6457083e+00   0.0000000e+00
   7.8525073e-02  -1.9074551e+00  -2.0058387e+00   1.3559276e-01   1.6450162e+00   0.0000000e+00
   7.3486139e-02  -1.9096783e+00  -2.0076338e+00   1.3511001e-01   1.6443096e+00   0.0000000e+00
   6.8380730e-02  -1.9118087e+00  -2.0092588e+00   1.3464750e-01   1.6435892e+00   0.0000000e+00
   6.3222383e-02  -1.9138554e+00  -2.0107352e+00   1.3420333e-01   1.6428579e+00   0.0000000e+00
   5.8008500e-02  -1.9158067e+00  -2.0120521e+00   1.3378023e-01   1.6421150e+00   0.0000000e+00
   5.2735492e-02  -1.9176490e+00  -2.0131969e+00   1.3338131e-01   1.6413602e+00   0.0000000e+00
   4.7410096e-02  -1.9193819e+00  -2.0141764e+00   1.3300675e-01   1.6405947e+00   0.0000000e+00
   4.2043455e-02  -1.9210171e+00  -2.0150124e+00   1.3265398e-01   1.6398207e+00   0.0000000e+00
   3.6634128e-02  -1.9225424e+00  -2.0156937e+00   1.3232576e-01   1.6390379e+00   0.0000000e+00
   3.1179424e-02  -1.9239443e+00  -2.0162074e+00   1.3202518e-01   1.6382460e+00   0.0000000e+00
   2.5685491e-02  -1.9252238e+00  -2.0165603e+00   1.3175201e-01   1.6374460e+00   0.0000000e+00
   2.0162203e-02  -1.9263941e+00  -2.0167738e+00   1.3150331e-01   1.6366400e+00   0.0000000e+00
   1.4607218e-02  -1.9274434e+00  -2.0168364e+00   1.3128171e-01   1.6358274e+00   0.0000000e+00
   9.0232711e-03  -1.9283579e+00  -2.0167349e+00   1.3109026e-01   1.6350086e+00   0.0000000e+00
   3.4276738e-03  -1.9291382e+00  -2.0164764e+00   1.3092879e-01   1.6341863e+00   0.0000000e+00
  -2.1829671e-03  -1.9298011e+00  -2.0160821e+00   1.3079351e-01   1.6333605e+00   0.0000000e+00
  -7.8134193e-03  -1.9303353e+00  -2.0155397e+00   1.3068690e-01   1.6325304e+00   0.0000000e+00
  -1.3462268e-02  -1.9307283e+00  -2.0148354e+00   1.3061171e-01   1.6316959e+00   0.0000000e+00
  -1.9087442e-02  -1.9309810e+00  -2.0139805e+00   1.3056758e-01   1.6308635e+00   0.0000000e+00
  -2.4708245e-02  -1.9311118e+00  -2.0129935e+00   1.3055036e-01   1.6300307e+00   0.0000000e+00
  -3.0308540e-02  -1.9311117e+00  -2.0118664e+00   1.3056194e-01   1.6291996e+00   0.0000000e+00
  -3.5893652e-02  -1.9309678e+00  -2.0105841e+00   1.3060512e-01   1.6283693e+00   0.0000000e+00
  -4.1425699e-02  -1.9306875e+00  -2.0091632e+00   1.3067802e-01   1.6275456e+00   0.0000000e+00
  -4.6942823e-02  -1.9302905e+00  -2.0076141e+00   1.3077633e-01   1.6267230e+00   0.0000000e+00
  -5.2416332e-02  -1.9297685e+00  -2.0059333e+00   1.3090170e-01   1.6259055e+00   0.0000000e+00
  -5.7858567e-02  -1.9291078e+00  -2.0041040e+00   1.3105700e-01   1.6250912e+00   0.0000000e+00
  -6.3254483e-02  -1.9283171e+00  -2.0021367e+00   1.3124012e-01   1.6242824e+00   0.0000000e+00
  -6.8615832e-02  -1.9274170e+00  -2.0000460e+00   1.3144651e-01   1.6234772e+00   0.0000000e+00
  -7.3931802e-02  -1.9263986e+00  -1.9978240e+00   1.3167790e-01   1.6226773e+00   0.0000000e+00
  -7.9197110e-02  -1.9252502e+00  -1.9954588e+00   1.3193668e-01   1.6218831e+00   0.0000000e+00
  -8.4409269e-02  -1.9239798e+00  -1.9929560e+00   1.3222090e-01   1.6210951e+00   0.0000000e+00
  -8.9573342e-02  -1.9226097e+00  -1.9903325e+00   1.3252556e-01   1.6203124e+00   0.0000000e+00
  -9.4683070e-02  -1.9211306e+00  -1.9875782e+00   1.3285248e-01   1.6195358e+00   0.0000000e+00
  -9.9728234e-02  -1.9195322e+00  -1.9846827e+00   1.3320366e-01   1.6187666e+00   0.0000000e+00
  -1.0470912e-01  -1.9178225e+00  -1.9816499e+00   1.3357715e-01   1.6180046e+00   0.0000000e+00
  -1.0963166e-01  -1.9160247e+00  -1.9784974e+00   1.3396775e-01   1.6172490e+00   0.0000000e+00
  -1.1447890e-01  -1.9141334e+00  -1.9752211e+00   1.3437638e-01   1.6165022e+00   0.0000000e+00
  -1.1923853e-01  -1.9121410e+00  -1.9718130e+00   1.3480438e-01   1.6157656e+00   0.0000000e+00
  -1.2391930e-01  -1.9100539e+00  -1.9682726e+00   1.3525016e-01   1.6150378e+00   0.0000000e+00
  -1.2852589e-01  -1.9078944e+00  -1.9646183e+00   1.3570873e-01   1.6143183e+00   0.0000000e+00
  -1.3305005e-01  -1.9056554e+00  -1.9608408e+00   1.3618134e-01   1.6136079e+00   0.0000000e+00
  -1.3748426e-01  -1.9033295e+00  -1.9569295e+00   1.3666922e-01   1.6129075e+00   0.0000000e+00
  -1.4182713e-01  -1.9009271e+00  -1.9528909e+00   1.3716992e-01   1.6122171e+00   0.0000000e+00
  -1.4608889e-01  -1.8984649e+00  -1.9487380e+00   1.3767962e-01   1.6115353e+00   0.0000000e+00
  -1.5025970e-01  -1.8959389e+00  -1.9444640e+00   1.3819887e-01   1.6108634e+00   0.0000000e+00
  -1.5433208e-01  -1.8933438e+00  -1.9400587e+00   1.3872841e-01   1.6102019e+00   0.0000000e+00
  -1.5830610e-01  -1.8906887e+00  -1.9355278e+00   1.3926604e-01   1.6095509e+00   0.0000000e+00
  -1.6219066e-01  -1.8879883e+00  -1.9308845e+00   1.3980837e-01   1.6089091e+00   0.0000000e+00
  -1.6597764e-01  -1.8852397e+00  -1.9261216e+00   1.4035571e-01   1.6082775e+00   0.0000000e+00
  -1.6965865e-01  -1.8824399e+00  -1.9212305e+00   1.4090821e-01   1.6076568e+00   0.0000000e+00
  -1.7355989e-01  -1.8793407e+00  -1.9157606e+00   1.4151371e-01   1.6069913e+00   0.0000000e+00
  -1.7733772e-01  -1.8761975e+00  -1.9101489e+00   1.4212101e-01   1.6063384e+00   0.0000000e+00
  -1.8099019e-01  -1.8730154e+00  -1.9043964e+00   1.4272858e-01   1.6056980e+00   0.0000000e+00
  -1.8451541e-01  -1.8697995e+00  -1.8985042e+00   1.4333490e-01   1.6050704e+00   0.0000000e+00
  -1.8791157e-01  -1.8665548e+00  -1.8924736e+00   1.4393843e-01   1.6044555e+00   0.0000000e+00
  -1.9117692e-01  -1.8632862e+00  -1.8863059e+00   1.4453767e-01   1.6038535e+00   0.0000000e+00
  -1.9430978e-01  -1.8599984e+00  -1.8800028e+00   1.4513114e-01   1.6032645e+00   0.0000000e+00
  -1.9730854e-01  -1.8566962e+00  -1.8735657e+00   1.4571737e-01   1.6026886e+00   0.0000000e+00
  -2.0017165e-01  -1.8533841e+00  -1.8669965e+00   1.4629490e-01   1.6021258e+00   0.0000000e+00
  -2.0289762e-01  -1.8500667e+00  -1.8602971e+00   1.4686231e-01   1.6015763e+00   0.0000000e+00
  -2.0548502e-01  -1.8467482e+00  -1.8534697e+00   1.4741822e-01   1.6010402e+00   0.0000000e+00
  -2.0793247e-01  -1.8434328e+00  -1.8465163e+00   1.4796125e-01   1.6005175e+00   0.0000000e+00
  -2.1023866e-01  -1.8401246e+00  -1.8394396e+00   1.4849009e-01   1.6000084e+00   0.0000000e+00
  -2.1240232e-01  -1.8368275e+00  -1.8322420e+00   1.4900345e-01   1.5995130e+00   0.0000000e+00
  -2.1442224e-01  -1.8335452e+00  -1.8249263e+00   1.4950009e-01   1.5990314e+00   0.0000000e+00
  -2.1629725e-01  -1.8302812e+00  -1.8174955e+00   1.4997880e-01   1.5985637e+00   0.0000000e+00
  -2.1802624e-01  -1.8270390e+00  -1.8099527e+00   1.5043844e-01   1.5981102e+00   0.0000000e+00
  -2.1960814e-01  -1.8238217e+00  -1.8023011e+00   1.5087791e-01   1.5976709e+00   0.0000000e+00
  -2.2104190e-01  -1.8206323e+00  -1.7945443e+00   1.5129618e-01   1.5972459e+00   0.0000000e+00
  -2.2232655e-01  -1.8174735e+00  -1.7866857e+00   1.5169224e-01   1.5968356e+00   0.0000000e+00
  -2.2346111e-01  -1.8143480e+00  -1.7787292e+00   1.5206520e-01   1.5964400e+00   0.0000000e+00
  -2.2436387e-01  -1.8115150e+00  -1.7713494e+00   1.5238574e-01   1.5960909e+00   0.0000000e+00
  -2.2514631e-01  -1.8087122e+00  -1.7638988e+00   1.5268600e-01   1.5957538e+00   0.0000000e+00
  -2.2580163e-01  -1.8059416e+00  -1.7563754e+00   1.5296511e-01   1.5954294e+00   0.0000000e+00
  -2.2632238e-01  -1.8032060e+00  -1.7487765e+00   1.5322202e-01   1.5951186e+00   0.0000000e+00
  -2.2671064e-01  -1.8005057e+00  -1.7411056e+00   1.5345641e-01   1.5948211e+00   0.0000000e+00
  -2.2697513e-01  -1.7978450e+00  -1.7333923e+00   1.5366836e-01   1.5945370e+00   0.0000000e+00
  -2.2710995e-01  -1.7952187e+00  -1.7256138e+00   1.5385762e-01   1.5942662e+00   0.0000000e+00
  -2.2710711e-01  -1.7926408e+00  -1.7178017e+00   1.5402243e-01   1.5940107e+00   0.0000000e+00
  -2.2697024e-01  -1.7901120e+00  -1.7099684e+00   1.5416309e-01   1.5937705e+00   0.0000000e+00
  -2.2670990e-01  -1.7876274e+00  -1.7021187e+00   1.5428067e-01   1.5935445e+00   0.0000000e+00
  -2.2632023e-01  -1.7851878e+00  -1.6942487e+00   1.5437470e-01   1.5933335e+00   0.0000000e+00
  -2.2574277e-01  -1.7825810e+00  -1.6856505e+00   1.5445009e-01   1.5931212e+00   0.0000000e+00
  -2.2501097e-01  -1.7800281e+00  -1.6770428e+00   1.5449783e-01   1.5929273e+00   0.0000000e+00
  -2.2412539e-01  -1.7775293e+00  -1.6684342e+00   1.5451829e-01   1.5927521e+00   0.0000000e+00
  -2.2308651e-01  -1.7750835e+00  -1.6598311e+00   1.5451195e-01   1.5925959e+00   0.0000000e+00
  -2.2189483e-01  -1.7726900e+00  -1.6512412e+00   1.5447942e-01   1.5924590e+00   0.0000000e+00
  -2.2055094e-01  -1.7703480e+00  -1.6426723e+00   1.5442137e-01   1.5923418e+00   0.0000000e+00
  -2.1905543e-01  -1.7680561e+00  -1.6341323e+00   1.5433862e-01   1.5922445e+00   0.0000000e+00
  -2.1740894e-01  -1.7658132e+00  -1.6256294e+00   1.5423206e-01   1.5921676e+00   0.0000000e+00
  -2.1561215e-01  -1.7636178e+00  -1.6171720e+00   1.5410271e-01   1.5921114e+00   0.0000000e+00
  -2.1366579e-01  -1.7614683e+00  -1.6087688e+00   1.5395171e-01   1.5920764e+00   0.0000000e+00
  -2.1157064e-01  -1.7593628e+00  -1.6004283e+00   1.5378029e-01   1.5920629e+00   0.0000000e+00
  -2.0932754e-01  -1.7572996e+00  -1.5921597e+00   1.5358980e-01   1.5920714e+00   0.0000000e+00
  -2.0693735e-01  -1.7552765e+00  -1.5839720e+00   1.5338169e-01   1.5921022e+00   0.0000000e+00
  -2.0440103e-01  -1.7532913e+00  -1.5758744e+00   1.5315755e-01   1.5921559e+00   0.0000000e+00
  -2.0171957e-01  -1.7513418e+00  -1.5678764e+00   1.5291904e-01   1.5922329e+00   0.0000000e+00
  -1.9889401e-01  -1.7494255e+00  -1.5599874e+00   1.5266794e-01   1.5923337e+00   0.0000000e+00
  -1.9592549e-01  -1.7475398e+00  -1.5522170e+00   1.5240614e-01   1.5924586e+00   0.0000000e+00
  -1.9281517e-01  -1.7456822e+00  -1.5445751e+00   1.5213563e-01   1.5926084e+00   0.0000000e+00
  -1.8957220e-01  -1.7438542e+00  -1.5370898e+00   1.5185921e-01   1.5927829e+00   0.0000000e+00
  -1.8620357e-01  -1.7420552e+00  -1.5297787e+00   1.5157939e-01   1.5929822e+00   0.0000000e+00
  -1.8270711e-01  -1.7402797e+00  -1.5226406e+00   1.5129808e-01   1.5932069e+00   0.0000000e+00
  -1.7908390e-01  -1.7385239e+00  -1.5156811e+00   1.5101743e-01   1.5934574e+00   0.0000000e+00
  -1.7534021e-01  -1.7367867e+00  -1.5089163e+00   1.5074010e-01   1.5937337e+00   0.0000000e+00
  -1.7147510e-01  -1.7350635e+00  -1.5023482e+00   1.5046820e-01   1.5940363e+00   0.0000000e+00
  -1.6749322e-01  -1.7333521e+00  -1.4959886e+00   1.5020427e-01   1.5943654e+00   0.0000000e+00
  -1.6339641e-01  -1.7316491e+00  -1.4898443e+00   1.4995067e-01   1.5947214e+00   0.0000000e+00
  -1.5918725e-01  -1.7299516e+00  -1.4839231e+00   1.4970981e-01   1.5951045e+00   0.0000000e+00
  -1.5486867e-01  -1.7282568e+00  -1.4782332e+00   1.4948411e-01   1.5955150e+00   0.0000000e+00
  -1.5044307e-01  -1.7265615e+00  -1.4727816e+00   1.4927598e-01   1.5959531e+00   0.0000000e+00
  -1.4591327e-01  -1.7248631e+00  -1.4675757e+00   1.4908778e-01   1.5964192e+00   0.0000000e+00
  -1.4128191e-01  -1.7231585e+00  -1.4626227e+00   1.4892187e-01   1.5969135e+00   0.0000000e+00
  -1.3655170e-01  -1.7214452e+00  -1.4579292e+00   1.4878056e-01   1.5974362e+00   0.0000000e+00
  -1.3172537e-01  -1.7197205e+00  -1.4535019e+00   1.4866612e-01   1.5979876e+00   0.0000000e+00
  -1.2680565e-01  -1.7179818e+00  -1.4493471e+00   1.4858076e-01   1.5985678e+00   0.0000000e+00
  -1.2179529e-01  -1.7162265e+00  -1.4454710e+00   1.4852661e-01   1.5991772e+00   0.0000000e+00
  -1.1669703e-01  -1.7144525e+00  -1.4418795e+00   1.4850577e-01   1.5998158e+00   0.0000000e+00
  -1.1151364e-01  -1.7126573e+00  -1.4385781e+00   1.4852020e-01   1.6004839e+00   0.0000000e+00
  -1.0624789e-01  -1.7108388e+00  -1.4355724e+00   1.4857183e-01   1.6011816e+00   0.0000000e+00
  -1.0090256e-01  -1.7089950e+00  -1.4328674e+00   1.4866246e-01   1.6019090e+00   0.0000000e+00
  -9.5480428e-02  -1.7071239e+00  -1.4304681e+00   1.4879380e-01   1.6026664e+00   0.0000000e+00
  -8.9984276e-02  -1.7052239e+00  -1.4283792e+00   1.4896745e-01   1.6034538e+00   0.0000000e+00
  -8.4416889e-02  -1.7032932e+00  -1.4266050e+00   1.4918487e-01   1.6042713e+00   0.0000000e+00
  -7.8781049e-02  -1.7013303e+00  -1.4251498e+00   1.4944745e-01   1.6051191e+00   0.0000000e+00
  -7.3079531e-02  -1.6993338e+00  -1.4240175e+00   1.4975641e-01   1.6059970e+00   0.0000000e+00
  -6.7315093e-02  -1.6973025e+00  -1.4232118e+00   1.5011286e-01   1.6069053e+00   0.0000000e+00
  -6.1490470e-02  -1.6952353e+00  -1.4227362e+00   1.5051776e-01   1.6078439e+00   0.0000000e+00
  -5.5608360e-02  -1.6931313e+00  -1.4225940e+00   1.5097197e-01   1.6088128e+00   0.0000000e+00
  -4.9671372e-02  -1.6909895e+00  -1.4227883e+00   1.5147619e-01   1.6098120e+00   0.0000000e+00
  -4.3682021e-02  -1.6888092e+00  -1.4233220e+00   1.5203100e-01   1.6108416e+00   0.0000000e+00
  -3.7642689e-02  -1.6865898e+00  -1.4241980e+00   1.5263686e-01   1.6119015e+00   0.0000000e+00
  -3.1555470e-02  -1.6843307e+00  -1.4254191e+00   1.5329412e-01   1.6129918e+00   0.0000000e+00
  -2.5421913e-02  -1.6820313e+00  -1.4269882e+00   1.5400308e-01   1.6141126e+00   0.0000000e+00
  -1.9242182e-02  -1.6796904e+00  -1.4289087e+00   1.5476409e-01   1.6152644e+00   0.0000000e+00
  -1.3015293e-02  -1.6773068e+00  -1.4311851e+00   1.5557759e-01   1.6164476e+00   0.0000000e+00
  -6.7657351e-03  -1.6748890e+00  -1.4338110e+00   1.5644037e-01   1.6176580e+00   0.0000000e+00
  -4.8397741e-04  -1.6724328e+00  -1.4367926e+00   1.5735358e-01   1.6188978e+00   0.0000000e+00
   5.7767243e-03  -1.6699587e+00  -1.4401041e+00   1.5830879e-01   1.6201564e+00   0.0000000e+00
   1.2035670e-02  -1.6674594e+00  -1.4437524e+00   1.5930781e-01   1.6214377e+00   0.0000000e+00
   1.8288555e-02  -1.6649366e+00  -1.4477333e+00   1.6034889e-01   1.6227407e+00   0.0000000e+00
   2.4532037e-02  -1.6623922e+00  -1.4520431e+00   1.6143037e-01   1.6240648e+00   0.0000000e+00
   3.0764058e-02  -1.6598273e+00  -1.4566791e+00   1.6255070e-01   1.6254093e+00   0.0000000e+00
   3.6980986e-02  -1.6572441e+00  -1.4616372e+00   1.6370795e-01   1.6267735e+00   0.0000000e+00
   4.3179346e-02  -1.6546448e+00  -1.4669135e+00   1.6490014e-01   1.6281565e+00   0.0000000e+00
   4.9355499e-02  -1.6520317e+00  -1.4725037e+00   1.6612516e-01   1.6295574e+00   0.0000000e+00
   5.5505620e-02  -1.6494075e+00  -1.4784033e+00   1.6738078e-01   1.6309753e+00   0.0000000e+00
   6.1625816e-02  -1.6467749e+00  -1.4846073e+00   1.6866466e-01   1.6324092e+00   0.0000000e+00
   6.7712098e-02  -1.6441368e+00  -1.4911106e+00   1.6997437e-01   1.6338579e+00   0.0000000e+00
   7.3760398e-02  -1.6414963e+00  -1.4979078e+00   1.7130740e-01   1.6353204e+00   0.0000000e+00
   7.9766587e-02  -1.6388568e+00  -1.5049931e+00   1.7266117e-01   1.6367954e+00   0.0000000e+00
   8.5726477e-02  -1.6362215e+00  -1.5123607e+00   1.7403301e-01   1.6382818e+00   0.0000000e+00
   9.1635825e-02  -1.6335942e+00  -1.5200043e+00   1.7542021e-01   1.6397783e+00   0.0000000e+00
   9.7490348e-02  -1.6309783e+00  -1.5279174e+00   1.7682001e-01   1.6412837e+00   0.0000000e+00
   1.0328572e-01  -1.6283778e+00  -1.5360933e+00   1.7822960e-01   1.6427965e+00   0.0000000e+00
   1.0901759e-01  -1.6257966e+00  -1.5445248e+00   1.7964615e-01   1.6443155e+00   0.0000000e+00
   1.1468156e-01  -1.6232386e+00  -1.5532048e+00   1.8106678e-01   1.6458393e+00   0.0000000e+00
   1.2027324e-01  -1.6207081e+00  -1.5621257e+00   1.8248863e-01   1.6473663e+00   0.0000000e+00
   1.2578820e-01  -1.6182093e+00  -1.5712798e+00   1.8390881e-01   1.6488951e+00   0.0000000e+00
   1.3122202e-01  -1.6157464e+00  -1.5806591e+00   1.8532443e-01   1.6504243e+00   0.0000000e+00
   1.3657027e-01  -1.6133238e+00  -1.5902553e+00   1.8673264e-01   1.6519524e+00   0.0000000e+00
   1.4182850e-01  -1.6109461e+00  -1.6000600e+00   1.8813056e-01   1.6534777e+00   0.0000000e+00
   1.4699232e-01  -1.6086177e+00  -1.6100646e+00   1.8951538e-01   1.6549988e+00   0.0000000e+00
   1.5205732e-01  -1.6063432e+00  -1.6202601e+00   1.9088430e-01   1.6565140e+00   0.0000000e+00
   1.5701913e-01  -1.6041271e+00  -1.6306375e+00   1.9223456e-01   1.6580218e+00   0.0000000e+00
   1.6187339e-01  -1.6019741e+00  -1.6411875e+00   1.9356346e-01   1.6595205e+00   0.0000000e+00
   1.6661581e-01  -1.5998888e+00  -1.6519008e+00   1.9486833e-01   1.6610086e+00   0.0000000e+00
   1.7124211e-01  -1.5978759e+00  -1.6627678e+00   1.9614660e-01   1.6624844e+00   0.0000000e+00
   1.7574810e-01  -1.5959399e+00  -1.6737786e+00   1.9739572e-01   1.6639464e+00   0.0000000e+00
   1.8011428e-01  -1.5940919e+00  -1.6848846e+00   1.9860906e-01   1.6653877e+00   0.0000000e+00
   1.8434121e-01  -1.5923343e+00  -1.6960820e+00   1.9978542e-01   1.6668081e+00   0.0000000e+00
   1.8842517e-01  -1.5906710e+00  -1.7073580e+00   2.0092264e-01   1.6682059e+00   0.0000000e+00
   1.9236699e-01  -1.5891042e+00  -1.7187117e+00   2.0201984e-01   1.6695808e+00   0.0000000e+00
   1.9616188e-01  -1.5876384e+00  -1.7301265e+00   2.0307471e-01   1.6709307e+00   0.0000000e+00
   1.9980875e-01  -1.5862763e+00  -1.7415964e+00   2.0408602e-01   1.6722549e+00   0.0000000e+00
   2.0330515e-01  -1.5850213e+00  -1.7531112e+00   2.0505225e-01   1.6735520e+00   0.0000000e+00
   2.0664892e-01  -1.5838764e+00  -1.7646615e+00   2.0597206e-01   1.6748208e+00   0.0000000e+00
   2.0983819e-01  -1.5828446e+00  -1.7762386e+00   2.0684423e-01   1.6760603e+00   0.0000000e+00
   2.1287096e-01  -1.5819288e+00  -1.7878334e+00   2.0766763e-01   1.6772692e+00   0.0000000e+00
   2.1574542e-01  -1.5811316e+00  -1.7994371e+00   2.0844124e-01   1.6784467e+00   0.0000000e+00
   2.1845978e-01  -1.5804555e+00  -1.8110410e+00   2.0916411e-01   1.6795914e+00   0.0000000e+00
   2.2101235e-01  -1.5799032e+00  -1.8226367e+00   2.0983542e-01   1.6807026e+00   0.0000000e+00
   2.2340151e-01  -1.5794767e+00  -1.8342158e+00   2.1045444e-01   1.6817791e+00   0.0000000e+00
   2.2562569e-01  -1.5791784e+00  -1.8457700e+00   2.1102052e-01   1.6828201e+00   0.0000000e+00
   2.2768340e-01  -1.5790102e+00  -1.8572913e+00   2.1153311e-01   1.6838245e+00   0.0000000e+00
   2.2957321e-01  -1.5789738e+00  -1.8687719e+00   2.1199177e-01   1.6847915e+00   0.0000000e+00
   2.3129376e-01  -1.5790711e+00  -1.8802039e+00   2.1239612e-01   1.6857203e+00   0.0000000e+00
   2.3284372e-01  -1.5793035e+00  -1.8915800e+00   2.1274588e-01   1.6866099e+00   0.0000000e+00
   2.3422185e-01  -1.5796723e+00  -1.9028928e+00   2.1304088e-01   1.6874597e+00   0.0000000e+00
   2.3542694e-01  -1.5801788e+00  -1.9141354e+00   2.1328101e-01   1.6882688e+00   0.0000000e+00
   2.3645781e-01  -1.5808239e+00  -1.9253010e+00   2.1346625e-01   1.6890365e+00   0.0000000e+00
   2.3731334e-01  -1.5816085e+00  -1.9363836e+00   2.1359664e-01   1.6897622e+00   0.0000000e+00
   2.3799242e-01  -1.5825335e+00  -1.9473779e+00   2.1367233e-01   1.6904452e+00   0.0000000e+00
   2.3849398e-01  -1.5835998e+00  -1.9582812e+00   2.1369348e-01   1.6910851e+00   0.0000000e+00
   2.3881635e-01  -1.5848067e+00  -1.9690760e+00   2.1366034e-01   1.6916805e+00   0.0000000e+00
   2.3895883e-01  -1.5861539e+00  -1.9797571e+00   2.1357337e-01   1.6922310e+00   0.0000000e+00
   2.3892031e-01  -1.5876378e+00  -1.9902931e+00   2.1343339e-01   1.6927349e+00   0.0000000e+00
   2.3870173e-01  -1.5892552e+00  -2.0006717e+00   2.1324160e-01   1.6931915e+00   0.0000000e+00
   2.3830376e-01  -1.5910043e+00  -2.0108889e+00   2.1299911e-01   1.6936010e+00   0.0000000e+00
   2.3772678e-01  -1.5928844e+00  -2.0209483e+00   2.1270685e-01   1.6939635e+00   0.0000000e+00
   2.3697150e-01  -1.5948926e+00  -2.0308424e+00   2.1236608e-01   1.6942788e+00   0.0000000e+00
   2.3603837e-01  -1.5970267e+00  -2.0405685e+00   2.1197799e-01   1.6945470e+00   0.0000000e+00
   2.3492797e-01  -1.5992841e+00  -2.0501225e+00   2.1154387e-01   1.6947681e+00   0.0000000e+00
   2.3364095e-01  -1.6016618e+00  -2.0595003e+00   2.1106509e-01   1.6949420e+00   0.0000000e+00
   2.3217794e-01  -1.6041565e+00  -2.0686983e+00   2.1054307e-01   1.6950688e+00   0.0000000e+00
   2.3053966e-01  -1.6067649e+00  -2.0777126e+00   2.0997932e-01   1.6951487e+00   0.0000000e+00
   2.2872690e-01  -1.6094832e+00  -2.0865397e+00   2.0937541e-01   1.6951817e+00   0.0000000e+00
   2.2674047e-01  -1.6123073e+00  -2.0951763e+00   2.0873297e-01   1.6951680e+00   0.0000000e+00
   2.2458129e-01  -1.6152330e+00  -2.1036191e+00   2.0805372e-01   1.6951078e+00   0.0000000e+00
   2.2225031e-01  -1.6182558e+00  -2.1118651e+00   2.0733941e-01   1.6950014e+00   0.0000000e+00
   2.1974857e-01  -1.6213710e+00  -2.1199114e+00   2.0659189e-01   1.6948491e+00   0.0000000e+00
   2.1707719e-01  -1.6245734e+00  -2.1277554e+00   2.0581305e-01   1.6946512e+00   0.0000000e+00
   2.1423733e-01  -1.6278580e+00  -2.1353946e+00   2.0500483e-01   1.6944080e+00   0.0000000e+00
   2.1123026e-01  -1.6312190e+00  -2.1428268e+00   2.0416925e-01   1.6941201e+00   0.0000000e+00
   2.0805732e-01  -1.6346510e+00  -2.1500500e+00   2.0330836e-01   1.6937879e+00   0.0000000e+00
   2.0471992e-01  -1.6381478e+00  -2.1570622e+00   2.0242428e-01   1.6934119e+00   0.0000000e+00
   2.0121958e-01  -1.6417033e+00  -2.1638618e+00   2.0151917e-01   1.6929926e+00   0.0000000e+00
   1.9755787e-01  -1.6453112e+00  -2.1704473e+00   2.0059523e-01   1.6925306e+00   0.0000000e+00
   1.9373649e-01  -1.6489650e+00  -2.1768175e+00   1.9965469e-01   1.6920266e+00   0.0000000e+00
   1.8975719e-01  -1.6526578e+00  -2.1829712e+00   1.9869984e-01   1.6914813e+00   0.0000000e+00
   1.8562185e-01  -1.6563827e+00  -2.1889076e+00   1.9773299e-01   1.6908953e+00   0.0000000e+00
   1.8133241e-01  -1.6601328e+00  -2.1946259e+00   1.9675648e-01   1.6902695e+00   0.0000000e+00
   1.7689094e-01  -1.6639008e+00  -2.2001256e+00   1.9577266e-01   1.6896045e+00   0.0000000e+00
   1.7229960e-01  -1.6676793e+00  -2.2054062e+00   1.9478392e-01   1.6889013e+00   0.0000000e+00
   1.6756063e-01  -1.6714610e+00  -2.2104675e+00   1.9379264e-01   1.6881606e+00   0.0000000e+00
   1.6267642e-01  -1.6752383e+00  -2.2153095e+00   1.9280124e-01   1.6873834e+00   0.0000000e+00
   1.5764942e-01  -1.6790035e+00  -2.2199323e+00   1.9181212e-01   1.6865706e+00   0.0000000e+00
   1.5248223e-01  -1.6827490e+00  -2.2243359e+00   1.9082769e-01   1.6857232e+00   0.0000000e+00
   1.4717754e-01  -1.6864670e+00  -2.2285207e+00   1.8985035e-01   1.6848420e+00   0.0000000e+00
   1.4173816e-01  -1.6901498e+00  -2.2324871e+00   1.8888248e-01   1.6839282e+00   0.0000000e+00
   1.3616703e-01  -1.6937896e+00  -2.2362358e+00   1.8792647e-01   1.6829828e+00   0.0000000e+00
   1.3046718e-01  -1.6973786e+00  -2.2397672e+00   1.8698466e-01   1.6820068e+00   0.0000000e+00
   1.2464179e-01  -1.7009090e+00  -2.2430822e+00   1.8605939e-01   1.6810014e+00   0.0000000e+00
   1.1869415e-01  -1.7043732e+00  -2.2461816e+00   1.8515293e-01   1.6799675e+00   0.0000000e+00
   1.1262770e-01  -1.7077635e+00  -2.2490660e+00   1.8426756e-01   1.6789064e+00   0.0000000e+00
   1.0696364e-01  -1.7107980e+00  -2.2515189e+00   1.8347690e-01   1.6779103e+00   0.0000000e+00
   1.0120279e-01  -1.7137550e+00  -2.2537875e+00   1.8270843e-01   1.6768926e+00   0.0000000e+00
   9.5357879e-02  -1.7166396e+00  -2.2558910e+00   1.8196066e-01   1.6758562e+00   0.0000000e+00
   8.9426207e-02  -1.7194405e+00  -2.2578194e+00   1.8123685e-01   1.6748008e+00   0.0000000e+00
   8.3403977e-02  -1.7221437e+00  -2.2595603e+00   1.8054096e-01   1.6737260e+00   0.0000000e+00
   7.7297219e-02  -1.7247463e+00  -2.2611194e+00   1.7987380e-01   1.6726332e+00   0.0000000e+00
   7.1119036e-02  -1.7272570e+00  -2.2625175e+00   1.7923288e-01   1.6715253e+00   0.0000000e+00
   6.4867194e-02  -1.7296630e+00  -2.2637438e+00   1.7862174e-01   1.6704021e+00   0.0000000e+00
   5.8538260e-02  -1.7319490e+00  -2.2647846e+00   1.7804470e-01   1.6692632e+00   0.0000000e+00
   5.2138660e-02  -1.7341131e+00  -2.2656457e+00   1.7750216e-01   1.6681102e+00   0.0000000e+00
   4.5681870e-02  -1.7361681e+00  -2.2663499e+00   1.7699052e-01   1.6669458e+00   0.0000000e+00
   3.9175792e-02  -1.7380969e+00  -2.2668843e+00   1.7651435e-01   1.6657717e+00   0.0000000e+00
   3.2630328e-02  -1.7398805e+00  -2.2672342e+00   1.7607881e-01   1.6645898e+00   0.0000000e+00
   2.6032549e-02  -1.7415258e+00  -2.2674085e+00   1.7568203e-01   1.6633981e+00   0.0000000e+00
   1.9403682e-02  -1.7430451e+00  -2.2674299e+00   1.7532036e-01   1.6622006e+00   0.0000000e+00
   1.2732062e-02  -1.7444271e+00  -2.2672860e+00   1.7499699e-01   1.6609955e+00   0.0000000e+00
   6.0307438e-03  -1.7456537e+00  -2.2669626e+00   1.7471667e-01   1.6597852e+00   0.0000000e+00
  -6.6596196e-04  -1.7467238e+00  -2.2664699e+00   1.7447934e-01   1.6585760e+00   0.0000000e+00
  -7.3838666e-03  -1.7476600e+00  -2.2658284e+00   1.7427892e-01   1.6573635e+00   0.0000000e+00
  -1.4132213e-02  -1.7484500e+00  -2.2650242e+00   1.7411873e-01   1.6561461e+00   0.0000000e+00
  -2.0901911e-02  -1.7490786e+00  -2.2640433e+00   1.7400281e-01   1.6549254e+00   0.0000000e+00
  -2.7603167e-02  -1.7495438e+00  -2.2629072e+00   1.7393079e-01   1.6537177e+00   0.0000000e+00
  -3.4287216e-02  -1.7498693e+00  -2.2616300e+00   1.7389647e-01   1.6525139e+00   0.0000000e+00
  -4.0927900e-02  -1.7500450e+00  -2.2602058e+00   1.7390235e-01   1.6513186e+00   0.0000000e+00
  -4.7539084e-02  -1.7500607e+00  -2.2586211e+00   1.7395113e-01   1.6501293e+00   0.0000000e+00
  -5.4110153e-02  -1.7499231e+00  -2.2568851e+00   1.7404077e-01   1.6489479e+00   0.0000000e+00
  -6.0644353e-02  -1.7496515e+00  -2.2550147e+00   1.7416596e-01   1.6477738e+00   0.0000000e+00
  -6.7138435e-02  -1.7492371e+00  -2.2530005e+00   1.7432893e-01   1.6466074e+00   0.0000000e+00
  -7.3584104e-02  -1.7486698e+00  -2.2508338e+00   1.7453214e-01   1.6454502e+00   0.0000000e+00
  -7.9980786e-02  -1.7479565e+00  -2.2485198e+00   1.7477355e-01   1.6443021e+00   0.0000000e+00
  -8.6329052e-02  -1.7471176e+00  -2.2460747e+00   1.7504764e-01   1.6431630e+00   0.0000000e+00
  -9.2624575e-02  -1.7461445e+00  -2.2434895e+00   1.7535646e-01   1.6420334e+00   0.0000000e+00
  -9.8857764e-02  -1.7450280e+00  -2.2407556e+00   1.7570220e-01   1.6409150e+00   0.0000000e+00
  -1.0502756e-01  -1.7437756e+00  -2.2378775e+00   1.7608267e-01   1.6398078e+00   0.0000000e+00
  -1.1113795e-01  -1.7424081e+00  -2.2348704e+00   1.7649225e-01   1.6387109e+00   0.0000000e+00
  -1.1718190e-01  -1.7409180e+00  -2.2317257e+00   1.7693270e-01   1.6376252e+00   0.0000000e+00
  -1.2314972e-01  -1.7392964e+00  -2.2284343e+00   1.7740604e-01   1.6365525e+00   0.0000000e+00
  -1.2904017e-01  -1.7375515e+00  -2.2250005e+00   1.7790990e-01   1.6354927e+00   0.0000000e+00
  -1.3485989e-01  -1.7357048e+00  -2.2214390e+00   1.7843856e-01   1.6344443e+00   0.0000000e+00
  -1.4058962e-01  -1.7337525e+00  -2.2177484e+00   1.7899258e-01   1.6334107e+00   0.0000000e+00
  -1.4621228e-01  -1.7316905e+00  -2.2139253e+00   1.7957273e-01   1.6323946e+00   0.0000000e+00
  -1.5174050e-01  -1.7295242e+00  -2.2099665e+00   1.8017748e-01   1.6313935e+00   0.0000000e+00
  -1.5717656e-01  -1.7272753e+00  -2.2058902e+00   1.8080096e-01   1.6304069e+00   0.0000000e+00
  -1.6298929e-01  -1.7247152e+00  -2.2012943e+00   1.8150540e-01   1.6293489e+00   0.0000000e+00
  -1.6868067e-01  -1.7220534e+00  -2.1965468e+00   1.8223240e-01   1.6283095e+00   0.0000000e+00
  -1.7424578e-01  -1.7192966e+00  -2.1916506e+00   1.8297984e-01   1.6272893e+00   0.0000000e+00
  -1.7968364e-01  -1.7164498e+00  -2.1866052e+00   1.8374613e-01   1.6262882e+00   0.0000000e+00
  -1.8499064e-01  -1.7135195e+00  -2.1814127e+00   1.8452928e-01   1.6253065e+00   0.0000000e+00
  -1.9016459e-01  -1.7105111e+00  -2.1760737e+00   1.8532750e-01   1.6243442e+00   0.0000000e+00
  -1.9520308e-01  -1.7074306e+00  -2.1705895e+00   1.8613893e-01   1.6234015e+00   0.0000000e+00
  -2.0010366e-01  -1.7042839e+00  -2.1649613e+00   1.8696172e-01   1.6224785e+00   0.0000000e+00
  -2.0486418e-01  -1.7010765e+00  -2.1591904e+00   1.8779406e-01   1.6215753e+00   0.0000000e+00
  -2.0948246e-01  -1.6978142e+00  -2.1532781e+00   1.8863411e-01   1.6206921e+00   0.0000000e+00
  -2.1395643e-01  -1.6945026e+00  -2.1472259e+00   1.8948009e-01   1.6198288e+00   0.0000000e+00
  -2.1828414e-01  -1.6911473e+00  -2.1410352e+00   1.9033021e-01   1.6189856e+00   0.0000000e+00
  -2.2246367e-01  -1.6877536e+00  -2.1347077e+00   1.9118271e-01   1.6181626e+00   0.0000000e+00
  -2.2649322e-01  -1.6843269e+00  -2.1282451e+00   1.9203585e-01   1.6173598e+00   0.0000000e+00
  -2.3037103e-01  -1.6808725e+00  -2.1216493e+00   1.9288793e-01   1.6165773e+00   0.0000000e+00
  -2.3409543e-01  -1.6773953e+00  -2.1149223e+00   1.9373728e-01   1.6158152e+00   0.0000000e+00
  -2.3766481e-01  -1.6739005e+00  -2.1080660e+00   1.9458225e-01   1.6150735e+00   0.0000000e+00
  -2.4107765e-01  -1.6703927e+00  -2.1010829e+00   1.9542125e-01   1.6143525e+00   0.0000000e+00
  -2.4433246e-01  -1.6668768e+00  -2.0939753e+00   1.9625272e-01   1.6136520e+00   0.0000000e+00
  -2.4742784e-01  -1.6633571e+00  -2.0867457e+00   1.9707514e-01   1.6129723e+00   0.0000000e+00
  -2.5036242e-01  -1.6598380e+00  -2.0793969e+00   1.9788703e-01   1.6123135e+00   0.0000000e+00
  -2.5313490e-01  -1.6563238e+00  -2.0719317e+00   1.9868699e-01   1.6116756e+00   0.0000000e+00
  -2.5574403e-01  -1.6528183e+00  -2.0643531e+00   1.9947365e-01   1.6110588e+00   0.0000000e+00
  -2.5818862e-01  -1.6493255e+00  -2.0566644e+00   2.0024569e-01   1.6104632e+00   0.0000000e+00
  -2.6046751e-01  -1.6458488e+00  -2.0488688e+00   2.0100186e-01   1.6098890e+00   0.0000000e+00
  -2.6257959e-01  -1.6423917e+00  -2.0409700e+00   2.0174096e-01   1.6093363e+00   0.0000000e+00
  -2.6452379e-01  -1.6389574e+00  -2.0329716e+00   2.0246187e-01   1.6088052e+00   0.0000000e+00
  -2.6629907e-01  -1.6355488e+00  -2.0248775e+00   2.0316353e-01   1.6082960e+00   0.0000000e+00
  -2.6790445e-01  -1.6321687e+00  -2.0166916e+00   2.0384493e-01   1.6078089e+00   0.0000000e+00
  -2.6933895e-01  -1.6288197e+00  -2.0084181e+00   2.0450516e-01   1.6073441e+00   0.0000000e+00
  -2.7060164e-01  -1.6255040e+00  -2.0000611e+00   2.0514337e-01   1.6069017e+00   0.0000000e+00
  -2.7169157e-01  -1.6222237e+00  -1.9916249e+00   2.0575880e-01   1.6064822e+00   0.0000000e+00
  -2.7260786e-01  -1.6189803e+00  -1.9831137e+00   2.0635076e-01   1.6060856e+00   0.0000000e+00
  -2.7334958e-01  -1.6157753e+00  -1.9745312e+00   2.0691868e-01   1.6057122e+00   0.0000000e+00
  -2.7391585e-01  -1.6126090e+00  -1.9658795e+00   2.0746218e-01   1.6053624e+00   0.0000000e+00
  -2.7430522e-01  -1.6094852e+00  -1.9571705e+00   2.0798032e-01   1.6050366e+00   0.0000000e+00
  -2.7451685e-01  -1.6064058e+00  -1.9484123e+00   2.0847258e-01   1.6047354e+00   0.0000000e+00
  -2.7454987e-01  -1.6033773e+00  -1.9396279e+00   2.0893785e-01   1.6044597e+00   0.0000000e+00
  -2.7440480e-01  -1.6004023e+00  -1.9308306e+00   2.0937575e-01   1.6042098e+00   0.0000000e+00
  -2.7408241e-01  -1.5974806e+00  -1.9220258e+00   2.0978639e-01   1.6039860e+00   0.0000000e+00
  -2.7358300e-01  -1.5946099e+00  -1.9132140e+00   2.1017025e-01   1.6037883e+00   0.0000000e+00
  -2.7290711e-01  -1.5917908e+00  -1.9044041e+00   2.1052742e-01   1.6036171e+00   0.0000000e+00
  -2.7205509e-01  -1.5890224e+00  -1.8956017e+00   2.1085829e-01   1.6034727e+00   0.0000000e+00
  -2.7102735e-01  -1.5863040e+00  -1.8868136e+00   2.1116325e-01   1.6033554e+00   0.0000000e+00
  -2.6982433e-01  -1.5836347e+00  -1.8780470e+00   2.1144278e-01   1.6032656e+00   0.0000000e+00
  -2.6844644e-01  -1.5810137e+00  -1.8693092e+00   2.1169745e-01   1.6032035e+00   0.0000000e+00
  -2.6689414e-01  -1.5784398e+00  -1.8606077e+00   2.1192792e-01   1.6031697e+00   0.0000000e+00
  -2.6516794e-01  -1.5759117e+00  -1.8519502e+00   2.1213491e-01   1.6031646e+00   0.0000000e+00
  -2.6326834e-01  -1.5734280e+00  -1.8433444e+00   2.1231927e-01   1.6031884e+00   0.0000000e+00
  -2.6119590e-01  -1.5709873e+00  -1.8347983e+00   2.1248189e-01   1.6032418e+00   0.0000000e+00
  -2.5895122e-01  -1.5685878e+00  -1.8263200e+00   2.1262377e-01   1.6033251e+00   0.0000000e+00
  -2.5653495e-01  -1.5662278e+00  -1.8179177e+00   2.1274600e-01   1.6034388e+00   0.0000000e+00
  -2.5394774e-01  -1.5639054e+00  -1.8095998e+00   2.1284974e-01   1.6035834e+00   0.0000000e+00
  -2.5119035e-01  -1.5616185e+00  -1.8013745e+00   2.1293623e-01   1.6037593e+00   0.0000000e+00
  -2.4826354e-01  -1.5593650e+00  -1.7932505e+00   2.1300680e-01   1.6039672e+00   0.0000000e+00
  -2.4516815e-01  -1.5571427e+00  -1.7852363e+00   2.1306285e-01   1.6042074e+00   0.0000000e+00
  -2.4190505e-01  -1.5549492e+00  -1.7773405e+00   2.1310586e-01   1.6044804e+00   0.0000000e+00
  -2.3847518e-01  -1.5527823e+00  -1.7695719e+00   2.1313737e-01   1.6047869e+00   0.0000000e+00
  -2.3487956e-01  -1.5506394e+00  -1.7619392e+00   2.1315901e-01   1.6051274e+00   0.0000000e+00
  -2.3111924e-01  -1.5485180e+00  -1.7544512e+00   2.1317247e-01   1.6055023e+00   0.0000000e+00
  -2.2719536e-01  -1.5464156e+00  -1.7471166e+00   2.1317948e-01   1.6059122e+00   0.0000000e+00
  -2.2310911e-01  -1.5443294e+00  -1.7399444e+00   2.1318185e-01   1.6063577e+00   0.0000000e+00
  -2.1886176e-01  -1.5422568e+00  -1.7329434e+00   2.1318143e-01   1.6068393e+00   0.0000000e+00
  -2.1445466e-01  -1.5401951e+00  -1.7261225e+00   2.1318014e-01   1.6073576e+00   0.0000000e+00
  -2.0988924e-01  -1.5381416e+00  -1.7194904e+00   2.1317991e-01   1.6079130e+00   0.0000000e+00
  -2.0516700e-01  -1.5360936e+00  -1.7130559e+00   2.1318273e-01   1.6085062e+00   0.0000000e+00
  -2.0029973e-01  -1.5340525e+00  -1.7068404e+00   2.1319059e-01   1.6091362e+00   0.0000000e+00
  -1.9529260e-01  -1.5320166e+00  -1.7008542e+00   2.1320548e-01   1.6098032e+00   0.0000000e+00
  -1.9014669e-01  -1.5299825e+00  -1.6951021e+00   2.1322936e-01   1.6105074e+00   0.0000000e+00
  -1.8486198e-01  -1.5279466e+00  -1.6895884e+00   2.1326424e-01   1.6112497e+00   0.0000000e+00
  -1.7944441e-01  -1.5259075e+00  -1.6843231e+00   2.1331202e-01   1.6120297e+00   0.0000000e+00
  -1.7389479e-01  -1.5238619e+00  -1.6793107e+00   2.1337465e-01   1.6128480e+00   0.0000000e+00
  -1.6821677e-01  -1.5218077e+00  -1.6745586e+00   2.1345401e-01   1.6137047e+00   0.0000000e+00
  -1.6241322e-01  -1.5197425e+00  -1.6700728e+00   2.1355194e-01   1.6146000e+00   0.0000000e+00
  -1.5648693e-01  -1.5176640e+00  -1.6658591e+00   2.1367025e-01   1.6155341e+00   0.0000000e+00
  -1.5044110e-01  -1.5155701e+00  -1.6619235e+00   2.1381067e-01   1.6165072e+00   0.0000000e+00
  -1.4427873e-01  -1.5134587e+00  -1.6582715e+00   2.1397489e-01   1.6175194e+00   0.0000000e+00
  -1.3800298e-01  -1.5113278e+00  -1.6549085e+00   2.1416454e-01   1.6185708e+00   0.0000000e+00
  -1.3161706e-01  -1.5091756e+00  -1.6518395e+00   2.1438115e-01   1.6196615e+00   0.0000000e+00
  -1.2512419e-01  -1.5070003e+00  -1.6490696e+00   2.1462621e-01   1.6207916e+00   0.0000000e+00
  -1.1852768e-01  -1.5048003e+00  -1.6466034e+00   2.1490109e-01   1.6219611e+00   0.0000000e+00
  -1.1183087e-01  -1.5025740e+00  -1.6444454e+00   2.1520710e-01   1.6231700e+00   0.0000000e+00
  -1.0503715e-01  -1.5003202e+00  -1.6425998e+00   2.1554544e-01   1.6244184e+00   0.0000000e+00
  -9.8149942e-02  -1.4980375e+00  -1.6410707e+00   2.1591723e-01   1.6257062e+00   0.0000000e+00
  -9.1172713e-02  -1.4957247e+00  -1.6398619e+00   2.1632347e-01   1.6270332e+00   0.0000000e+00
  -8.4108944e-02  -1.4933810e+00  -1.6389770e+00   2.1676509e-01   1.6283996e+00   0.0000000e+00
  -7.6962122e-02  -1.4910053e+00  -1.6384195e+00   2.1724288e-01   1.6298050e+00   0.0000000e+00
  -6.9735717e-02  -1.4885969e+00  -1.6381927e+00   2.1775755e-01   1.6312494e+00   0.0000000e+00
  -6.2433130e-02  -1.4861551e+00  -1.6382995e+00   2.1830971e-01   1.6327327e+00   0.0000000e+00
  -5.5057614e-02  -1.4836792e+00  -1.6387431e+00   2.1889986e-01   1.6342547e+00   0.0000000e+00
  -4.7612245e-02  -1.4811689e+00  -1.6395263e+00   2.1952842e-01   1.6358153e+00   0.0000000e+00
  -4.0099600e-02  -1.4786233e+00  -1.6406521e+00   2.2019576e-01   1.6374146e+00   0.0000000e+00
  -3.2521144e-02  -1.4760417e+00  -1.6421237e+00   2.2090226e-01   1.6390526e+00   0.0000000e+00
  -2.4874547e-02  -1.4734220e+00  -1.6439458e+00   2.2164861e-01   1.6407306e+00   0.0000000e+00
  -1.7185926e-02  -1.4707720e+00  -1.6461151e+00   2.2243250e-01   1.6424432e+00   0.0000000e+00
  -9.4394230e-03  -1.4680854e+00  -1.6486392e+00   2.2325572e-01   1.6441945e+00   0.0000000e+00
  -1.6995491e-03  -1.4653835e+00  -1.6514983e+00   2.2411132e-01   1.6459701e+00   0.0000000e+00
   6.0455441e-03  -1.4626619e+00  -1.6546945e+00   2.2500003e-01   1.6477727e+00   0.0000000e+00
   1.3784036e-02  -1.4599243e+00  -1.6582212e+00   2.2591988e-01   1.6495996e+00   0.0000000e+00
   2.1519794e-02  -1.4571692e+00  -1.6620788e+00   2.2687069e-01   1.6514518e+00   0.0000000e+00
   2.9246743e-02  -1.4543987e+00  -1.6662634e+00   2.2785099e-01   1.6533278e+00   0.0000000e+00
   3.6960373e-02  -1.4516143e+00  -1.6707718e+00   2.2885946e-01   1.6552266e+00   0.0000000e+00
   4.4656306e-02  -1.4488178e+00  -1.6756006e+00   2.2989468e-01   1.6571471e+00   0.0000000e+00
   5.2329266e-02  -1.4460113e+00  -1.6807460e+00   2.3095503e-01   1.6590879e+00   0.0000000e+00
   5.9974162e-02  -1.4431970e+00  -1.6862041e+00   2.3203885e-01   1.6610477e+00   0.0000000e+00
   6.7585696e-02  -1.4403774e+00  -1.6919705e+00   2.3314437e-01   1.6630252e+00   0.0000000e+00
   7.5158460e-02  -1.4375551e+00  -1.6980409e+00   2.3426971e-01   1.6650187e+00   0.0000000e+00
   8.2686995e-02  -1.4347327e+00  -1.7044103e+00   2.3541294e-01   1.6670269e+00   0.0000000e+00
   9.0165767e-02  -1.4319132e+00  -1.7110738e+00   2.3657203e-01   1.6690481e+00   0.0000000e+00
   9.7589197e-02  -1.4290995e+00  -1.7180263e+00   2.3774491e-01   1.6710807e+00   0.0000000e+00
   1.0495167e-01  -1.4262948e+00  -1.7252621e+00   2.3892942e-01   1.6731230e+00   0.0000000e+00
   1.1224755e-01  -1.4235023e+00  -1.7327757e+00   2.4012337e-01   1.6751733e+00   0.0000000e+00
   1.1947117e-01  -1.4207255e+00  -1.7405609e+00   2.4132449e-01   1.6772298e+00   0.0000000e+00
   1.2661686e-01  -1.4179677e+00  -1.7486117e+00   2.4253050e-01   1.6792907e+00   0.0000000e+00
   1.3367897e-01  -1.4152326e+00  -1.7569215e+00   2.4373908e-01   1.6813541e+00   0.0000000e+00
   1.4065183e-01  -1.4125239e+00  -1.7654839e+00   2.4494786e-01   1.6834182e+00   0.0000000e+00
   1.4752980e-01  -1.4098453e+00  -1.7742918e+00   2.4615446e-01   1.6854810e+00   0.0000000e+00
   1.5430728e-01  -1.4072008e+00  -1.7833382e+00   2.4735649e-01   1.6875407e+00   0.0000000e+00
   1.6097867e-01  -1.4045942e+00  -1.7926158e+00   2.4855154e-01   1.6895952e+00   0.0000000e+00
   1.6753844e-01  -1.4020296e+00  -1.8021171e+00   2.4973720e-01   1.6916426e+00   0.0000000e+00
   1.7398109e-01  -1.3995111e+00  -1.8118344e+00   2.5091105e-01   1.6936808e+00   0.0000000e+00
   1.8030118e-01  -1.3970429e+00  -1.8217598e+00   2.5207069e-01   1.6957079e+00   0.0000000e+00
   1.8649334e-01  -1.3946291e+00  -1.8318852e+00   2.5321373e-01   1.6977218e+00   0.0000000e+00
   1.9253379e-01  -1.3922813e+00  -1.8421700e+00   2.5433435e-01   1.6997143e+00   0.0000000e+00
   1.9841575e-01  -1.3900041e+00  -1.8525991e+00   2.5542988e-01   1.7016826e+00   0.0000000e+00
   2.0413804e-01  -1.3878003e+00  -1.8631666e+00   2.5649871e-01   1.7036257e+00   0.0000000e+00
   2.0970130e-01  -1.3856719e+00  -1.8738708e+00   2.5753965e-01   1.7055432e+00   0.0000000e+00
   2.1509873e-01  -1.3836236e+00  -1.8846954e+00   2.5855013e-01   1.7074322e+00   0.0000000e+00
   2.2032935e-01  -1.3816582e+00  -1.8956353e+00   2.5952872e-01   1.7092918e+00   0.0000000e+00
   2.2538971e-01  -1.3797792e+00  -1.9066806e+00   2.6047357e-01   1.7111202e+00   0.0000000e+00
   2.3027705e-01  -1.3779901e+00  -1.9178223e+00   2.6138300e-01   1.7129158e+00   0.0000000e+00
   2.3498891e-01  -1.3762939e+00  -1.9290520e+00   2.6225545e-01   1.7146773e+00   0.0000000e+00
   2.3952264e-01  -1.3746940e+00  -1.9403607e+00   2.6308934e-01   1.7164030e+00   0.0000000e+00
   2.4387588e-01  -1.3731936e+00  -1.9517400e+00   2.6388322e-01   1.7180914e+00   0.0000000e+00
   2.4804628e-01  -1.3717958e+00  -1.9631811e+00   2.6463568e-01   1.7197413e+00   0.0000000e+00
   2.5203162e-01  -1.3705037e+00  -1.9746757e+00   2.6534538e-01   1.7213510e+00   0.0000000e+00
   2.5582976e-01  -1.3693203e+00  -1.9862153e+00   2.6601104e-01   1.7229194e+00   0.0000000e+00
   2.5943865e-01  -1.3682485e+00  -1.9977915e+00   2.6663145e-01   1.7244449e+00   0.0000000e+00
   2.6285632e-01  -1.3672911e+00  -2.0093960e+00   2.6720547e-01   1.7259263e+00   0.0000000e+00
   2.6608089e-01  -1.3664511e+00  -2.0210207e+00   2.6773203e-01   1.7273623e+00   0.0000000e+00
   2.6911056e-01  -1.3657311e+00  -2.0326573e+00   2.6821011e-01   1.7287515e+00   0.0000000e+00
   2.7194359e-01  -1.3651336e+00  -2.0442978e+00   2.6863877e-01   1.7300928e+00   0.0000000e+00
   2.7457833e-01  -1.3646613e+00  -2.0559343e+00   2.6901714e-01   1.7313849e+00   0.0000000e+00
   2.7701318e-01  -1.3643165e+00  -2.0675588e+00   2.6934439e-01   1.7326266e+00   0.0000000e+00
   2.7924663e-01  -1.3641016e+00  -2.0791636e+00   2.6961978e-01   1.7338167e+00   0.0000000e+00
   2.8127721e-01  -1.3640188e+00  -2.0907410e+00   2.6984264e-01   1.7349542e+00   0.0000000e+00
   2.8310351e-01  -1.3640701e+00  -2.1022835e+00   2.7001233e-01   1.7360378e+00   0.0000000e+00
   2.8472419e-01  -1.3642575e+00  -2.1137837e+00   2.7012832e-01   1.7370664e+00   0.0000000e+00
   2.8613792e-01  -1.3645829e+00  -2.1252344e+00   2.7019012e-01   1.7380392e+00   0.0000000e+00
   2.8734344e-01  -1.3650480e+00  -2.1366289e+00   2.7019729e-01   1.7389549e+00   0.0000000e+00
   2.8833951e-01  -1.3656545e+00  -2.1479607e+00   2.7014947e-01   1.7398127e+00   0.0000000e+00
   2.8912491e-01  -1.3664039e+00  -2.1592242e+00   2.7004633e-01   1.7406115e+00   0.0000000e+00
   2.8969842e-01  -1.3672980e+00  -2.1704166e+00   2.6988752e-01   1.7413507e+00   0.0000000e+00
   2.9005827e-01  -1.3683372e+00  -2.1815209e+00   2.6967300e-01   1.7420286e+00   0.0000000e+00
   2.9020330e-01  -1.3695222e+00  -2.1925304e+00   2.6940273e-01   1.7426443e+00   0.0000000e+00
   2.9013294e-01  -1.3708483e+00  -2.2033961e+00   2.6907813e-01   1.7431948e+00   0.0000000e+00
   2.8984801e-01  -1.3723170e+00  -2.2141318e+00   2.6869920e-01   1.7436808e+00   0.0000000e+00
   2.8934926e-01  -1.3739265e+00  -2.2247257e+00   2.6826675e-01   1.7441017e+00   0.0000000e+00
   2.8863711e-01  -1.3756765e+00  -2.2351768e+00   2.6778126e-01   1.7444574e+00   0.0000000e+00
   2.8771206e-01  -1.3775658e+00  -2.2454799e+00   2.6724343e-01   1.7447475e+00   0.0000000e+00
   2.8657462e-01  -1.3795929e+00  -2.2556296e+00   2.6665403e-01   1.7449719e+00   0.0000000e+00
   2.8522531e-01  -1.3817562e+00  -2.2656212e+00   2.6601392e-01   1.7451302e+00   0.0000000e+00
   2.8366468e-01  -1.3840538e+00  -2.2754494e+00   2.6532406e-01   1.7452222e+00   0.0000000e+00
   2.8189334e-01  -1.3864836e+00  -2.2851094e+00   2.6458547e-01   1.7452479e+00   0.0000000e+00
   2.7991195e-01  -1.3890429e+00  -2.2945963e+00   2.6379929e-01   1.7452071e+00   0.0000000e+00
   2.7772120e-01  -1.3917290e+00  -2.3039053e+00   2.6296675e-01   1.7450997e+00   0.0000000e+00
   2.7532188e-01  -1.3945389e+00  -2.3130319e+00   2.6208917e-01   1.7449257e+00   0.0000000e+00
   2.7271482e-01  -1.3974692e+00  -2.3219716e+00   2.6116798e-01   1.7446853e+00   0.0000000e+00
   2.6990092e-01  -1.4005163e+00  -2.3307202e+00   2.6020469e-01   1.7443785e+00   0.0000000e+00
   2.6688116e-01  -1.4036761e+00  -2.3392734e+00   2.5920092e-01   1.7440055e+00   0.0000000e+00
   2.6365659e-01  -1.4069445e+00  -2.3476274e+00   2.5815840e-01   1.7435665e+00   0.0000000e+00
   2.6022833e-01  -1.4103168e+00  -2.3557785e+00   2.5707894e-01   1.7430619e+00   0.0000000e+00
   2.5659760e-01  -1.4137883e+00  -2.3637230e+00   2.5596446e-01   1.7424920e+00   0.0000000e+00
   2.5276569e-01  -1.4173538e+00  -2.3714577e+00   2.5481698e-01   1.7418572e+00   0.0000000e+00
   2.4873399e-01  -1.4210077e+00  -2.3789792e+00   2.5363861e-01   1.7411582e+00   0.0000000e+00
   2.4450398e-01  -1.4247444e+00  -2.3862848e+00   2.5243157e-01   1.7403955e+00   0.0000000e+00
   2.4007723e-01  -1.4285579e+00  -2.3933714e+00   2.5119815e-01   1.7395696e+00   0.0000000e+00
   2.3545542e-01  -1.4324418e+00  -2.4002367e+00   2.4994076e-01   1.7386815e+00   0.0000000e+00
   2.3064032e-01  -1.4363895e+00  -2.4068782e+00   2.4866189e-01   1.7377318e+00   0.0000000e+00
   2.2563383e-01  -1.4403943e+00  -2.4132937e+00   2.4736410e-01   1.7367214e+00   0.0000000e+00
   2.2043793e-01  -1.4444490e+00  -2.4194812e+00   2.4605004e-01   1.7356513e+00   0.0000000e+00
   2.1505474e-01  -1.4485464e+00  -2.4254389e+00   2.4472245e-01   1.7345224e+00   0.0000000e+00
   2.0948649e-01  -1.4526788e+00  -2.4311653e+00   2.4338412e-01   1.7333360e+00   0.0000000e+00
   2.0373553e-01  -1.4568385e+00  -2.4366589e+00   2.4203794e-01   1.7320930e+00   0.0000000e+00
   1.9780434e-01  -1.4610176e+00  -2.4419185e+00   2.4068681e-01   1.7307947e+00   0.0000000e+00
   1.9169554e-01  -1.4652078e+00  -2.4469430e+00   2.3933373e-01   1.7294425e+00   0.0000000e+00
   1.8541186e-01  -1.4694011e+00  -2.4517315e+00   2.3798173e-01   1.7280376e+00   0.0000000e+00
   1.7895620e-01  -1.4735888e+00  -2.4562833e+00   2.3663388e-01   1.7265814e+00   0.0000000e+00
   1.7233159e-01  -1.4777624e+00  -2.4605977e+00   2.3529329e-01   1.7250755e+00   0.0000000e+00
   1.6554119e-01  -1.4819133e+00  -2.4646744e+00   2.3396308e-01   1.7235213e+00   0.0000000e+00
   1.5858834e-01  -1.4860327e+00  -2.4685130e+00   2.3264639e-01   1.7219203e+00   0.0000000e+00
   1.5147651e-01  -1.4901117e+00  -2.4721134e+00   2.3134639e-01   1.7202743e+00   0.0000000e+00
   1.4420936e-01  -1.4941416e+00  -2.4754753e+00   2.3006622e-01   1.7185849e+00   0.0000000e+00
   1.3679068e-01  -1.4981134e+00  -2.4785990e+00   2.2880902e-01   1.7168538e+00   0.0000000e+00
   1.2922446e-01  -1.5020183e+00  -2.4814844e+00   2.2757793e-01   1.7150827e+00   0.0000000e+00
   1.2151483e-01  -1.5058474e+00  -2.4841318e+00   2.2637603e-01   1.7132736e+00   0.0000000e+00
   1.1366613e-01  -1.5095919e+00  -2.4865414e+00   2.2520640e-01   1.7114281e+00   0.0000000e+00
   1.0568285e-01  -1.5132432e+00  -2.4887135e+00   2.2407203e-01   1.7095481e+00   0.0000000e+00
   9.7569693e-02  -1.5167925e+00  -2.4906484e+00   2.2297588e-01   1.7076357e+00   0.0000000e+00
   9.0026471e-02  -1.5199536e+00  -2.4922213e+00   2.2200551e-01   1.7058566e+00   0.0000000e+00
   8.2376609e-02  -1.5230092e+00  -2.4935848e+00   2.2107418e-01   1.7040519e+00   0.0000000e+00
   7.4626977e-02  -1.5259549e+00  -2.4947440e+00   2.2018317e-01   1.7022240e+00   0.0000000e+00
   6.6791196e-02  -1.5287986e+00  -2.4957194e+00   2.1932960e-01   1.7003764e+00   0.0000000e+00
   5.8868279e-02  -1.5315267e+00  -2.4965000e+00   2.1851808e-01   1.6985095e+00   0.0000000e+00
   5.0864980e-02  -1.5341196e+00  -2.4970699e+00   2.1775523e-01   1.6966255e+00   0.0000000e+00
   4.2830638e-02  -1.5365641e+00  -2.4974352e+00   2.1704471e-01   1.6947365e+00   0.0000000e+00
   3.4733348e-02  -1.5388858e+00  -2.4976212e+00   2.1637819e-01   1.6928351e+00   0.0000000e+00
   2.6598276e-02  -1.5410636e+00  -2.4976158e+00   2.1576234e-01   1.6909278e+00   0.0000000e+00
   1.8408761e-02  -1.5430877e+00  -2.4974063e+00   2.1520073e-01   1.6890111e+00   0.0000000e+00
   1.0177363e-02  -1.5449577e+00  -2.4970000e+00   2.1469317e-01   1.6870882e+00   0.0000000e+00
   1.9042249e-03  -1.5466877e+00  -2.4964173e+00   2.1423462e-01   1.6851594e+00   0.0000000e+00
  -6.3715014e-03  -1.5482582e+00  -2.4956502e+00   2.1383107e-01   1.6832341e+00   0.0000000e+00
  -1.4650320e-02  -1.5496576e+00  -2.4946875e+00   2.1348626e-01   1.6813124e+00   0.0000000e+00
  -2.2965225e-02  -1.5508953e+00  -2.4935315e+00   2.1319738e-01   1.6793868e+00   0.0000000e+00
  -3.1300808e-02  -1.5519821e+00  -2.4922021e+00   2.1296027e-01   1.6774609e+00   0.0000000e+00
  -3.9540185e-02  -1.5528949e+00  -2.4907091e+00   2.1278071e-01   1.6755619e+00   0.0000000e+00
  -4.7756012e-02  -1.5536341e+00  -2.4890308e+00   2.1265959e-01   1.6736730e+00   0.0000000e+00
  -5.5909944e-02  -1.5542026e+00  -2.4871833e+00   2.1259503e-01   1.6718029e+00   0.0000000e+00
  -6.4024601e-02  -1.5546196e+00  -2.4851794e+00   2.1258075e-01   1.6699463e+00   0.0000000e+00
  -7.2087737e-02  -1.5548770e+00  -2.4830130e+00   2.1261910e-01   1.6681059e+00   0.0000000e+00
  -8.0096152e-02  -1.5549660e+00  -2.4806755e+00   2.1271266e-01   1.6662825e+00   0.0000000e+00
  -8.8047071e-02  -1.5548931e+00  -2.4781732e+00   2.1285898e-01   1.6644765e+00   0.0000000e+00
  -9.5940489e-02  -1.5546764e+00  -2.4755218e+00   2.1305194e-01   1.6626874e+00   0.0000000e+00
  -1.0447813e-01  -1.5542612e+00  -2.4724449e+00   2.1332006e-01   1.6607569e+00   0.0000000e+00
  -1.1293420e-01  -1.5536673e+00  -2.4691818e+00   2.1364530e-01   1.6588493e+00   0.0000000e+00
  -1.2130461e-01  -1.5528983e+00  -2.4657338e+00   2.1402611e-01   1.6569650e+00   0.0000000e+00
  -1.2958385e-01  -1.5519581e+00  -2.4621024e+00   2.1446081e-01   1.6551051e+00   0.0000000e+00
  -1.3776696e-01  -1.5508507e+00  -2.4582889e+00   2.1494767e-01   1.6532702e+00   0.0000000e+00
  -1.4584904e-01  -1.5495805e+00  -2.4542945e+00   2.1548488e-01   1.6514611e+00   0.0000000e+00
  -1.5382500e-01  -1.5481521e+00  -2.4501203e+00   2.1607053e-01   1.6496784e+00   0.0000000e+00
  -1.6169010e-01  -1.5465702e+00  -2.4457674e+00   2.1670266e-01   1.6479226e+00   0.0000000e+00
  -1.6942546e-01  -1.5448432e+00  -2.4412453e+00   2.1737796e-01   1.6461976e+00   0.0000000e+00
  -1.7701293e-01  -1.5429806e+00  -2.4365647e+00   2.1809272e-01   1.6445069e+00   0.0000000e+00
  -1.8446206e-01  -1.5409857e+00  -2.4317198e+00   2.1884575e-01   1.6428479e+00   0.0000000e+00
  -1.9176837e-01  -1.5388649e+00  -2.4267133e+00   2.1963457e-01   1.6412209e+00   0.0000000e+00
  -1.9892580e-01  -1.5366253e+00  -2.4215488e+00   2.2045648e-01   1.6396268e+00   0.0000000e+00
  -2.0593434e-01  -1.5342724e+00  -2.4162260e+00   2.2130944e-01   1.6380651e+00   0.0000000e+00
  -2.1278931e-01  -1.5318131e+00  -2.4107480e+00   2.2219084e-01   1.6365364e+00   0.0000000e+00
  -2.1948860e-01  -1.5292535e+00  -2.4051160e+00   2.2309839e-01   1.6350404e+00   0.0000000e+00
  -2.2602954e-01  -1.5265998e+00  -2.3993317e+00   2.2402974e-01   1.6335774e+00   0.0000000e+00
  -2.3240949e-01  -1.5238586e+00  -2.3933970e+00   2.2498252e-01   1.6321473e+00   0.0000000e+00
  -2.3862620e-01  -1.5210358e+00  -2.3873135e+00   2.2595442e-01   1.6307502e+00   0.0000000e+00
  -2.4467732e-01  -1.5181378e+00  -2.3810832e+00   2.2694315e-01   1.6293861e+00   0.0000000e+00
  -2.5056072e-01  -1.5151706e+00  -2.3747077e+00   2.2794645e-01   1.6280550e+00   0.0000000e+00
  -2.5627434e-01  -1.5121403e+00  -2.3681891e+00   2.2896209e-01   1.6267568e+00   0.0000000e+00
  -2.6181623e-01  -1.5090528e+00  -2.3615292e+00   2.2998788e-01   1.6254915e+00   0.0000000e+00
  -2.6718452e-01  -1.5059138e+00  -2.3547301e+00   2.3102167e-01   1.6242591e+00   0.0000000e+00
  -2.7237744e-01  -1.5027292e+00  -2.3477940e+00   2.3206136e-01   1.6230596e+00   0.0000000e+00
  -2.7739330e-01  -1.4995043e+00  -2.3407231e+00   2.3310489e-01   1.6218929e+00   0.0000000e+00
  -2.8223051e-01  -1.4962448e+00  -2.3335196e+00   2.3415024e-01   1.6207589e+00   0.0000000e+00
  -2.8688753e-01  -1.4929558e+00  -2.3261861e+00   2.3519548e-01   1.6196578e+00   0.0000000e+00
  -2.9136291e-01  -1.4896424e+00  -2.3187251e+00   2.3623869e-01   1.6185894e+00   0.0000000e+00
  -2.9565525e-01  -1.4863097e+00  -2.3111392e+00   2.3727804e-01   1.6175537e+00   0.0000000e+00
  -2.9976325e-01  -1.4829623e+00  -2.3034314e+00   2.3831176e-01   1.6165508e+00   0.0000000e+00
  -3.0368562e-01  -1.4796049e+00  -2.2956045e+00   2.3933811e-01   1.6155805e+00   0.0000000e+00
  -3.0742117e-01  -1.4762419e+00  -2.2876616e+00   2.4035547e-01   1.6146431e+00   0.0000000e+00
  -3.1096874e-01  -1.4728775e+00  -2.2796061e+00   2.4136224e-01   1.6137384e+00   0.0000000e+00
  -3.1432722e-01  -1.4695156e+00  -2.2714412e+00   2.4235690e-01   1.6128666e+00   0.0000000e+00
  -3.1749554e-01  -1.4661602e+00  -2.2631706e+00   2.4333802e-01   1.6120277e+00   0.0000000e+00
  -3.2047268e-01  -1.4628147e+00  -2.2547979e+00   2.4430423e-01   1.6112218e+00   0.0000000e+00
  -3.2325766e-01  -1.4594825e+00  -2.2463270e+00   2.4525423e-01   1.6104490e+00   0.0000000e+00
  -3.2584951e-01  -1.4561669e+00  -2.2377619e+00   2.4618681e-01   1.6097094e+00   0.0000000e+00
  -3.2824731e-01  -1.4528707e+00  -2.2291067e+00   2.4710082e-01   1.6090033e+00   0.0000000e+00
  -3.3045016e-01  -1.4495966e+00  -2.2203658e+00   2.4799521e-01   1.6083307e+00   0.0000000e+00
  -3.3245718e-01  -1.4463471e+00  -2.2115434e+00   2.4886900e-01   1.6076919e+00   0.0000000e+00
  -3.3426750e-01  -1.4431245e+00  -2.2026443e+00   2.4972128e-01   1.6070871e+00   0.0000000e+00
  -3.3588027e-01  -1.4399307e+00  -2.1936731e+00   2.5055127e-01   1.6065165e+00   0.0000000e+00
  -3.3729463e-01  -1.4367675e+00  -2.1846343e+00   2.5135822e-01   1.6059804e+00   0.0000000e+00
  -3.3850975e-01  -1.4336362e+00  -2.1755328e+00   2.5214151e-01   1.6054792e+00   0.0000000e+00
  -3.3952475e-01  -1.4305381e+00  -2.1663731e+00   2.5290063e-01   1.6050130e+00   0.0000000e+00
  -3.4033875e-01  -1.4274739e+00  -2.1571591e+00   2.5363517e-01   1.6045823e+00   0.0000000e+00
  -3.4095086e-01  -1.4244434e+00  -2.1478928e+00   2.5434497e-01   1.6041874e+00   0.0000000e+00
  -3.4135944e-01  -1.4214511e+00  -2.1385916e+00   2.5502880e-01   1.6038291e+00   0.0000000e+00
  -3.4156368e-01  -1.4184961e+00  -2.1292574e+00   2.5568677e-01   1.6035078e+00   0.0000000e+00
  -3.4156296e-01  -1.4155901e+00  -2.1199338e+00   2.5631629e-01   1.6032252e+00   0.0000000e+00
  -3.4135815e-01  -1.4127268e+00  -2.1106073e+00   2.5691886e-01   1.6029807e+00   0.0000000e+00
  -3.4094973e-01  -1.4099073e+00  -2.1012893e+00   2.5749435e-01   1.6027749e+00   0.0000000e+00
  -3.4033804e-01  -1.4071304e+00  -2.0919841e+00   2.5804316e-01   1.6026080e+00   0.0000000e+00
  -3.3952332e-01  -1.4043953e+00  -2.0826977e+00   2.5856570e-01   1.6024804e+00   0.0000000e+00
  -3.3850586e-01  -1.4017011e+00  -2.0734371e+00   2.5906236e-01   1.6023926e+00   0.0000000e+00
  -3.3728588e-01  -1.3990468e+00  -2.0642090e+00   2.5953366e-01   1.6023449e+00   0.0000000e+00
  -3.3586361e-01  -1.3964312e+00  -2.0550204e+00   2.5998018e-01   1.6023379e+00   0.0000000e+00
  -3.3423929e-01  -1.3938531e+00  -2.0458786e+00   2.6040256e-01   1.6023720e+00   0.0000000e+00
  -3.3241314e-01  -1.3913111e+00  -2.0367909e+00   2.6080152e-01   1.6024479e+00   0.0000000e+00
  -3.3038541e-01  -1.3888037e+00  -2.0277646e+00   2.6117786e-01   1.6025660e+00   0.0000000e+00
  -3.2815636e-01  -1.3863293e+00  -2.0188074e+00   2.6153244e-01   1.6027269e+00   0.0000000e+00
  -3.2572627e-01  -1.3838861e+00  -2.0099269e+00   2.6186620e-01   1.6029313e+00   0.0000000e+00
  -3.2309542e-01  -1.3814723e+00  -2.0011307e+00   2.6218014e-01   1.6031797e+00   0.0000000e+00
  -3.2026415e-01  -1.3790859e+00  -1.9924267e+00   2.6247535e-01   1.6034728e+00   0.0000000e+00
  -3.1723280e-01  -1.3767250e+00  -1.9838226e+00   2.6275295e-01   1.6038113e+00   0.0000000e+00
  -3.1400173e-01  -1.3743874e+00  -1.9753264e+00   2.6301416e-01   1.6041959e+00   0.0000000e+00
  -3.1057137e-01  -1.3720709e+00  -1.9669458e+00   2.6326023e-01   1.6046271e+00   0.0000000e+00
  -3.0694215e-01  -1.3697734e+00  -1.9586890e+00   2.6349249e-01   1.6051059e+00   0.0000000e+00
  -3.0311457e-01  -1.3674925e+00  -1.9505637e+00   2.6371232e-01   1.6056328e+00   0.0000000e+00
  -2.9908914e-01  -1.3652258e+00  -1.9425781e+00   2.6392114e-01   1.6062086e+00   0.0000000e+00
  -2.9486645e-01  -1.3629710e+00  -1.9347399e+00   2.6412044e-01   1.6068341e+00   0.0000000e+00
  -2.9044712e-01  -1.3607256e+00  -1.9270572e+00   2.6431173e-01   1.6075100e+00   0.0000000e+00
  -2.8583184e-01  -1.3584873e+00  -1.9195379e+00   2.6449659e-01   1.6082371e+00   0.0000000e+00
  -2.8102134e-01  -1.3562534e+00  -1.9121898e+00   2.6467662e-01   1.6090162e+00   0.0000000e+00
  -2.7601643e-01  -1.3540215e+00  -1.9050210e+00   2.6485345e-01   1.6098480e+00   0.0000000e+00
  -2.7081798e-01  -1.3517892e+00  -1.8980392e+00   2.6502875e-01   1.6107334e+00   0.0000000e+00
  -2.6542694e-01  -1.3495539e+00  -1.8912521e+00   2.6520421e-01   1.6116731e+00   0.0000000e+00
  -2.5984433e-01  -1.3473132e+00  -1.8846675e+00   2.6538155e-01   1.6126679e+00   0.0000000e+00
  -2.5407126e-01  -1.3450647e+00  -1.8782932e+00   2.6556249e-01   1.6137187e+00   0.0000000e+00
  -2.4810891e-01  -1.3428058e+00  -1.8721365e+00   2.6574877e-01   1.6148261e+00   0.0000000e+00
  -2.4195857e-01  -1.3405342e+00  -1.8662051e+00   2.6594214e-01   1.6159909e+00   0.0000000e+00
  -2.3562164e-01  -1.3382476e+00  -1.8605064e+00   2.6614434e-01   1.6172140e+00   0.0000000e+00
  -2.2909958e-01  -1.3359436e+00  -1.8550477e+00   2.6635711e-01   1.6184961e+00   0.0000000e+00
  -2.2239401e-01  -1.3336200e+00  -1.8498361e+00   2.6658217e-01   1.6198379e+00   0.0000000e+00
  -2.1550664e-01  -1.3312747e+00  -1.8448789e+00   2.6682124e-01   1.6212402e+00   0.0000000e+00
  -2.0843929e-01  -1.3289054e+00  -1.8401831e+00   2.6707601e-01   1.6227035e+00   0.0000000e+00
  -2.0119395e-01  -1.3265101e+00  -1.8357555e+00   2.6734814e-01   1.6242287e+00   0.0000000e+00
  -1.9377269e-01  -1.3240870e+00  -1.8316028e+00   2.6763927e-01   1.6258164e+00   0.0000000e+00
  -1.8617777e-01  -1.3216340e+00  -1.8277318e+00   2.6795097e-01   1.6274672e+00   0.0000000e+00
  -1.7842091e-01  -1.3191524e+00  -1.8241529e+00   2.6828440e-01   1.6291795e+00   0.0000000e+00
  -1.7051300e-01  -1.3166431e+00  -1.8208746e+00   2.6864059e-01   1.6309521e+00   0.0000000e+00
  -1.6245330e-01  -1.3141033e+00  -1.8178995e+00   2.6902104e-01   1.6327859e+00   0.0000000e+00
  -1.5424487e-01  -1.3115314e+00  -1.8152319e+00   2.6942700e-01   1.6346812e+00   0.0000000e+00
  -1.4589292e-01  -1.3089269e+00  -1.8128768e+00   2.6985958e-01   1.6366378e+00   0.0000000e+00
  -1.3740034e-01  -1.3062884e+00  -1.8108378e+00   2.7031988e-01   1.6386560e+00   0.0000000e+00
  -1.2877147e-01  -1.3036149e+00  -1.8091191e+00   2.7080889e-01   1.6407357e+00   0.0000000e+00
  -1.2001038e-01  -1.3009057e+00  -1.8077242e+00   2.7132752e-01   1.6428767e+00   0.0000000e+00
  -1.1112120e-01  -1.2981601e+00  -1.8066568e+00   2.7187658e-01   1.6450791e+00   0.0000000e+00
  -1.0210826e-01  -1.2953774e+00  -1.8059202e+00   2.7245682e-01   1.6473425e+00   0.0000000e+00
  -9.2975843e-02  -1.2925572e+00  -1.8055176e+00   2.7306887e-01   1.6496668e+00   0.0000000e+00
  -8.3728258e-02  -1.2896989e+00  -1.8054521e+00   2.7371330e-01   1.6520519e+00   0.0000000e+00
  -7.4369654e-02  -1.2868022e+00  -1.8057267e+00   2.7439061e-01   1.6544973e+00   0.0000000e+00
  -6.4903941e-02  -1.2838667e+00  -1.8063444e+00   2.7510122e-01   1.6570031e+00   0.0000000e+00
  -5.5334324e-02  -1.2808919e+00  -1.8073083e+00   2.7584553e-01   1.6595691e+00   0.0000000e+00
  -4.5661992e-02  -1.2778767e+00  -1.8086219e+00   2.7662405e-01   1.6621958e+00   0.0000000e+00
  -3.5887325e-02  -1.2748196e+00  -1.8102894e+00   2.7743732e-01   1.6648841e+00   0.0000000e+00
  -2.6737416e-02  -1.2719481e+00  -1.8121544e+00   2.7822244e-01   1.6674312e+00   0.0000000e+00
  -2.6142050e-02  -1.2717609e+00  -1.8122861e+00   2.7827433e-01   1.6675980e+00   0.0000000e+00
