0	-2.09439510239320	-1.04719755119660	0	1.57079632679490	0
0.000500874550395890	-2.09432120652251	-1.04731604192221	4.12016936676266e-05	1.57086080218597	0
0.00491803071410702	-2.09214596567976	-1.05069836497074	0.00123137301610954	1.57161388829112	0
0.0100912123588933	-2.08945915700886	-1.05507312223531	0.00273351112078638	1.57252499066640	0
0.0148686864751262	-2.08695350851372	-1.05937374980043	0.00417020017893044	1.57338286008449	0
0.0201560633387879	-2.08418061896328	-1.06438249608058	0.00579945241881440	1.57434735641609	0
0.0254354272133446	-2.08141823320422	-1.06962930469981	0.00746166741071029	1.57532508524445	0
0.0306056231599464	-2.07872071491319	-1.07499975196049	0.00912110393589211	1.57629642050212	0
0.0356731619331690	-2.07608482978672	-1.08048537731901	0.0107763846162483	1.57726162902039	0
0.0406429890329703	-2.07350787442022	-1.08607931306761	0.0124263512143731	1.57822087856403	0
0.0455184854272479	-2.07098786616298	-1.09177504509891	0.0140697826529060	1.57917416092978	0
0.0503036130626964	-2.06852249253431	-1.09756832114855	0.0157059887496498	1.58012167529692	0
0.0550025491299784	-2.06610932994596	-1.10345657752856	0.0173346350971923	1.58106374788047	0
0.0596191380214178	-2.06374613787047	-1.10943812559588	0.0189555141084207	1.58200071441535	0
0.0641565928520017	-2.06143101424208	-1.11551159221945	0.0205684029711172	1.58293284928341	0
0.0686174200277407	-2.05916243164173	-1.12167562894569	0.0221730028602455	1.58386033879643	0
0.0730034706934329	-2.05693920699387	-1.12792880430305	0.0237689285094269	1.58478328139415	0
0.0773160372900425	-2.05476044820614	-1.13426958794047	0.0253557198729242	1.58570169899777	0
0.0815559512081322	-2.05262550075660	-1.14069636852626	0.0269328594746774	1.58661555050596	0
0.0857236657422945	-2.05053390233892	-1.14720747853636	0.0284997886463437	1.58752474384049	0
0.0898193221320845	-2.04848534660260	-1.15380121657835	0.0300559208105253	1.58842914570496	0
0.0938428010505140	-2.04647965467672	-1.16047586525707	0.0316006518500273	1.58932858923567	0
0.0977937626431454	-2.04451675280646	-1.16722970496957	0.0331333680954072	1.59022287995871	0
0.101671677781512	-2.04259665467543	-1.17406102450979	0.0346534524736734	1.59111180044161	0
0.105475852578882	-2.04071944731658	-1.18096812930813	0.0361602892583602	1.59199511394679	0
0.109205447678586	-2.03888527979968	-1.18794934794063	0.0376532677501609	1.59287256731503	0
0.112859493435375	-2.03709435408981	-1.19500303739865	0.0391317851354534	1.59374389324940	0
0.116436901816475	-2.03534691762689	-1.20212758748347	0.0405952487059322	1.59460881212553	0
0.119936475638342	-2.03364325728727	-1.20932142460469	0.0420430775771635	1.59546703342253	0
0.123356915601644	-2.03198369446961	-1.21658301520344	0.0434747040114283	1.59631825684566	0
0.126696825469302	-2.03036858110902	-1.22391086897545	0.0448895744250674	1.59716217319480	0
0.129954715646488	-2.02879829646827	-1.23130354204416	0.0462871501432733	1.59799846501972	0
0.133129005352653	-2.02727324459056	-1.23875964021376	0.0476669079513577	1.59882680709367	0
0.136218023521541	-2.02579385232603	-1.24627782242070	0.0490283404811239	1.59964686672891	0
0.139220008522060	-2.02436056786562	-1.25385680449942	0.0503709564633414	1.60045830395228	0
0.142133106756113	-2.02297385973427	-1.26149536337854	0.0516942808711330	1.60126077155379	0
0.144955370156282	-2.02163421621135	-1.26919234182583	0.0529978549735533	1.60205391501735	0
0.147684752579556	-2.02034214515880	-1.27694665387436	0.0542812363154579	1.60283737233971	0
0.150319105066237	-2.01909817425054	-1.28475729107530	0.0555439986361722	1.60361077374075	0
0.152856169906053	-2.01790285160991	-1.29262332973508	0.0567857317355704	1.60437374126520	0
0.155293573431276	-2.01675674687357	-1.30054393932213	0.0580060412941865	1.60512588827442	0
0.157628817432939	-2.01566045271463	-1.30851839225155	0.0592045486505865	1.60586681882407	0
0.159859269074524	-2.01461458687422	-1.31654607527925	0.0603808905348854	1.60659612692213	0
0.161982149164886	-2.01361979476837	-1.32462650276926	0.0615347187533884	1.60731339566016	0
0.163994518649122	-2.01267675276073	-1.33275933211602	0.0626656998120333	1.60801819621072	0
0.165893263201217	-2.01178617221929	-1.34094438161304	0.0637735144568624	1.60871008668531	0
0.167675075880828	-2.01094880451097	-1.34918165104366	0.0648578570958462	1.60938861085370	0
0.169336437998660	-2.01016544713382	-1.35747134519047	0.0659184350437589	1.61005329674002	0
0.170873598730308	-2.00943695124634	-1.36581390028101	0.0669549674975145	1.61070365514434	0
0.172282554847265	-2.00876423093303	-1.37421001300903	0.0679671840938003	1.61133917821079	0
0.173559033687291	-2.00814827465574	-1.38266067104068	0.0689548228108475	1.61195933832337	0
0.174698486310371	-2.00759015950198	-1.39116718254637	0.0699176268264079	1.61256358797556	0
0.175696106599679	-2.00709106911235	-1.39973119979082	0.0708553396879984	1.61315136214070	0
0.176546914181110	-2.00665231671636	-1.40835472733548	0.0717676976999693	1.61372208698165	0
0.177246002050156	-2.00627537616176	-1.41704009765280	0.0726544175752067	1.61427520559092	0
0.177789268568785	-2.00596192903697	-1.42578988536588	0.0735151755629892	1.61481025602509	0
0.178176019526292	-2.00571396310615	-1.43460673257165	0.0743495692129842	1.61532715949688	0
0.178429892878034	-2.00553436059110	-1.44349358974474	0.0751570150593429	1.61582863387114	0
0.178520399345355	-2.00544305405213	-1.45019182108692	0.0757439902542484	1.61619249959754	0
0.178452570196327	-2.00539434236761	-1.45691039179503	0.0763131670304305	1.61653679504330	0
0.178231633098863	-2.00538748878960	-1.46363768495655	0.0768637432258896	1.61686151168232	0
0.177773289261620	-2.00542956681602	-1.47194497477304	0.0775185736103750	1.61723806988761	0
0.177125728683103	-2.00553086266850	-1.48002347632212	0.0781275281712415	1.61757745738435	0
0.176308247795665	-2.00568595538903	-1.48782416676493	0.0786894519306046	1.61787963468503	0
0.175333337548722	-2.00589013185203	-1.49535840041994	0.0792077606594197	1.61814688230514	0
0.174209056491081	-2.00613959357230	-1.50265189059092	0.0796865605747607	1.61838166493570	0
0.172941758568809	-2.00643105498907	-1.50972427510937	0.0801291918537110	1.61858590698962	0
0.171536767243859	-2.00676160336964	-1.51659023343662	0.0805383992385406	1.61876113684441	0
0.169998590727964	-2.00712863442543	-1.52326144641969	0.0809165269858017	1.61890861709865	0
0.168331124068723	-2.00752978536470	-1.52974735897518	0.0812656137206006	1.61902941111726	0
0.166537802873793	-2.00796287928401	-1.53605564169158	0.0815874562684639	1.61912442772244	0
0.164621705819352	-2.00842588507439	-1.54219256588582	0.0818836590423831	1.61919445464162	0
0.162585626009383	-2.00891688860565	-1.54816329551102	0.0821556715007947	1.61924018344551	0
0.160432123276145	-2.00943407149037	-1.55397210878701	0.0824048164299508	1.61926222823912	0
0.158163563508578	-2.00997569505081	-1.55962256728176	0.0826323115406827	1.61926113985285	0
0.155782148871941	-2.01054008788730	-1.56511764576534	0.0828392861701238	1.61923741675477	0
0.153289941506145	-2.01112563599101	-1.57045983264188	0.0830267943630622	1.61919151354761	0
0.150688882395914	-2.01173077471921	-1.57565120835488	0.0831958252510192	1.61912384766608	0
0.147980806552594	-2.01235398217961	-1.58069350722343	0.0833473113891483	1.61903480471391	0
0.145167455309102	-2.01299377370595	-1.58558816667626	0.0834821355276538	1.61892474275584	0
0.142250486307177	-2.01364869719349	-1.59033636677141	0.0836011361661482	1.61879399579394	0
0.139231481601081	-2.01431732912031	-1.59493906212484	0.0837051121492966	1.61864287659653	0
0.136111954190457	-2.01499827112137	-1.59939700782565	0.0837948264979489	1.61847167900492	0
0.132893353213593	-2.01569014701073	-1.60371078052099	0.0838710096235917	1.61828067981158	0
0.129577067969225	-2.01639160016965	-1.60788079556759	0.0839343620399817	1.61807014027982	0
0.126164430886467	-2.01710129123384	-1.61190732093252	0.0839855566605233	1.61784030735803	0
0.122656719522057	-2.01781789602587	-1.61579048836594	0.0840252407508904	1.61759141462724	0
0.119055157629651	-2.01854010368814	-1.61953030224575	0.0840540375917980	1.61732368301050	0
0.115360915314853	-2.01926661497902	-1.62312664639725	0.0840725478955154	1.61703732126319	0
0.111575108259648	-2.01999614070099	-1.62657928911483	0.0840813510107834	1.61673252625584	0
0.107698795969468	-2.02072740023400	-1.62988788654871	0.0840810059436313	1.61640948305400	0
0.103732978962765	-2.02145912015140	-1.63305198456615	0.0840720522157018	1.61606836479275	0
0.0996785947852868	-2.02219003289928	-1.63607101914871	0.0840550105767006	1.61570933233670	0
0.0955365126861941	-2.02291887552321	-1.63894431534190	0.0840303835831985	1.61533253370838	0
0.0913075267375961	-2.02364438843004	-1.64167108472989	0.0839986560519337	1.61493810325943	0
0.0869923471082428	-2.02436531417675	-1.64425042136182	0.0839602953917268	1.61452616054798	0
0.0825915891115104	-2.02508039628335	-1.64668129600579	0.0839157518138341	1.61409680887275	0
0.0781057595257406	-2.02578837807576	-1.64896254854907	0.0838654584156189	1.61365013339675	0
0.0735352395231643	-2.02648800157571	-1.65109287829441	0.0838098311263263	1.61318619877097	0
0.0688802633195347	-2.02717800647477	-1.65307083181878	0.0837492684957026	1.61270504613772	0
0.0641408913454774	-2.02785712925975	-1.65489478795753	0.0836841512950081	1.61220668935069	0
0.0593169762989418	-2.02852410260835	-1.65656293934709	0.0836148418836722	1.61169111018931	0
0.0544081197979015	-2.02917765526036	-1.65807326979907	0.0835416832700348	1.61115825225945	0
0.0494136164064020	-2.02981651272167	-1.65942352658469	0.0834649977553579	1.61060801314728	0
0.0443323803743841	-2.03043939943117	-1.66061118649239	0.0833850849854127	1.61004023420532	0
0.0391628482044707	-2.03104504353318	-1.66163341433275	0.0833022191216051	1.60945468706207	0
0.0339028465909641	-2.03163218640711	-1.66248701256631	0.0832166446380947	1.60885105549269	0
0.0285494093534719	-2.03219960121677	-1.66316836142041	0.0831285698496164	1.60822891055196	0
0.0230985167666888	-2.03274612951406	-1.66367335178199	0.0830381564216351	1.60758767564095	0
0.0175447121760974	-2.03327075688458	-1.66399732343727	0.0829455010956147	1.60692657606980	0
0.0118805153260947	-2.03377278311911	-1.66413505817808	0.0828506003202504	1.60624456403981	0
0.00609547908883662	-2.03425226549974	-1.66408103022474	0.0827532695124993	1.60554020429006	0
0.000174573975768154	-2.03471155602270	-1.66383099631455	0.0826528928052621	1.60481150539754	0
-0.00590482016270149	-2.03516803580950	-1.66339942906745	0.0825465191427641	1.60405593928876	0
-0.0106097289396946	-2.03549562408957	-1.66292710691530	0.0824642856134566	1.60346586054909	0
-0.0154460591274223	-2.03578307306828	-1.66227886805001	0.0823836207655518	1.60285364991073	0
-0.0202913480046033	-2.03602531561047	-1.66145988357169	0.0823056579548515	1.60223425345313	0
-0.0250104348877976	-2.03622243344583	-1.66051681387925	0.0822320121083415	1.60162583908962	0
-0.0297023169504590	-2.03638545658519	-1.65945171327393	0.0821604998538763	1.60101643135163	0
-0.0344163669893056	-2.03651761458952	-1.65824690945816	0.0820897494186161	1.60039929315590	0
-0.0390551802194715	-2.03660922915849	-1.65691800280272	0.0820221686782694	1.59978700422810	0
-0.0448594541511170	-2.03667701103753	-1.65507228142694	0.0819395808288718	1.59901449867770	0
-0.0500737330574885	-2.03669380939709	-1.65323773215953	0.0818669096374632	1.59831435105002	0
-0.0551642044611658	-2.03666774507651	-1.65128131865274	0.0817974458168341	1.59762510691564	0
-0.0603767494503629	-2.03659530539915	-1.64910479930289	0.0817279368518626	1.59691341065280	0
-0.0655575512406306	-2.03647609052420	-1.64676484226798	0.0816604000686025	1.59620004720314	0
-0.0705824906823053	-2.03631450825775	-1.64432389130986	0.0815962076387584	1.59550235065198	0
-0.0754816797825140	-2.03611175234871	-1.64177715132074	0.0815347773680580	1.59481650376249	0
-0.0803032284156968	-2.03586661581641	-1.63910490893865	0.0814753799452656	1.59413598297352	0
-0.0850467023507868	-2.03557936530161	-1.63631021144407	0.0814178814855894	1.59346097060234	0
-0.0896984169712266	-2.03525131050794	-1.63340445425254	0.0813622866586783	1.59279354698695	0
-0.0942569557730264	-2.03488313987233	-1.63039227718256	0.0813084541216632	1.59213405965372	0
-0.0987258351412202	-2.03447502726392	-1.62727467742160	0.0812561909192277	1.59148212734095	0
-0.103105789428347	-2.03402724411573	-1.62405397745780	0.0812053372752489	1.59083775136801	0
-0.107395855912272	-2.03354017389786	-1.62073347659985	0.0811557528643645	1.59020117105778	0
-0.111595392618005	-2.03301412809428	-1.61731608343721	0.0811072955583095	1.58957257115496	0
-0.115704032602002	-2.03244933116591	-1.61380429561918	0.0810598227540666	1.58895208705174	0
-0.119721251251772	-2.03184597078183	-1.61020054341094	0.0810131964425514	1.58833986945533	0
-0.123646351735420	-2.03120420611578	-1.60650723305198	0.0809672838321868	1.58773608779994	0
-0.127478559676096	-2.03052415642329	-1.60272668260559	0.0809219568949068	1.58714091670816	0
-0.131217040306982	-2.02980589770487	-1.59886111425459	0.0808770927445017	1.58655453382334	0
-0.134860887960531	-2.02904946362219	-1.59491267111031	0.0808325743195743	1.58597712183779	0
-0.138409126356985	-2.02825484426410	-1.59088342269992	0.0807882909737016	1.58540886881850	0
-0.141860712999063	-2.02742198323696	-1.58677536346423	0.0807441390413463	1.58484996779724	0
-0.145214540760915	-2.02655077434091	-1.58259041122228	0.0807000224531667	1.58430061670371	0
-0.148469437497131	-2.02564105771070	-1.57833040502088	0.0806558533942725	1.58376101852262	0
-0.151624164844546	-2.02469261505815	-1.57399710089288	0.0806115529943239	1.58323138148376	0
-0.154677416139216	-2.02370516385297	-1.56959216521589	0.0805670520516625	1.58271191928646	0
-0.157627813229109	-2.02267835027088	-1.56511716542750	0.0805222917954430	1.58220285137877	0
-0.160473902098993	-2.02161174062870	-1.56057355749382	0.0804772246880021	1.58170440328423	0
-0.163214147202913	-2.02050481092072	-1.55596266926415	0.0804318152693046	1.58121680696269	0
-0.165846924323084	-2.01935693394403	-1.55128567855722	0.0803860410451082	1.58074030119240	0
-0.168370511703953	-2.01816736331386	-1.54654358437915	0.0803398934194413	1.58027513195501	0
-0.170783079125201	-2.01693521339920	-1.54173716901300	0.0802933786697784	1.57982155279474	0
-0.173082674462223	-2.01565943380932	-1.53686694773783	0.0802465189592361	1.57937982510600	0
-0.175267207123410	-2.01433877645959	-1.53193310143919	0.0801993533727612	1.57895021827559	0
-0.177334427532411	-2.01297175231038	-1.52693538502310	0.0801519389510474	1.57853300955807	0
-0.179281901509898	-2.01155657337747	-1.52187300074479	0.0801043516718684	1.57812848347951	0
-0.181106977955433	-2.01009107313563	-1.51674441919777	0.0800566872841568	1.57773693041651	0
-0.182806747563477	-2.00857259416464	-1.51154711960904	0.0800090618163006	1.57735864372235	0
-0.184377989317624	-2.00699782415412	-1.50627720079547	0.0799616114163585	1.57699391423936	0
-0.185817100041098	-2.00536254655668	-1.50092877488156	0.0799144908491030	1.57664301994993	0
-0.187120000194863	-2.00366124165940	-1.49549297451042	0.0798678692657871	1.57630620614581	0
-0.188281881977867	-2.00188659904974	-1.48995681733694	0.0798219250673748	1.57598368049088	0
-0.189285089797283	-2.00005121217606	-1.48436835234274	0.0797773167152932	1.57567920306293	0
-0.190101676041123	-1.99821512849214	-1.47890991797288	0.0797355969213122	1.57540214241315	0
-0.190749154759096	-1.99636178124075	-1.47352700643634	0.0796963639824654	1.57514858844227	0
-0.191247212555730	-1.99443987871974	-1.46806700390935	0.0796582243132128	1.57491115973045	0
-0.191600465375601	-1.99244439316673	-1.46249736210161	0.0796192308927621	1.57468804012835	0
-0.191837370024246	-1.99040159607823	-1.45681202456034	0.0795729592391131	1.57447478575138	0
-0.191853776300561	-1.98876128594075	-1.45243815430276	0.0795463565529282	1.57433224816220	0
-0.191711961209617	-1.98701273305383	-1.44798420401263	0.0795308017821928	1.57420810447925	0
-0.191330627941466	-1.98481621240928	-1.44261854137584	0.0795244486215887	1.57408602336086	0
-0.190762548562849	-1.98264544330730	-1.43752585379963	0.0795298944534400	1.57399702807180	0
-0.190016266040055	-1.98046705937903	-1.43260864532591	0.0795463807773273	1.57393693218312	0
-0.189111995769241	-1.97830324341961	-1.42790597321836	0.0795734679623928	1.57390443688286	0
-0.188080244705700	-1.97618843384840	-1.42347824318598	0.0796102720051369	1.57389758267539	0
-0.186921714819726	-1.97409381407905	-1.41925207402318	0.0796568924166353	1.57391401558892	0
-0.185625470795591	-1.97198651097917	-1.41515654087200	0.0797141721538276	1.57395299258638	0
-0.184195871967128	-1.96986743774038	-1.41119261544134	0.0797824289508957	1.57401407346959	0
-0.182642520636257	-1.96774454181354	-1.40737364044529	0.0798616905425205	1.57409652200416	0
-0.180969993218370	-1.96561789659035	-1.40369771348253	0.0799521915410608	1.57419977192611	0
-0.179180248362784	-1.96348495194221	-1.40015890820076	0.0800543028256136	1.57432347345226	0
-0.177275822653074	-1.96134467409843	-1.39675452172677	0.0801683637951038	1.57446730412072	0
-0.175259550921578	-1.95919679851456	-1.39348341036879	0.0802946876607570	1.57463095165442	0
-0.173133855574781	-1.95704091175139	-1.39034441088574	0.0804336022372924	1.57481415769401	0
-0.170900804593351	-1.95487651547416	-1.38733645876090	0.0805854487250164	1.57501671430182	0
-0.168562293813510	-1.95270318838667	-1.38445880918493	0.0807505708322295	1.57523844697614	0
-0.166120073976613	-1.95052057799662	-1.38171099108319	0.0809293130747775	1.57547920968682	0
-0.163575741675870	-1.94832836714997	-1.37909273839411	0.0811220217179204	1.57573888402662	0
-0.160930752021665	-1.94612626755981	-1.37660396584649	0.0813290442900977	1.57601737688153	0
-0.158186434807820	-1.94391401912240	-1.37424475488287	0.0815507287587307	1.57631461793829	0
-0.155344004524204	-1.94169138606928	-1.37201533826138	0.0817874231057821	1.57663055796708	0
-0.152404567286788	-1.93945815265718	-1.36991608692326	0.0820394751195043	1.57696516758906	0
-0.149369126575962	-1.93721411965044	-1.36794750018651	0.0823072322685303	1.57731843631041	0
-0.146238587617906	-1.93495910116815	-1.36611019844796	0.0825910416812089	1.57769037182196	0
-0.143013760293623	-1.93269292162349	-1.36440491793817	0.0828912502537633	1.57808099956933	0
-0.139695360687865	-1.93041541271282	-1.36283250738655	0.0832082048924030	1.57849036257730	0
-0.136284011330001	-1.92812641039692	-1.36139392648972	0.0835422528993491	1.57891852152217	0
-0.132780240096161	-1.92582575178745	-1.36009024610873	0.0838937425207930	1.57936555505804	0
-0.129184477694499	-1.92351327184709	-1.35892265017915	0.0842630236805947	1.57983156041245	0
-0.125497053606310	-1.92118879980455	-1.35789243937656	0.0846504489301485	1.58031665427581	0
-0.121718190297220	-1.91885215517253	-1.35700103664035	0.0850563746532098	1.58082097402041	0
-0.117847995436886	-1.91650314323331	-1.35624999472422	0.0854811625756126	1.58134467929863	0
-0.113886451777593	-1.91414154982999	-1.35564100602134	0.0859251816434821	1.58188795408660	0
-0.109833404223381	-1.91176713525926	-1.35517591500728	0.0863888103520767	1.58245100926151	0
-0.105688543469954	-1.90937962700810	-1.35485673376556	0.0868724396315152	1.58303408582893	0
-0.101451385389502	-1.90697871099994	-1.35468566121803	0.0873764764285433	1.58363745895462	0
-0.0971212450561086	-1.90456402091143	-1.35466510689227	0.0879013481681466	1.58426144300664	0
-0.0926971953110438	-1.90213512028245	-1.35479772075009	0.0884475094135113	1.58490639914706	0
-0.0881779712886318	-1.89969145750323	-1.35508643556858	0.0890154558248093	1.58557275136922	0
-0.0835620330853131	-1.89723240871827	-1.35553450979329	0.0896057188318902	1.58626097978370	0
-0.0788474640276582	-1.89475723169727	-1.35614558099951	0.0902188808248432	1.58697163820452	0
-0.0740318496730489	-1.89226501433040	-1.35692374223715	0.0908555940024377	1.58770537571326	0
-0.0691121636663374	-1.88975463159959	-1.35787363842100	0.0915165994433517	1.58846295832972	0
-0.0640846084818941	-1.88722468454285	-1.35900059290892	0.0922027532813166	1.58924529882927	0
-0.0589443908118978	-1.88467341339412	-1.36031077822251	0.0929150631926407	1.59005349838001	0
-0.0537146816205805	-1.88211281193189	-1.36180265232046	0.0936505915842523	1.59088423046874	0
-0.0484047359737205	-1.87954762204873	-1.36347657486878	0.0944081840099127	1.59173626783216	0
-0.0430060665870630	-1.87697401056532	-1.36533833846368	0.0951891704696278	1.59261121889293	0
-0.0375123730177531	-1.87438944527814	-1.36739393543060	0.0959945856668705	1.59351038721590	0
-0.0319225718701985	-1.87179402645803	-1.36964784239060	0.0968246752854605	1.59443424446871	0
-0.0262350840956109	-1.86918774820254	-1.37210460754856	0.0976796794955110	1.59538333520371	0
-0.0204454259193150	-1.86656947771039	-1.37476960275899	0.0985601408040946	1.59635866305749	0
-0.0145470480966931	-1.86393752390440	-1.37764783961962	0.0994666396436044	1.59736150609724	0
-0.00853177777812196	-1.86129024326872	-1.38074021873636	0.100399232654497	1.59839314825919	0
-0.00238872887271353	-1.85862828015984	-1.38401548520241	0.101353790769484	1.59945349689957	0
0.00390116093106317	-1.85594232919779	-1.38752120806339	0.102337327446383	1.60054795183204	0
0.0103645535868739	-1.85320888125453	-1.39143862281827	0.103374748745094	1.60169036008292	0
0.0169031349511917	-1.85047435222669	-1.39568411894495	0.104445538569458	1.60286209123266	0
0.0233356221065908	-1.84781657142108	-1.40010857821041	0.105515334970872	1.60402894890024	0
0.0296490815376764	-1.84523977478041	-1.40468097423441	0.106579283870596	1.60518735191484	0
0.0358613722209158	-1.84273513050122	-1.40940062841782	0.107638779787199	1.60633980120880	0
0.0419723576786134	-1.84030118470682	-1.41425770820614	0.108692619687471	1.60748570632247	0
0.0479780005870382	-1.83793803812049	-1.41924067091801	0.109739113292977	1.60862381622881	0
0.0538748978915428	-1.83564553578427	-1.42433905494659	0.110776783245356	1.60975302539950	0
0.0596618216479614	-1.83342270478106	-1.42954473369701	0.111804614566475	1.61087266594422	0
0.0653358342252335	-1.83126927271832	-1.43484842867486	0.112821354552727	1.61198175757051	0
0.0708764338561139	-1.82919153899130	-1.44022361237167	0.113822609014259	1.61307583737299	0
0.0762981711564819	-1.82718259007369	-1.44567715700562	0.114810336148411	1.61415732902344	0
0.0816208376724037	-1.82523393548634	-1.45122401664945	0.115787604119882	1.61522985832408	0
0.0868455322779006	-1.82334421695418	-1.45686182268693	0.116754158026273	1.61629340435515	0
0.0919681144047846	-1.82151400905650	-1.46258276410021	0.117708805903504	1.61734689074138	0
0.0969888132330420	-1.81974232944497	-1.46838389398800	0.118651195905951	1.61839013851670	0
0.101909488003648	-1.81802768206609	-1.47426461280394	0.119581322424962	1.61942333296709	0
0.106730720843861	-1.81636908497334	-1.48022332962807	0.120498977857496	1.62044642071981	0
0.111452270244489	-1.81476588673435	-1.48625780101711	0.121403830112790	1.62145919384344	0
0.116073863373040	-1.81321748243388	-1.49236603013387	0.122295569972820	1.62246145365713	0
0.120595198993050	-1.81172331065721	-1.49854626899649	0.123173910566280	1.62345301131973	0
0.125015804058191	-1.81028289822861	-1.50479681398716	0.124038558283491	1.62443365594475	0
0.129335042820179	-1.80889585253750	-1.51111599066674	0.124889213005912	1.62540315512285	0
0.133552162008255	-1.80756184295816	-1.51750219719286	0.125725575784097	1.62636126385407	0
0.137666305771914	-1.80628059308731	-1.52395391378004	0.126547350957457	1.62730772723970	0
0.141676519320442	-1.80505187703284	-1.53046969954539	0.127354246259390	1.62824228084075	0
0.145581754693321	-1.80387551534922	-1.53704819593396	0.128145973537406	1.62916465169329	0
0.149380876423829	-1.80275137136342	-1.54368813404539	0.128922249652669	1.63007455950829	0
0.153072665027359	-1.80167934850634	-1.55038834266199	0.129682797139007	1.63097171758112	0
0.156655818732813	-1.80065938848164	-1.55714775762572	0.130427344701480	1.63185583350461	0
0.160128953887232	-1.79969147012563	-1.56396543354631	0.131155627647745	1.63272660979937	0
0.163490604042707	-1.79877560895629	-1.57084055835409	0.131867388268342	1.63358374448746	0
0.166739217665539	-1.79791185744228	-1.57777247131134	0.132562376176098	1.63442693163050	0
0.169873154408864	-1.79710030603942	-1.58476068539847	0.133240348625486	1.63525586186856	0
0.172890679841934	-1.79634108507786	-1.59180491530803	0.133901070836333	1.63607022300496	0
0.175789958460512	-1.79563436763208	-1.59890511269680	0.134544316349633	1.63686970069232	0
0.178569044726347	-1.79498037356773	-1.60606151095890	0.135169867451282	1.63765397929450	0
0.181225871786757	-1.79437937504409	-1.61327468267736	0.135777515712810	1.63842274302879	0
0.183758237397649	-1.79383170387222	-1.62054561424242	0.136367062719559	1.63917567753966	0
0.186163786399801	-1.79333776130678	-1.62787580414944	0.136938321091094	1.63991247213017	0
0.188439988857934	-1.79289803111886	-1.63526739465361	0.137491115955270	1.64063282299769	0
0.190584112632008	-1.79251309721973	-1.64272335155423	0.138025287132783	1.64133643802326	0
0.192593188658780	-1.79218366778972	-1.65024771537188	0.138540692454817	1.64202304401109	0
0.194463966499224	-1.79191060902258	-1.65784596190508	0.139037212935684	1.64269239789755	0
0.196192856630656	-1.79169499364037	-1.66552553691373	0.139514761087698	1.64334430461588	0
0.197775854352122	-1.79153817315795	-1.67329668113581	0.139973294794537	1.64397864661497	0
0.199208437820984	-1.79144189053195	-1.68117376786321	0.140412841573386	1.64459543493930	0
0.200485429690268	-1.79140846652625	-1.68917761354181	0.140833543684491	1.64519490313916	0
0.201591357344671	-1.79144050697455	-1.69726407672241	0.141232144047956	1.64577242391127	0
0.202509980939300	-1.79153853697018	-1.70534151180476	0.141603825550812	1.64632084210223	0
0.203241760891661	-1.79170260284028	-1.71341424243342	0.141948877902988	1.64684038283230	0
0.203793521200564	-1.79193571382740	-1.72156549887804	0.142270465756385	1.64733617435143	0
0.204173202341162	-1.79224263045502	-1.72984264047979	0.142569319651661	1.64781150059699	0
0.204373624340286	-1.79251985029047	-1.73609467376788	0.142776899010956	1.64815642165986	0
0.204424216832499	-1.79284162666372	-1.74235803464615	0.142968191756151	1.64847928724310	0
0.204289890419300	-1.79320391162405	-1.74860806757873	0.143143044244293	1.64877418218171	0
0.203901301653823	-1.79370610824170	-1.75639679184891	0.143339996084197	1.64910882480642	0
0.203294724873912	-1.79425299734811	-1.76393854209400	0.143507130005748	1.64939820699555	0
0.202489817040898	-1.79484127850981	-1.77125123584733	0.143646851812635	1.64964607630417	0
0.201503123586378	-1.79546585793417	-1.77832688765815	0.143760926512783	1.64985448643455	0
0.200345285898603	-1.79612416875021	-1.78518451583060	0.143851476804405	1.65002599626983	0
0.199024104997395	-1.79681423301297	-1.79184261709648	0.143920354328724	1.65016272353641	0
0.197545926314084	-1.79753420505846	-1.79831521732770	0.143969127750849	1.65026634681702	0
0.195916069315550	-1.79828236135009	-1.80461320785741	0.143999157435750	1.65033823504068	0
0.194139087375333	-1.79905708355576	-1.81074522387050	0.144011646742347	1.65037952999970	0
0.192218960357943	-1.79985683201737	-1.81671815329735	0.144007677703102	1.65039120071378	0
0.190159226607127	-1.80068012729420	-1.82253751932273	0.143988237192700	1.65037408249451	0
0.187963074189151	-1.80152553844503	-1.82820777528879	0.143954236183639	1.65032890551257	0
0.185633406850222	-1.80239167491562	-1.83373252728386	0.143906524036006	1.65025631593214	0
0.183172893303948	-1.80327718044541	-1.83911470201597	0.143845899274952	1.65015689179181	0
0.180584004951699	-1.80418072820991	-1.84435667444134	0.143773117862279	1.65003115512932	0
0.177869045322228	-1.80510101678063	-1.84946036577153	0.143688899649933	1.64987958137838	0
0.175030173406972	-1.80603676667796	-1.85442731955997	0.143593933489381	1.64970260675161	0
0.172069422369896	-1.80698671738733	-1.85925876141880	0.143488881328701	1.64950063410988	0
0.168988714669048	-1.80794962475280	-1.86395564635650	0.143374381534265	1.64927403767375	0
0.165789874334349	-1.80892425868464	-1.86851869662358	0.143251051609453	1.64902316683377	0
0.162474636946270	-1.80990940113027	-1.87294843217538	0.143119490438217	1.64874834924702	0
0.159044657715442	-1.81090384426739	-1.87724519531381	0.142980280149667	1.64844989335869	0
0.155501517960464	-1.81190638888496	-1.88140917067395	0.142833987677131	1.64812809045196	0
0.151846730201441	-1.81291584292302	-1.88544040143706	0.142681166068416	1.64778321630362	0
0.148081742027863	-1.81393102014654	-1.88933880243827	0.142522355591696	1.64741553250311	0
0.144207938848484	-1.81495073893241	-1.89310417068210	0.142358084671976	1.64702528747771	0
0.140226645593840	-1.81597382115085	-1.89673619365441	0.142188870686128	1.64661271725458	0
0.136139127402590	-1.81699909112580	-1.90023445572974	0.142015220638795	1.64617804598045	0
0.131946589293800	-1.81802537466002	-1.90359844289506	0.141837631737290	1.64572148621135	0
0.127650174792239	-1.81905149811322	-1.90682754595263	0.141656591880052	1.64524323897714	0
0.123250963440962	-1.82007628752285	-1.90992106231260	0.141472580070432	1.64474349361810	0
0.118749967097977	-1.82109856775907	-1.91287819644080	0.141286066765241	1.64422242738358	0
0.114148124870577	-1.82211716170751	-1.91569805898615	0.141097514165399	1.64368020477434	0
0.109446296487977	-1.82313088947577	-1.91837966457193	0.140907376454105	1.64311697660113	0
0.104645253849542	-1.82413856762264	-1.92092192819278	0.140716099986147	1.64253287872097	0
0.0997456704009375	-1.82513900841402	-1.92332366011602	0.140524123429805	1.64192803039856	0
0.0947481078850875	-1.82613101911528	-1.92558355913261	0.140331877860580	1.64130253222322	0
0.0896529998716105	-1.82711340133965	-1.92770020394301	0.140139786802900	1.64065646348851	0
0.0844606312757094	-1.82808495048657	-1.92967204238802	0.139948266211893	1.63998987891109	0
0.0791711128143922	-1.82904445532636	-1.93149737814008	0.139757724381548	1.63930280452394	0
0.0737843489816899	-1.82999069782215	-1.93317435434811	0.139568561756938	1.63859523252111	0
0.0682999976014516	-1.83092245333674	-1.93470093357096	0.139381170614866	1.63786711474977	0
0.0627174182652496	-1.83183849146333	-1.93607487312334	0.139195934556154	1.63711835442787	0
0.0570356058456425	-1.83273757787484	-1.93729369468150	0.139013227717882	1.63634879549245	0
0.0512531035964378	-1.83361847785386	-1.93835464662885	0.138833413554720	1.63555820872419	0
0.0453678877320715	-1.83447996264921	-1.93925465715509	0.138656842933223	1.63474627339069	0
0.0393772111992357	-1.83532082071217	-1.93999027556922	0.138483851087999	1.63391255251172	0
0.0332773874322938	-1.83613987766695	-1.94055759878766	0.138314752605699	1.63305645879775	0
0.0270634829604239	-1.83693603269602	-1.94095218007681	0.138149832796920	1.63217720651757	0
0.0207288662201702	-1.83770832789282	-1.94116891992520	0.137989331962497	1.63127374135185	0
0.0142645188632700	-1.83845609027449	-1.94120195224542	0.137833414258436	1.63034463430808	0
0.00765793201451103	-1.83917925749897	-1.94104459683133	0.137682098138412	1.62938791402080	0
0.000891223785853027	-1.83987928509162	-1.94068973795711	0.137535066422611	1.62840078805502	0
-0.00606234568211967	-1.84056324918479	-1.94013358005737	0.137390819848246	1.62737917277874	0
-0.0132453130351562	-1.84125374018023	-1.93938532459869	0.137244643596592	1.62631679152225	0
-0.0188633674772572	-1.84173430661149	-1.93862221820482	0.137142152641678	1.62548028643913	0
-0.0246373829551980	-1.84216965035725	-1.93767088731350	0.137048437285530	1.62461546367123	0
-0.0304233180955841	-1.84255181249384	-1.93654364891481	0.136965115851858	1.62374329191775	0
-0.0360644189773479	-1.84287632529445	-1.93529233707855	0.136893209006638	1.62288820207396	0
-0.0416973303786344	-1.84316085818321	-1.93390889826229	0.136828930629925	1.62203015931711	0
-0.0471128568654692	-1.84339586133247	-1.93244156681077	0.136774368996970	1.62120083801217	0
-0.0536680597491268	-1.84361891551164	-1.93047641573224	0.136719889934273	1.62019129337055	0
-0.0595916329732956	-1.84377066756453	-1.92853256124059	0.136679768185859	1.61927385492857	0
-0.0655029037898358	-1.84387283104778	-1.92642923228766	0.136648607639478	1.61835335004804	0
-0.0715440058509083	-1.84392354420214	-1.92410656823075	0.136626307665132	1.61740744915821	0
-0.0774925079305460	-1.84391870630804	-1.92164534971166	0.136613916233944	1.61647089846602	0
-0.0832580081710410	-1.84386113049535	-1.91909219937264	0.136610948051515	1.61555823840993	0
-0.0888964990918779	-1.84375278092092	-1.91643168424222	0.136616762278579	1.61466091621641	0
-0.0944467759387689	-1.84359370014019	-1.91365008188242	0.136631096073603	1.61377293066048	0
-0.0999004485988333	-1.84338457598883	-1.91075479612461	0.136653676200271	1.61289574940574	0
-0.105247309586948	-1.84312656126840	-1.90775511482995	0.136684154053163	1.61203115155184	0
-0.110489082652757	-1.84282035374584	-1.90465399834881	0.136722233626203	1.61117899310193	0
-0.115628968271506	-1.84246636918174	-1.90145296551451	0.136767664136528	1.61033887029631	0
-0.120667283324207	-1.84206507130268	-1.89815483711377	0.136820194292431	1.60951083285114	0
-0.125603505521349	-1.84161692853546	-1.89476275605098	0.136879575388935	1.60869505835187	0
-0.130437440402821	-1.84112232306595	-1.89127945556561	0.136945573749904	1.60789166185551	0
-0.135168919050844	-1.84058156474111	-1.88770743912541	0.137017969152751	1.60710074540741	0
-0.139797566345301	-1.83999491876344	-1.88404916450276	0.137096551022048	1.60632243729467	0
-0.144322857379138	-1.83936260652519	-1.88030702982237	0.137181118335748	1.60555688368117	0
-0.148744176070283	-1.83868480117781	-1.87648334436059	0.137271480340104	1.60480423949276	0
-0.153060820062984	-1.83796162798354	-1.87258033529216	0.137367456635091	1.60406466813550	0
-0.157271999854718	-1.83719316515333	-1.86860015783981	0.137468877209212	1.60333834214010	0
-0.161376844353063	-1.83637944301037	-1.86454489784117	0.137575582720883	1.60262544264780	0
-0.165374405978843	-1.83552044224362	-1.86041657195745	0.137687424917526	1.60192615889122	0
-0.169263663296688	-1.83461609165302	-1.85621712758260	0.137804267133316	1.60124068802345	0
-0.173043522232166	-1.83366626521272	-1.85194844161628	0.137925984885584	1.60056923511920	0
-0.176712816292628	-1.83267077829261	-1.84761231759981	0.138052466587715	1.59991201327422	0
-0.180270305709288	-1.83162938293567	-1.84321048109996	0.138183614388261	1.59926924381359	0
-0.183714675448067	-1.83054176204114	-1.83874457310010	0.138319345151732	1.59864115661079	0
-0.187044532064711	-1.82940752223349	-1.83421614098213	0.138459591604870	1.59802799051129	0
-0.190258399334821	-1.82822618512438	-1.82962662654121	0.138604303680377	1.59742999385631	0
-0.193354712538121	-1.82699717657792	-1.82497735028522	0.138753450100709	1.59684742510521	0
-0.196331811224494	-1.82571981345440	-1.82026949099436	0.138907020259316	1.59628055355477	0
-0.199187930225551	-1.82439328711623	-1.81550405912259	0.139065026477267	1.59572966015197	0
-0.201921188592280	-1.82301664270768	-1.81068186205378	0.139227506742289	1.59519503839359	0
-0.204529576030149	-1.82158875281986	-1.80580345838263	0.139394528079556	1.59467699529831	0
-0.207010936256276	-1.82010828355354	-1.80086909711236	0.139566190766499	1.59417585242319	0
-0.209362946501598	-1.81857365007054	-1.79587863567256	0.139742633699987	1.59369194687003	0
-0.211583092100272	-1.81698295726365	-1.79083142747241	0.139924041375594	1.59322563217927	0
-0.213668634710114	-1.81533391878161	-1.78572616442279	0.140110653184944	1.59277727891868	0
-0.215616572137497	-1.81362374356862	-1.78056065076097	0.140302776154144	1.59234727460098	0
-0.217423586919722	-1.81184897180901	-1.77533146810952	0.140500802985500	1.59193602222122	0
-0.219085979655847	-1.81000522848187	-1.77003346048550	0.140705238649174	1.59154393598980	0
-0.220599581539387	-1.80808683518803	-1.76465890451210	0.140916741545537	1.59117143126089	0
-0.221959639013575	-1.80608616065038	-1.75919608994558	0.141136191310776	1.59081890189817	0
-0.223160664420929	-1.80399244326258	-1.75362669120863	0.141364810098765	1.59048666839807	0
-0.224196263071774	-1.80178940227045	-1.74792033101042	0.141604406215628	1.59017484992522	0
-0.225046249441075	-1.79948798740893	-1.74211607032870	0.141853753115692	1.58988751243902	0
-0.225683522580942	-1.79716826854690	-1.73641019281261	0.142103925463570	1.58963407668783	0
-0.226124956300728	-1.79487950766573	-1.73089140719680	0.142348777298069	1.58941437505525	0
-0.226435161320387	-1.79254135026458	-1.72528898223780	0.142593856724133	1.58921063004484	0
-0.226507473417845	-1.79064921742812	-1.72092107603434	0.142794717359178	1.58907740729084	0
-0.226381240839931	-1.78860124750573	-1.71641426513566	0.143017611921828	1.58897085117199	0
-0.226023340230048	-1.78615555578560	-1.71124900786958	0.143288235469583	1.58888147953828	0
-0.225444693063146	-1.78366885586461	-1.70620264107781	0.143567359160057	1.58882908562459	0
-0.224668943049898	-1.78118138871718	-1.70134193628665	0.143850241543926	1.58881198135340	0
-0.223712148445227	-1.77870131265430	-1.69667126180606	0.144135974718619	1.58882793600056	0
-0.222584434212120	-1.77622557610363	-1.69217638304125	0.144425038169805	1.58887512104828	0
-0.221293335966585	-1.77375079655555	-1.68784498929188	0.144718007765508	1.58895216108258	0
-0.219844999169421	-1.77127450242520	-1.68366809417215	0.145015384283809	1.58905798636136	0
-0.218244558803265	-1.76879481697310	-1.67963890510456	0.145317616942699	1.58919174280266	0
-0.216496396562506	-1.76631029776819	-1.67575221335223	0.145625115486090	1.58935273589988	0
-0.214604328733856	-1.76381984774951	-1.67200402328345	0.145938256550515	1.58954039196572	0
-0.212571733217773	-1.76132264036630	-1.66839127177524	0.146257389678409	1.58975423111847	0
-0.210401637895823	-1.75881805981931	-1.66491161673421	0.146582842300419	1.58999384802603	0
-0.208096785157880	-1.75630565607367	-1.66156328029613	0.146914923460383	1.59025889776453	0
-0.205659680527784	-1.75378511120111	-1.65834493199923	0.147253926545497	1.59054908518834	0
-0.203092630170246	-1.75125621399548	-1.65525560081141	0.147600131288046	1.59086415678234	0
-0.200397770398846	-1.74871884062678	-1.65229460812494	0.147953805235239	1.59120389430573	0
-0.197577091264319	-1.74617293971195	-1.64946151612573	0.148315204831311	1.59156810975755	0
-0.194632455649036	-1.74361852063702	-1.64675608757911	0.148684576216789	1.59195664133786	0
-0.191565614878026	-1.74105564429964	-1.64417825422323	0.149062155820755	1.59236935017413	0
-0.188378221577942	-1.73848441567292	-1.64172809175562	0.149448170801707	1.59280611764660	0
-0.185071840323860	-1.73590497775463	-1.63940579995030	0.149842839378240	1.59326684319110	0
-0.181647956476169	-1.73331750657861	-1.63721168682893	0.150246371080929	1.59375144248938	0
-0.178107983509216	-1.73072220704481	-1.63514615608448	0.150658966949803	1.59425984598026	0
-0.174453269060374	-1.72811930938304	-1.63320969715642	0.151080819696605	1.59479199764129	0
-0.170685099870198	-1.72550906610605	-1.63140287750211	0.151512113847620	1.59534785400390	0
-0.166804705740840	-1.72289174933849	-1.62972633671978	0.151953025880220	1.59592738337479	0
-0.162813262603830	-1.72026764843021	-1.62818078226172	0.152403724364596	1.59653056524410	0
-0.158711894759039	-1.71763706777889	-1.62676698654178	0.152864370120950	1.59715738986756	0
-0.154501676320780	-1.71500032479823	-1.62548578529293	0.153335116401848	1.59780785801553	0
-0.150183631883378	-1.71235774797638	-1.62433807707256	0.153816109109213	1.59848198088658	0
-0.145758736396586	-1.70970967497442	-1.62332482384904	0.154307487055617	1.59917978018846	0
-0.141227914218611	-1.70705645071764	-1.62244705263402	0.154809382280072	1.59990128839377	0
-0.136592037289943	-1.70439842543274	-1.62170585815268	0.155321920429559	1.60064654918289	0
-0.131851922344791	-1.70173595258289	-1.62110240657145	0.155845221218897	1.60141561809226	0
-0.127008327045998	-1.69906938664852	-1.62063794032901	0.156379398983448	1.60220856339238	0
-0.122061944891364	-1.69639908069569	-1.62031378414385	0.156924563341781	1.60302546722775	0
-0.117013398694269	-1.69372538366461	-1.62013135230111	0.157480819988573	1.60386642705992	0
-0.111863232383240	-1.69104863729794	-1.62009215735364	0.158048271642324	1.60473155746625	0
-0.106611900790328	-1.68836917261067	-1.62019782040765	0.158627019177898	1.60562099236206	0
-0.101259757004374	-1.68568730578058	-1.62045008320307	0.159217162980443	1.60653488773126	0
-0.0958070367350653	-1.68300333330538	-1.62085082224076	0.159818804566159	1.60747342497570	0
-0.0902538389645153	-1.68031752623009	-1.62140206525183	0.160432048525946	1.60843681502441	0
-0.0846001019306238	-1.67763012318997	-1.62210601033985	0.161057004861177	1.60942530338566	0
-0.0788455731642837	-1.67494132193455	-1.62296504813960	0.161693791796589	1.61043917638078	0
-0.0729897718531076	-1.67225126888980	-1.62398178728830	0.162342539172219	1.61147876887288	0
-0.0670319411564790	-1.66956004616515	-1.62515908331867	0.163003392531880	1.61254447390454	0
-0.0609709871579216	-1.66686765520660	-1.62650007057569	0.163676518029226	1.61363675479158	0
-0.0548053997379217	-1.66417399601918	-1.62800819551693	0.164362108238909	1.61475616039246	0
-0.0485331485095158	-1.66147884052391	-1.62968724676616	0.165060388819721	1.61590334447633	0
-0.0421515436081792	-1.65878179822471	-1.63154136990974	0.165771625533489	1.61707909028354	0
-0.0356570456905449	-1.65608227220094	-1.63357503568953	0.166496129793074	1.61828434124776	0
-0.0290450003984897	-1.65337940472228	-1.63579287421117	0.167234256706212	1.61952023734822	0
-0.0223092565967510	-1.65067202012227	-1.63819909716946	0.167986374450705	1.62078814889041	0
-0.0154415981914085	-1.64795862139812	-1.64079537424980	0.168752713416282	1.62208965788696	0
-0.0140617160128041	-1.64741880002466	-1.64133305309899	0.168906589293698	1.62235217504382	0