   0.0000000e+00   0.0000000e+00   0.0000000e+00   0.0000000e+00   0.0000000e+00   0.0000000e+00
  -2.1604052e-01  -2.5618615e-02   5.5041207e-02   1.1663922e-01  -9.4289107e-02   0.0000000e+00
  -1.9628590e-01  -2.8993637e-02   5.3803787e-02   1.1725391e-01  -9.4584567e-02   0.0000000e+00
  -1.7569144e-01  -3.0870739e-02   5.1616071e-02   1.1522892e-01  -9.2754467e-02   0.0000000e+00
  -1.5419124e-01  -3.1305858e-02   4.8385984e-02   1.1041382e-01  -8.8684191e-02   0.0000000e+00
  -1.3297275e-01  -3.0516770e-02   4.4271157e-02   1.0315575e-01  -8.2672590e-02   0.0000000e+00
  -1.1290372e-01  -2.9140172e-02   3.9526286e-02   9.4286934e-02  -7.5401064e-02   0.0000000e+00
  -9.3383740e-02  -2.5781417e-02   3.4304387e-02   8.2870535e-02  -6.6128889e-02   0.0000000e+00
  -7.6413195e-02  -2.1506821e-02   2.9280817e-02   7.0832601e-02  -5.6413077e-02   0.0000000e+00
  -6.2811608e-02  -1.7232334e-02   2.4938520e-02   5.9767433e-02  -4.7522039e-02   0.0000000e+00
  -5.2561494e-02  -1.3391950e-02   2.1499153e-02   5.0493559e-02  -4.0094600e-02   0.0000000e+00
  -4.6404319e-02  -1.0673879e-02   1.9381100e-02   4.4422457e-02  -3.5243166e-02   0.0000000e+00
  -4.3679908e-02  -9.1642583e-03   1.8452258e-02   4.1472745e-02  -3.2889580e-02   0.0000000e+00
  -4.4011636e-02  -8.5379701e-03   1.8647907e-02   4.1284336e-02  -3.2742079e-02   0.0000000e+00
  -5.0799132e-02  -1.1775496e-02   2.0990687e-02   4.8211031e-02  -3.8272901e-02   0.0000000e+00
  -6.1239493e-02  -1.7708718e-02   2.4313879e-02   5.9066723e-02  -4.6953426e-02   0.0000000e+00
  -7.4845658e-02  -2.6056521e-02   2.8210883e-02   7.2788412e-02  -5.7952354e-02   0.0000000e+00
  -9.0736255e-02  -3.6467639e-02   3.2100991e-02   8.8003741e-02  -7.0185961e-02   0.0000000e+00
  -1.0792771e-01  -4.8456554e-02   3.5420797e-02   1.0334453e-01  -8.2562921e-02   0.0000000e+00
  -1.2477615e-01  -6.0962641e-02   3.7657508e-02   1.1714386e-01  -9.3734550e-02   0.0000000e+00
  -1.4148677e-01  -7.4213845e-02   3.8724582e-02   1.2951890e-01  -1.0378465e-01   0.0000000e+00
  -1.5709983e-01  -8.7529188e-02   3.8498847e-02   1.3978530e-01  -1.1214420e-01   0.0000000e+00
  -1.7128680e-01  -1.0067198e-01   3.7046644e-02   1.4790533e-01  -1.1876774e-01   0.0000000e+00
  -1.8407587e-01  -1.1371037e-01   3.4453883e-02   1.5408875e-01  -1.2381436e-01   0.0000000e+00
  -1.9545831e-01  -1.2674809e-01   3.0775719e-02   1.5850052e-01  -1.2740949e-01   0.0000000e+00
  -2.0479602e-01  -1.3911761e-01   2.6346765e-02   1.6112943e-01  -1.2953820e-01   0.0000000e+00
  -2.1192551e-01  -1.5041228e-01   2.1562921e-02   1.6227219e-01  -1.3044174e-01   0.0000000e+00
  -2.1718151e-01  -1.6087394e-01   1.6550550e-02   1.6230856e-01  -1.3043053e-01   0.0000000e+00
  -2.2076599e-01  -1.7063267e-01   1.1408822e-02   1.6148978e-01  -1.2971083e-01   0.0000000e+00
  -2.2275161e-01  -1.7912519e-01   6.5918340e-03   1.6012312e-01  -1.2853999e-01   0.0000000e+00
  -2.2377535e-01  -1.8705781e-01   1.8188296e-03   1.5829979e-01  -1.2699371e-01   0.0000000e+00
  -2.2406592e-01  -1.9438807e-01  -2.8214105e-03   1.5613521e-01  -1.2516971e-01   0.0000000e+00
  -2.2193060e-01  -2.0065522e-01  -6.9807823e-03   1.5386994e-01  -1.2324822e-01   0.0000000e+00
  -2.1830343e-01  -2.0634133e-01  -1.0933418e-02   1.5141909e-01  -1.2116739e-01   0.0000000e+00
  -2.1367614e-01  -2.1101102e-01  -1.4352851e-02   1.4902053e-01  -1.1912993e-01   0.0000000e+00
  -2.0811180e-01  -2.1480160e-01  -1.7314003e-02   1.4666342e-01  -1.1712635e-01   0.0000000e+00
  -2.0192468e-01  -2.1762645e-01  -1.9731434e-02   1.4444647e-01  -1.1524051e-01   0.0000000e+00
  -1.9459951e-01  -2.1968987e-01  -2.1794555e-02   1.4218524e-01  -1.1331563e-01   0.0000000e+00
  -1.8670644e-01  -2.2079228e-01  -2.3336730e-02   1.4003465e-01  -1.1148473e-01   0.0000000e+00
  -1.7831271e-01  -2.2117230e-01  -2.4548465e-02   1.3783819e-01  -1.0961982e-01   0.0000000e+00
  -1.6944793e-01  -2.2090385e-01  -2.5505816e-02   1.3551030e-01  -1.0765161e-01   0.0000000e+00
  -1.6013022e-01  -2.1850407e-01  -2.5120700e-02   1.3387207e-01  -1.0625435e-01   0.0000000e+00
  -1.5037648e-01  -2.1456411e-01  -2.3907705e-02   1.3243393e-01  -1.0502743e-01   0.0000000e+00
  -1.3987999e-01  -2.0881834e-01  -2.1836617e-02   1.3099254e-01  -1.0380548e-01   0.0000000e+00
  -1.2942692e-01  -2.0149413e-01  -1.9043716e-02   1.2949441e-01  -1.0255115e-01   0.0000000e+00
  -1.1901361e-01  -1.9250251e-01  -1.5592229e-02   1.2772502e-01  -1.0109190e-01   0.0000000e+00
  -1.0866438e-01  -1.8170771e-01  -1.1547823e-02   1.2542959e-01  -9.9223450e-02   0.0000000e+00
  -9.8429707e-02  -1.6892908e-01  -6.9903037e-03   1.2229714e-01  -9.6696982e-02   0.0000000e+00
  -8.8900158e-02  -1.5481785e-01  -2.3137703e-03   1.1820078e-01  -9.3411126e-02   0.0000000e+00
  -7.9573279e-02  -1.3842472e-01   2.6172262e-03   1.1256538e-01  -8.8905336e-02   0.0000000e+00
  -7.1399051e-02  -1.2135855e-01   7.1599019e-03   1.0569059e-01  -8.3419096e-02   0.0000000e+00
  -6.4178487e-02  -1.0344268e-01   1.1285336e-02   9.7400111e-02  -7.6811399e-02   0.0000000e+00
  -5.8033071e-02  -8.5210385e-02   1.4826331e-02   8.7885932e-02  -6.9235861e-02   0.0000000e+00
  -5.3067423e-02  -6.7419126e-02   1.7674694e-02   7.7619853e-02  -6.1068852e-02   0.0000000e+00
  -4.9278544e-02  -5.0826210e-02   1.9824776e-02   6.7231717e-02  -5.2811493e-02   0.0000000e+00
  -4.6622883e-02  -3.6398037e-02   2.1328738e-02   5.7613483e-02  -4.5171731e-02   0.0000000e+00
  -4.4947871e-02  -2.5016606e-02   2.2295707e-02   4.9675197e-02  -3.8870147e-02   0.0000000e+00
  -4.3960394e-02  -1.6752738e-02   2.2883226e-02   4.3727286e-02  -3.4150623e-02   0.0000000e+00
  -4.3498316e-02  -1.2552501e-02   2.3132803e-02   4.0623079e-02  -3.1687989e-02   0.0000000e+00
  -4.3333455e-02  -1.0692022e-02   2.3245698e-02   3.9253155e-02  -3.0601452e-02   0.0000000e+00
  -4.3342467e-02  -1.5028644e-02   2.2816617e-02   4.2156780e-02  -3.2902572e-02   0.0000000e+00
  -4.2942595e-02  -2.3952728e-02   2.1608860e-02   4.7577820e-02  -3.7195678e-02   0.0000000e+00
  -4.1555831e-02  -3.5903057e-02   1.9295304e-02   5.3650610e-02  -4.1995989e-02   0.0000000e+00
  -3.8899533e-02  -5.0566534e-02   1.5472072e-02   5.9421593e-02  -4.6540575e-02   0.0000000e+00
  -3.5063520e-02  -6.6107753e-02   1.0220460e-02   6.3452523e-02  -4.9685672e-02   0.0000000e+00
  -2.9954395e-02  -8.2180736e-02   3.3915393e-03   6.5102436e-02  -5.0919518e-02   0.0000000e+00
  -2.3595353e-02  -9.8100518e-02  -4.9317352e-03   6.3772826e-02  -4.9769446e-02   0.0000000e+00
  -1.6077713e-02  -1.1323777e-01  -1.4499128e-02   5.9142123e-02  -4.5988588e-02   0.0000000e+00
  -7.6657371e-03  -1.2692295e-01  -2.4794985e-02   5.1320914e-02  -3.9679235e-02   0.0000000e+00
   1.3230268e-03  -1.3875214e-01  -3.5252993e-02   4.0809218e-02  -3.1253184e-02   0.0000000e+00
   1.0969459e-02  -1.4893809e-01  -4.5784464e-02   2.7762459e-02  -2.0842947e-02   0.0000000e+00
   2.1314189e-02  -1.5752489e-01  -5.6237698e-02   1.2317467e-02  -8.5658926e-03   0.0000000e+00
   3.1790298e-02  -1.6414498e-01  -6.5904717e-02  -4.4057612e-03   4.6844633e-03   0.0000000e+00
   4.2385266e-02  -1.6899214e-01  -7.4725190e-02  -2.2076934e-02   1.8648355e-02   0.0000000e+00
   5.2386156e-02  -1.7203359e-01  -8.2164121e-02  -3.9213314e-02   3.2160569e-02   0.0000000e+00
   6.2375654e-02  -1.7370798e-01  -8.8745091e-02  -5.6598570e-02   4.5846101e-02   0.0000000e+00
   7.2020097e-02  -1.7408861e-01  -9.4291444e-02  -7.3500208e-02   5.9134066e-02   0.0000000e+00
   8.1255348e-02  -1.7335983e-01  -9.8871377e-02  -8.9705612e-02   7.1863437e-02   0.0000000e+00
   9.0000918e-02  -1.7175867e-01  -1.0259770e-01  -1.0505705e-01   8.3915418e-02   0.0000000e+00
   9.8209586e-02  -1.6986659e-01  -1.0584969e-01  -1.1976536e-01   9.5458354e-02   0.0000000e+00
   1.0574567e-01  -1.6666557e-01  -1.0783435e-01  -1.3262480e-01   1.0555296e-01   0.0000000e+00
   1.1261565e-01  -1.6231380e-01  -1.0869904e-01  -1.4366145e-01   1.1422225e-01   0.0000000e+00
   1.1874433e-01  -1.5721475e-01  -1.0870773e-01  -1.5297998e-01   1.2154890e-01   0.0000000e+00
   1.2370368e-01  -1.5187547e-01  -1.0797237e-01  -1.5997821e-01   1.2705958e-01   0.0000000e+00
   1.2786430e-01  -1.4598142e-01  -1.0649997e-01  -1.6520799e-01   1.3118881e-01   0.0000000e+00
   1.3111242e-01  -1.3955465e-01  -1.0425145e-01  -1.6847844e-01   1.3378735e-01   0.0000000e+00
   1.3325951e-01  -1.3295892e-01  -1.0135385e-01  -1.6964619e-01   1.3474127e-01   0.0000000e+00
   1.3449434e-01  -1.2573551e-01  -9.7636990e-02  -1.6898630e-01   1.3426957e-01   0.0000000e+00
   1.3531888e-01  -1.1811596e-01  -9.3583432e-02  -1.6784852e-01   1.3342921e-01   0.0000000e+00
   1.3382565e-01  -1.1021860e-01  -8.8042771e-02  -1.6237030e-01   1.2919532e-01   0.0000000e+00
   1.3007305e-01  -1.0255480e-01  -8.1335072e-02  -1.5316781e-01   1.2204806e-01   0.0000000e+00
   1.2460553e-01  -9.5080631e-02  -7.3777058e-02  -1.4166550e-01   1.1310301e-01   0.0000000e+00
   1.1685450e-01  -8.7199778e-02  -6.4709306e-02  -1.2716789e-01   1.0181903e-01   0.0000000e+00
   1.0708464e-01  -7.9392084e-02  -5.4614102e-02  -1.1076064e-01   8.9038003e-02   0.0000000e+00
   9.5865783e-02  -7.2004881e-02  -4.4087396e-02  -9.3760884e-02   7.5781949e-02   0.0000000e+00
   8.2503903e-02  -6.4538905e-02  -3.2555334e-02  -7.5517008e-02   6.1536395e-02   0.0000000e+00
   6.7604905e-02  -5.7324873e-02  -2.0671139e-02  -5.7281968e-02   4.7271997e-02   0.0000000e+00
   5.1079691e-02  -5.0268851e-02  -8.4790750e-03  -3.9250690e-02   3.3134732e-02   0.0000000e+00
   3.4560503e-02  -4.3964753e-02   2.7903333e-03  -2.3209013e-02   2.0523655e-02   0.0000000e+00
   1.7965662e-02  -3.8234826e-02   1.3262208e-02  -8.8398096e-03   9.1943391e-03   0.0000000e+00
   1.9782891e-03  -3.3225826e-02   2.2587281e-02   3.5482973e-03  -6.0310356e-04   0.0000000e+00
  -1.2699963e-02  -2.9056012e-02   3.0513650e-02   1.3813385e-02  -8.7463534e-03   0.0000000e+00
  -2.5061292e-02  -2.5873485e-02   3.6730863e-02   2.1730145e-02  -1.5044312e-02   0.0000000e+00
  -3.4368116e-02  -2.3693512e-02   4.1141441e-02   2.7302170e-02  -1.9487184e-02   0.0000000e+00
  -4.0160604e-02  -2.2382834e-02   4.3775597e-02   3.0582017e-02  -2.2106830e-02   0.0000000e+00
  -4.2541436e-02  -2.1755262e-02   4.4841033e-02   3.1823885e-02  -2.3100102e-02   0.0000000e+00
  -4.1158081e-02  -2.0965245e-02   4.4307907e-02   3.0341880e-02  -2.1920486e-02   0.0000000e+00
  -3.3154688e-02  -2.0949707e-02   4.0820967e-02   2.4626303e-02  -1.7364766e-02   0.0000000e+00
  -2.1328174e-02  -2.0756585e-02   3.5451462e-02   1.5551086e-02  -1.0146715e-02   0.0000000e+00
  -6.0722549e-03  -1.9756640e-02   2.8205447e-02   2.4215051e-03   2.6624701e-04   0.0000000e+00
   1.1542001e-02  -1.7628022e-02   1.9435340e-02  -1.4715354e-02   1.3814685e-02   0.0000000e+00
   3.1204075e-02  -1.4103259e-02   9.1975422e-03  -3.6363880e-02   3.0875623e-02   0.0000000e+00
   5.2047585e-02  -9.1804941e-03  -2.0993950e-03  -6.2244825e-02   5.1211157e-02   0.0000000e+00
   7.2837607e-02  -3.5306255e-03  -1.3796377e-02  -9.0919948e-02   7.3684341e-02   0.0000000e+00
   9.3427838e-02   4.3469231e-03  -2.5447875e-02  -1.2335256e-01   9.9069008e-02   0.0000000e+00
   1.1277867e-01   1.3801021e-02  -3.6356247e-02  -1.5774326e-01   1.2597730e-01   0.0000000e+00
   1.3035103e-01   2.4036752e-02  -4.6149090e-02  -1.9249944e-01   1.5319255e-01   0.0000000e+00
   1.4710919e-01   3.5498490e-02  -5.5260636e-02  -2.2926557e-01   1.8204173e-01   0.0000000e+00
   1.6156050e-01   4.7008040e-02  -6.2813311e-02  -2.6435253e-01   2.0966772e-01   0.0000000e+00
   1.7459277e-01   5.9036301e-02  -6.9251279e-02  -2.9930095e-01   2.3731431e-01   0.0000000e+00
   1.8566755e-01   7.0908718e-02  -7.4312168e-02  -3.3214865e-01   2.6345374e-01   0.0000000e+00
   1.9498184e-01   8.2569656e-02  -7.8141520e-02  -3.6278246e-01   2.8800121e-01   0.0000000e+00
   2.0266460e-01   9.3979602e-02  -8.0857095e-02  -3.9103999e-01   3.1082299e-01   0.0000000e+00
   2.0848393e-01   1.0446468e-01  -8.2488591e-02  -4.1530234e-01   3.3058342e-01   0.0000000e+00
   2.1297848e-01   1.1473361e-01  -8.3291439e-02  -4.3718036e-01   3.4856093e-01   0.0000000e+00
   2.1594864e-01   1.2405735e-01  -8.3333569e-02  -4.5511765e-01   3.6343871e-01   0.0000000e+00
   2.1766629e-01   1.3246442e-01  -8.2816984e-02  -4.6950958e-01   3.7548886e-01   0.0000000e+00
   2.1886645e-01   1.4064928e-01  -8.2082581e-02  -4.8282122e-01   3.8671638e-01   0.0000000e+00
   2.1839567e-01   1.4761185e-01  -8.0617347e-02  -4.9089660e-01   3.9365404e-01   0.0000000e+00
   2.1584727e-01   1.5285519e-01  -7.8265790e-02  -4.9199240e-01   3.9480579e-01   0.0000000e+00
   2.1182152e-01   1.5689910e-01  -7.5253954e-02  -4.8829899e-01   3.9198405e-01   0.0000000e+00
   2.0637579e-01   1.5957477e-01  -7.1559607e-02  -4.7989741e-01   3.8526932e-01   0.0000000e+00
   1.9989244e-01   1.6072467e-01  -6.7339866e-02  -4.6764122e-01   3.7538808e-01   0.0000000e+00
   1.9197007e-01   1.6038985e-01  -6.2230908e-02  -4.5102742e-01   3.6198503e-01   0.0000000e+00
   1.8248921e-01   1.5838027e-01  -5.6056464e-02  -4.2998707e-01   3.4505893e-01   0.0000000e+00
   1.7195056e-01   1.5478258e-01  -4.9055709e-02  -4.0602174e-01   3.2586841e-01   0.0000000e+00
   1.5971038e-01   1.4953439e-01  -4.0741642e-02  -3.7833480e-01   3.0382145e-01   0.0000000e+00
   1.4637564e-01   1.4350750e-01  -3.1531850e-02  -3.4952729e-01   2.8102660e-01   0.0000000e+00
   1.3197799e-01   1.3440220e-01  -2.1326796e-02  -3.1709515e-01   2.5544315e-01   0.0000000e+00
   1.1644373e-01   1.2300429e-01  -1.0140290e-02  -2.8235061e-01   2.2813797e-01   0.0000000e+00
   9.9786159e-02   1.0958520e-01   1.9275018e-03  -2.4604720e-01   1.9969697e-01   0.0000000e+00
   8.1911030e-02   9.4049970e-02   1.4829915e-02  -2.0837232e-01   1.7024279e-01   0.0000000e+00
   6.3511911e-02   7.6991597e-02   2.7918014e-02  -1.7107326e-01   1.4110871e-01   0.0000000e+00
   4.5125635e-02   5.8953391e-02   4.0657436e-02  -1.3534335e-01   1.1319331e-01   0.0000000e+00
   2.7654424e-02   4.0896168e-02   5.2314934e-02  -1.0281264e-01   8.7746409e-02   0.0000000e+00
   1.0954566e-02   2.2790697e-02   6.2918685e-02  -7.3028625e-02   6.4403439e-02   0.0000000e+00
  -3.7235146e-03   6.1088050e-03   7.1694691e-02  -4.7883349e-02   4.4650457e-02   0.0000000e+00
  -1.6392019e-02  -8.9730168e-03   7.8770537e-02  -2.6933068e-02   2.8153776e-02   0.0000000e+00
  -2.6956200e-02  -2.2169675e-02   8.4248864e-02  -9.9530283e-03   1.4753497e-02   0.0000000e+00
  -3.4819159e-02  -3.2493774e-02   8.8031798e-02   2.4469935e-03   4.9492907e-03   0.0000000e+00
  -3.9819315e-02  -3.9375100e-02   9.0284527e-02   1.0266205e-02  -1.2413788e-03   0.0000000e+00
  -4.2174837e-02  -4.2687255e-02   9.1299927e-02   1.3916833e-02  -4.1339169e-03   0.0000000e+00
  -4.2990108e-02  -4.3356643e-02   9.1656818e-02   1.4865285e-02  -4.8858214e-03   0.0000000e+00
  -3.9869017e-02  -3.7454083e-02   9.0335547e-02   9.0464160e-03  -2.7567132e-04   0.0000000e+00
  -3.4434617e-02  -2.6794869e-02   8.7833314e-02  -1.6780531e-03   8.2130811e-03   0.0000000e+00
  -2.7802500e-02  -1.2509629e-02   8.4387039e-02  -1.6295376e-02   1.9768369e-02   0.0000000e+00
  -2.0349381e-02   5.3978061e-03   7.9884048e-02  -3.5076038e-02   3.4594038e-02   0.0000000e+00
  -1.2789555e-02   2.5974384e-02   7.4454316e-02  -5.7319230e-02   5.2129536e-02   0.0000000e+00
  -5.7759215e-03   4.7938565e-02   6.8384772e-02  -8.1846914e-02   7.1445688e-02   0.0000000e+00
   5.2924364e-04   7.1155212e-02   6.1715656e-02  -1.0862767e-01   9.2523823e-02   0.0000000e+00
   5.8237988e-03   9.4807865e-02   5.4716173e-02  -1.3677874e-01   1.1468089e-01   0.0000000e+00
   9.9830249e-03   1.1850414e-01   4.7568045e-02  -1.6580957e-01   1.3754737e-01   0.0000000e+00
   1.2913472e-02   1.4167740e-01   4.0514552e-02  -1.9495108e-01   1.6053624e-01   0.0000000e+00
   1.4648389e-02   1.6318850e-01   3.3938027e-02  -2.2267487e-01   1.8245526e-01   0.0000000e+00
   1.5899309e-02   1.8321361e-01   2.7594801e-02  -2.4945201e-01   2.0367316e-01   0.0000000e+00
   1.5491262e-02   2.0136022e-01   2.2243295e-02  -2.7358041e-01   2.2287752e-01   0.0000000e+00
   1.3117687e-02   2.1751643e-01   1.8105652e-02  -2.9436614e-01   2.3952251e-01   0.0000000e+00
   9.6613323e-03   2.3114325e-01   1.5021791e-02  -3.1143810e-01   2.5327585e-01   0.0000000e+00
   5.0722379e-03   2.4308309e-01   1.2776737e-02  -3.2574590e-01   2.6488576e-01   0.0000000e+00
  -3.2439538e-04   2.5272659e-01   1.1479885e-02  -3.3645559e-01   2.7366068e-01   0.0000000e+00
  -6.4108433e-03   2.6024918e-01   1.1060225e-02  -3.4376393e-01   2.7974081e-01   0.0000000e+00
  -1.3110870e-02   2.6578735e-01   1.1468640e-02  -3.4783826e-01   2.8324776e-01   0.0000000e+00
  -2.0390514e-02   2.6942975e-01   1.2683715e-02  -3.4879242e-01   2.8426554e-01   0.0000000e+00
  -2.7637720e-02   2.7114588e-01   1.4528985e-02  -3.4694969e-01   2.8303087e-01   0.0000000e+00
  -3.5319168e-02   2.7132870e-01   1.7038709e-02  -3.4263781e-01   2.7982428e-01   0.0000000e+00
  -4.2907116e-02   2.7072378e-01   1.9748799e-02  -3.3736032e-01   2.7583791e-01   0.0000000e+00
  -5.0394301e-02   2.6838086e-01   2.3069244e-02  -3.2965577e-01   2.6990305e-01   0.0000000e+00
  -5.7876407e-02   2.6299335e-01   2.7600349e-02  -3.1752903e-01   2.6043326e-01   0.0000000e+00
  -6.5228974e-02   2.5554402e-01   3.2911269e-02  -3.0268987e-01   2.4880582e-01   0.0000000e+00
  -7.1980936e-02   2.4652559e-01   3.8663968e-02  -2.8621363e-01   2.3587391e-01   0.0000000e+00
  -7.8573736e-02   2.3512437e-01   4.5324874e-02  -2.6683177e-01   2.2064821e-01   0.0000000e+00
  -8.4458677e-02   2.2185866e-01   5.2500402e-02  -2.4571262e-01   2.0405012e-01   0.0000000e+00
  -8.9541335e-02   2.0665326e-01   6.0160728e-02  -2.2294724e-01   1.8615338e-01   0.0000000e+00
  -9.3513680e-02   1.9030540e-01   6.7844549e-02  -1.9986890e-01   1.6800607e-01   0.0000000e+00
  -9.6547445e-02   1.7190619e-01   7.5890745e-02  -1.7536472e-01   1.4873136e-01   0.0000000e+00
  -9.8465239e-02   1.5235589e-01   8.3794759e-02  -1.5082149e-01   1.2941754e-01   0.0000000e+00
  -9.9600709e-02   1.3162049e-01   9.1545313e-02  -1.2621105e-01   1.1004333e-01   0.0000000e+00
  -9.9890670e-02   1.0966815e-01   9.8999108e-02  -1.0168969e-01   9.0727124e-02   0.0000000e+00
  -9.7456487e-02   8.6638680e-02   1.0540098e-01  -7.8304370e-02   7.2271400e-02   0.0000000e+00
  -9.3260155e-02   6.3388532e-02   1.1053324e-01  -5.6774221e-02   5.5257099e-02   0.0000000e+00
  -8.7579051e-02   4.0690427e-02   1.1410786e-01  -3.7837375e-02   4.0273965e-02   0.0000000e+00
  -8.0841575e-02   1.9600359e-02   1.1596136e-01  -2.2246240e-02   2.7925342e-02   0.0000000e+00
  -7.3604998e-02   1.0270674e-03   1.1621312e-01  -1.0324313e-02   1.8475683e-02   0.0000000e+00
  -6.6232445e-02  -1.4954175e-02   1.1519729e-01  -1.6448718e-03   1.1592919e-02   0.0000000e+00
  -5.9033990e-02  -2.8358401e-02   1.1328194e-01   4.2822323e-03   6.8916986e-03   0.0000000e+00
  -5.2700208e-02  -3.8607890e-02   1.1100564e-01   7.7766958e-03   4.1197130e-03   0.0000000e+00
  -4.7837943e-02  -4.5492208e-02   1.0895457e-01   9.4482366e-03   2.7934772e-03   0.0000000e+00
  -4.4790419e-02  -4.9252521e-02   1.0755920e-01   1.0000132e-02   2.3551715e-03   0.0000000e+00
  -4.3175417e-02  -5.0924951e-02   1.0679345e-01   1.0052743e-02   2.3128875e-03   0.0000000e+00
  -4.4526583e-02  -4.9007885e-02   1.0743920e-01   9.6825850e-03   2.6065987e-03   0.0000000e+00
  -5.0105010e-02  -4.3631124e-02   1.0995692e-01   9.5880274e-03   2.6838821e-03   0.0000000e+00
  -5.9068402e-02  -3.5778820e-02   1.1364073e-01   9.4595148e-03   2.7894757e-03   0.0000000e+00
  -7.0738097e-02  -2.6350263e-02   1.1784914e-01   9.0260820e-03   3.1378114e-03   0.0000000e+00
  -8.4319299e-02  -1.6160160e-02   1.2200100e-01   8.0516799e-03   3.9160778e-03   0.0000000e+00
  -1.0050282e-01  -4.8778796e-03   1.2601160e-01   6.2380780e-03   5.3619507e-03   0.0000000e+00
  -1.1750489e-01   6.0815619e-03   1.2924749e-01   3.6618601e-03   7.4150560e-03   0.0000000e+00
  -1.3513601e-01   1.6546744e-02   1.3166183e-01   3.7641432e-04   1.0033861e-02   0.0000000e+00
  -1.5323918e-01   2.6307546e-02   1.3326630e-01  -3.4749603e-03   1.3105354e-02   0.0000000e+00
  -1.7102680e-01   3.4865687e-02   1.3409377e-01  -7.5568840e-03   1.6363108e-02   0.0000000e+00
  -1.8835340e-01   4.2111962e-02   1.3429362e-01  -1.1626002e-02   1.9613856e-02   0.0000000e+00
  -2.0470665e-01   4.7828466e-02   1.3403022e-01  -1.5355563e-02   2.2597404e-02   0.0000000e+00
  -2.1998637e-01   5.2035269e-02   1.3347061e-01  -1.8554905e-02   2.5161824e-02   0.0000000e+00
  -2.3425893e-01   5.4833819e-02   1.3274057e-01  -2.1129928e-02   2.7232006e-02   0.0000000e+00
  -2.4755106e-01   5.6457438e-02   1.3189480e-01  -2.3151497e-02   2.8863276e-02   0.0000000e+00
  -2.5913983e-01   5.7620185e-02   1.3088353e-01  -2.5107927e-02   3.0439221e-02   0.0000000e+00
  -2.6917077e-01   5.6296059e-02   1.3040295e-01  -2.4913589e-02   3.0311927e-02   0.0000000e+00
  -2.7837375e-01   5.3169560e-02   1.3026557e-01  -2.3208021e-02   2.8987275e-02   0.0000000e+00
  -2.8614626e-01   4.8879314e-02   1.3040580e-01  -2.0455885e-02   2.6830319e-02   0.0000000e+00
  -2.9259376e-01   4.3631312e-02   1.3080701e-01  -1.6803251e-02   2.3956589e-02   0.0000000e+00
  -2.9772644e-01   3.7664188e-02   1.3144516e-01  -1.2426429e-02   2.0505495e-02   0.0000000e+00
  -3.0175243e-01   3.0919819e-02   1.3232406e-01  -7.2898949e-03   1.6449405e-02   0.0000000e+00
  -3.0463920e-01   2.3543260e-02   1.3342503e-01  -1.5090136e-03   1.1879579e-02   0.0000000e+00
  -3.0642915e-01   1.5609968e-02   1.3472629e-01   4.8384130e-03   6.8577845e-03   0.0000000e+00
  -3.0738427e-01   7.1841539e-03   1.3615592e-01   1.1619662e-02   1.4893930e-03   0.0000000e+00
  -3.0756405e-01  -1.7038247e-03   1.3767967e-01   1.8770848e-02  -4.1747284e-03   0.0000000e+00
  -3.0520423e-01  -1.0334215e-02   1.3952913e-01   2.6142693e-02  -1.0015303e-02   0.0000000e+00
  -3.0105998e-01  -1.9305284e-02   1.4161708e-01   3.3974021e-02  -1.6220498e-02   0.0000000e+00
  -2.9495556e-01  -2.8569141e-02   1.4389800e-01   4.2172891e-02  -2.2715917e-02   0.0000000e+00
  -2.8716451e-01  -3.7408136e-02   1.4615056e-01   5.0047761e-02  -2.8951428e-02   0.0000000e+00
  -2.7758681e-01  -4.5797048e-02   1.4830135e-01   5.7499931e-02  -3.4846039e-02   0.0000000e+00
  -2.6610158e-01  -5.3643336e-02   1.5023712e-01   6.4347391e-02  -4.0251982e-02   0.0000000e+00
  -2.5257565e-01  -6.0806182e-02   1.5180097e-01   7.0332644e-02  -4.4960849e-02   0.0000000e+00
  -2.3683214e-01  -6.7102121e-02   1.5278702e-01   7.5119457e-02  -4.8700973e-02   0.0000000e+00
  -2.1964209e-01  -7.2072898e-02   1.5294355e-01   7.8160579e-02  -5.1037594e-02   0.0000000e+00
  -2.0099132e-01  -7.5666938e-02   1.5210584e-01   7.9238885e-02  -5.1796988e-02   0.0000000e+00
  -1.8077851e-01  -7.7802623e-02   1.5007804e-01   7.8068688e-02  -5.0752472e-02   0.0000000e+00
  -1.5982683e-01  -7.8369058e-02   1.4679965e-01   7.4486070e-02  -4.7782603e-02   0.0000000e+00
  -1.3780734e-01  -7.7460068e-02   1.4211111e-01   6.8300466e-02  -4.2741630e-02   0.0000000e+00
  -1.1729433e-01  -7.5823730e-02   1.3662816e-01   6.0630135e-02  -3.6540964e-02   0.0000000e+00
  -9.8250821e-02  -7.2500409e-02   1.3063032e-01   5.1188267e-02  -2.8958958e-02   0.0000000e+00
  -8.0604556e-02  -6.7751375e-02   1.2432202e-01   4.0331109e-02  -2.0283360e-02   0.0000000e+00
  -6.6291900e-02  -6.2912516e-02   1.1868389e-01   3.0105174e-02  -1.2141809e-02   0.0000000e+00
  -5.5237868e-02  -5.8469791e-02   1.1401663e-01   2.1249211e-02  -5.1099632e-03   0.0000000e+00
  -4.7882865e-02  -5.5023278e-02   1.1076322e-01   1.4788775e-02   1.0198652e-05   0.0000000e+00
  -4.4301869e-02  -5.3002524e-02   1.0913858e-01   1.1350443e-02   2.7323176e-03   0.0000000e+00
  -4.3011483e-02  -5.1797860e-02   1.0855125e-01   9.8005124e-03   3.9589613e-03   0.0000000e+00
  -4.8125321e-02  -5.3977020e-02   1.1089041e-01   1.4287135e-02   4.0790703e-04   0.0000000e+00
  -5.7678336e-02  -5.9744108e-02   1.1507001e-01   2.3420000e-02  -6.8310883e-03   0.0000000e+00
  -7.0560551e-02  -6.8160238e-02   1.2031357e-01   3.5474895e-02  -1.6407240e-02   0.0000000e+00
  -8.5810233e-02  -7.8743573e-02   1.2588755e-01   4.9121176e-02  -2.7277826e-02   0.0000000e+00
  -1.0233225e-01  -9.0856697e-02   1.3106994e-01   6.3021265e-02  -3.8385508e-02   0.0000000e+00
  -1.1986474e-01  -1.0443615e-01   1.3547437e-01   7.6673270e-02  -4.9331071e-02   0.0000000e+00
  -1.3677951e-01  -1.1832402e-01   1.3850271e-01   8.8695144e-02  -5.9000360e-02   0.0000000e+00
  -1.5303240e-01  -1.3255488e-01   1.4009432e-01   9.9101983e-02  -6.7393825e-02   0.0000000e+00
  -1.6768308e-01  -1.4634659e-01   1.4020693e-01   1.0742999e-01  -7.4124936e-02   0.0000000e+00
  -1.8090814e-01  -1.5990233e-01   1.3897301e-01   1.1399219e-01  -7.9435208e-02   0.0000000e+00
  -1.9271429e-01  -1.7332833e-01   1.3647368e-01   1.1896109e-01  -8.3455635e-02   0.0000000e+00
  -2.0248185e-01  -1.8595005e-01   1.3300719e-01   1.2229081e-01  -8.6143236e-02   0.0000000e+00
  -2.1023603e-01  -1.9769803e-01   1.2884976e-01   1.2425925e-01  -8.7720164e-02   0.0000000e+00
  -2.1605571e-01  -2.0850180e-01   1.2427189e-01   1.2513584e-01  -8.8404211e-02   0.0000000e+00
  -2.2017130e-01  -2.1854972e-01   1.1939576e-01   1.2516708e-01  -8.8395294e-02   0.0000000e+00
  -2.2272366e-01  -2.2788616e-01   1.1435145e-01   1.2452644e-01  -8.7835105e-02   0.0000000e+00
  -2.2393552e-01  -2.3596774e-01   1.0959552e-01   1.2344793e-01  -8.6919027e-02   0.0000000e+00
  -2.2468615e-01  -2.4343991e-01   1.0488048e-01   1.2200975e-01  -8.5713695e-02   0.0000000e+00
  -2.2314365e-01  -2.4981029e-01   1.0059388e-01   1.2040393e-01  -8.4363158e-02   0.0000000e+00
  -2.1992922e-01  -2.5561202e-01   9.6442976e-02   1.1858266e-01  -8.2830878e-02   0.0000000e+00
  -2.1569250e-01  -2.6039308e-01   9.2789957e-02   1.1674067e-01  -8.1282368e-02   0.0000000e+00
  -2.1035331e-01  -2.6441742e-01   8.9464290e-02   1.1482159e-01  -7.9669992e-02   0.0000000e+00
  -2.0435539e-01  -2.6744097e-01   8.6686980e-02   1.1297213e-01  -7.8116883e-02   0.0000000e+00
  -1.9721291e-01  -2.6969617e-01   8.4235741e-02   1.1104101e-01  -7.6496099e-02   0.0000000e+00
  -1.8947605e-01  -2.7096027e-01   8.2314094e-02   1.0916707e-01  -7.4924809e-02   0.0000000e+00
  -1.8121472e-01  -2.7137247e-01   8.0799772e-02   1.0727547e-01  -7.3342300e-02   0.0000000e+00
  -1.7248371e-01  -2.7137503e-01   7.9307881e-02   1.0512065e-01  -7.1549112e-02   0.0000000e+00
  -1.6329898e-01  -2.6940812e-01   7.9087381e-02   1.0342134e-01  -7.0131560e-02   0.0000000e+00
  -1.5367112e-01  -2.6580223e-01   7.9787428e-02   1.0190843e-01  -6.8870738e-02   0.0000000e+00
  -1.4374933e-01  -2.6069621e-01   8.1219271e-02   1.0040916e-01  -6.7627696e-02   0.0000000e+00
  -1.3304942e-01  -2.5359036e-01   8.3470060e-02   9.8704605e-02  -6.6225795e-02   0.0000000e+00
  -1.2239570e-01  -2.4475347e-01   8.6361168e-02   9.6731554e-02  -6.4618095e-02   0.0000000e+00
  -1.1182178e-01  -2.3405865e-01   8.9788028e-02   9.4263341e-02  -6.2623350e-02   0.0000000e+00
  -1.0138032e-01  -2.2135527e-01   9.3614743e-02   9.1021593e-02  -6.0019248e-02   0.0000000e+00
  -9.1652229e-02  -2.0722695e-01   9.7486199e-02   8.6925227e-02  -5.6741709e-02   0.0000000e+00
  -8.2127362e-02  -1.9078284e-01   1.0142722e-01   8.1440502e-02  -5.2364434e-02   0.0000000e+00
  -7.3775351e-02  -1.7364017e-01   1.0488034e-01   7.4900108e-02  -4.7153464e-02   0.0000000e+00
  -6.6000101e-02  -1.5461486e-01   1.0794470e-01   6.6685428e-02  -4.0616720e-02   0.0000000e+00
  -5.9516704e-02  -1.3557693e-01   1.1023535e-01   5.7503686e-02  -3.3318136e-02   0.0000000e+00
  -5.4148965e-02  -1.1652139e-01   1.1179984e-01   4.7410121e-02  -2.5302360e-02   0.0000000e+00
  -5.0092046e-02  -9.8921242e-02   1.1264555e-01   3.7339760e-02  -1.7311947e-02   0.0000000e+00
  -4.7205122e-02  -8.3461583e-02   1.1295433e-01   2.7947231e-02  -9.8649509e-03   0.0000000e+00
  -4.5265631e-02  -7.0479308e-02   1.1292987e-01   1.9698021e-02  -3.3284414e-03   0.0000000e+00
  -4.4170261e-02  -6.1379129e-02   1.1277064e-01   1.3732105e-02   1.3967511e-03   0.0000000e+00
  -4.3616814e-02  -5.6199724e-02   1.1261780e-01   1.0255244e-02   4.1497907e-03   0.0000000e+00
  -4.3391624e-02  -5.3915339e-02   1.1253782e-01   8.7051758e-03   5.3769972e-03   0.0000000e+00
  -4.3390917e-02  -5.6187258e-02   1.1251165e-01   1.0108121e-02   4.2661093e-03   0.0000000e+00
  -4.3196873e-02  -6.4503173e-02   1.1220751e-01   1.4973186e-02   4.1338767e-04   0.0000000e+00
  -4.2114984e-02  -7.6167518e-02   1.1106300e-01   2.0869041e-02  -4.2557781e-03   0.0000000e+00
  -3.9820410e-02  -9.0688064e-02   1.0858325e-01   2.6853258e-02  -8.9925874e-03   0.0000000e+00
  -3.6174924e-02  -1.0698914e-01   1.0439211e-01   3.1756048e-02  -1.2866727e-02   0.0000000e+00
  -3.1165905e-02  -1.2389650e-01   9.8312513e-02   3.4564807e-02  -1.5073119e-02   0.0000000e+00
  -2.4836095e-02  -1.4052396e-01   9.0338194e-02   3.4615386e-02  -1.5085762e-02   0.0000000e+00
  -1.7577978e-02  -1.5562258e-01   8.1026150e-02   3.1710993e-02  -1.2754547e-02   0.0000000e+00
  -9.3552247e-03  -1.6927323e-01   7.0471182e-02   2.5863609e-02  -8.0962039e-03   0.0000000e+00
  -4.8221042e-04  -1.8100283e-01   5.9258767e-02   1.7402462e-02  -1.3814293e-03   0.0000000e+00
   9.0582756e-03  -1.9093543e-01   4.7568120e-02   6.4951481e-03   7.2483774e-03   0.0000000e+00
   1.9299440e-02  -1.9912503e-01   3.5568597e-02  -6.7486407e-03   1.7698074e-02   0.0000000e+00
   2.9674766e-02  -2.0524853e-01   2.4094790e-02  -2.1358499e-02   2.9197022e-02   0.0000000e+00
   4.0164155e-02  -2.0952752e-01   1.3267262e-02  -3.7016642e-02   4.1494220e-02   0.0000000e+00
   5.0072221e-02  -2.1199891e-01   3.8005703e-03  -5.2392784e-02   5.3548089e-02   0.0000000e+00
   6.0339515e-02  -2.1310226e-01  -5.2070461e-03  -6.8745792e-02   6.6348801e-02   0.0000000e+00
   7.0178720e-02  -2.1284313e-01  -1.3043314e-02  -8.4670810e-02   7.8800060e-02   0.0000000e+00
   7.9599108e-02  -2.1144373e-01  -1.9808632e-02  -1.0005268e-01   9.0816926e-02   0.0000000e+00
   8.8527016e-02  -2.0913966e-01  -2.5579181e-02  -1.1471107e-01   1.0226285e-01   0.0000000e+00
   9.6922136e-02  -2.0645849e-01  -3.0710402e-02  -1.2877343e-01   1.1323960e-01   0.0000000e+00
   1.0466859e-01  -2.0283249e-01  -3.4623001e-02  -1.4147299e-01   1.2315467e-01   0.0000000e+00
   1.1172616e-01  -1.9795426e-01  -3.7047015e-02  -1.5237787e-01   1.3167553e-01   0.0000000e+00
   1.1762925e-01  -1.9278422e-01  -3.8335392e-02  -1.6110940e-01   1.3850505e-01   0.0000000e+00
   1.2282957e-01  -1.8708105e-01  -3.8710414e-02  -1.6836912e-01   1.4419219e-01   0.0000000e+00
   1.2724507e-01  -1.8087983e-01  -3.8145177e-02  -1.7400856e-01   1.4862195e-01   0.0000000e+00
   1.3075367e-01  -1.7421464e-01  -3.6578680e-02  -1.7782458e-01   1.5163662e-01   0.0000000e+00
   1.3313930e-01  -1.6745602e-01  -3.4095036e-02  -1.7960628e-01   1.5307021e-01   0.0000000e+00
   1.3456387e-01  -1.6017987e-01  -3.0576250e-02  -1.7959010e-01   1.5311061e-01   0.0000000e+00
   1.3544945e-01  -1.5260365e-01  -2.6604088e-02  -1.7888449e-01   1.5262021e-01   0.0000000e+00
   1.3452404e-01  -1.4471119e-01  -2.1015359e-02  -1.7505138e-01   1.4970339e-01   0.0000000e+00
   1.3108473e-01  -1.3732873e-01  -1.3692552e-02  -1.6720027e-01   1.4366221e-01   0.0000000e+00
   1.2579335e-01  -1.3012768e-01  -5.1033922e-03  -1.5691568e-01   1.3573283e-01   0.0000000e+00
   1.1861975e-01  -1.2305369e-01   4.7338611e-03  -1.4452108e-01   1.2616689e-01   0.0000000e+00
   1.0956312e-01  -1.1611968e-01   1.5710106e-02  -1.3043381e-01   1.1528653e-01   0.0000000e+00
   9.8499408e-02  -1.0925148e-01   2.7826717e-02  -1.1491451e-01   1.0329103e-01   0.0000000e+00
   8.5272683e-02  -1.0238121e-01   4.1051195e-02  -9.8255089e-02   9.0401979e-02   0.0000000e+00
   7.0479817e-02  -9.5785255e-02   5.4614294e-02  -8.1611044e-02   7.7508659e-02   0.0000000e+00
   5.4071250e-02  -8.9366707e-02   6.8421844e-02  -6.5205788e-02   6.4780140e-02   0.0000000e+00
   3.7754385e-02  -8.3654534e-02   8.1033628e-02  -5.0731283e-02   5.3528867e-02   0.0000000e+00
   2.0403727e-02  -7.8168361e-02   9.3337641e-02  -3.7077088e-02   4.2893181e-02   0.0000000e+00
   3.8665933e-03  -7.3424883e-02   1.0408145e-01  -2.5520788e-02   3.3871467e-02   0.0000000e+00
  -1.1093248e-02  -6.9528083e-02   1.1302161e-01  -1.6139112e-02   2.6531283e-02   0.0000000e+00
  -2.3760156e-02  -6.6544928e-02   1.2004018e-01  -8.8888623e-03   2.0847154e-02   0.0000000e+00
  -3.3374139e-02  -6.4488044e-02   1.2504335e-01  -3.7623670e-03   1.6821164e-02   0.0000000e+00
  -3.9548351e-02  -6.3232274e-02   1.2811372e-01  -6.4659071e-04   1.4371327e-02   0.0000000e+00
  -4.2258574e-02  -6.2571040e-02   1.2942629e-01   6.0230146e-04   1.3389069e-02   0.0000000e+00
  -4.2036382e-02  -6.1785474e-02   1.2931514e-01  -1.1187779e-05   1.3874113e-02   0.0000000e+00
  -3.5179478e-02  -6.1444959e-02   1.2595580e-01  -4.4499842e-03   1.7369338e-02   0.0000000e+00
  -2.3935462e-02  -6.1004595e-02   1.2020465e-01  -1.2054878e-02   2.3348617e-02   0.0000000e+00
  -9.1689745e-03  -5.9664392e-02   1.1221128e-01  -2.3276142e-02   3.2155741e-02   0.0000000e+00
   8.1305632e-03  -5.7060836e-02   1.0225097e-01  -3.8201333e-02   4.3845387e-02   0.0000000e+00
   2.7678226e-02  -5.2864536e-02   9.0280262e-02  -5.7398089e-02   5.8846501e-02   0.0000000e+00
   4.8311883e-02  -4.7104918e-02   7.6888151e-02  -8.0398392e-02   7.6779893e-02   0.0000000e+00
   7.0026567e-02  -4.0074355e-02   6.2006304e-02  -1.0751366e-01   9.7877593e-02   0.0000000e+00
   9.0604188e-02  -3.1226822e-02   4.7342464e-02  -1.3695227e-01   1.2076297e-01   0.0000000e+00
   1.1039151e-01  -2.0319345e-02   3.2848710e-02  -1.6921353e-01   1.4584472e-01   0.0000000e+00
   1.2837728e-01  -8.5433214e-03   1.9397703e-02  -2.0209139e-01   1.7142985e-01   0.0000000e+00
   1.4473385e-01   3.9343005e-03   7.0170658e-03  -2.3538968e-01   1.9739590e-01   0.0000000e+00
   1.5957478e-01   1.7014875e-02  -4.2595569e-03  -2.6893305e-01   2.2363888e-01   0.0000000e+00
   1.7295857e-01   3.0622270e-02  -1.4385958e-02  -3.0251292e-01   2.5003021e-01   0.0000000e+00
   1.8434645e-01   4.3994349e-02  -2.2896881e-02  -3.3424552e-01   2.7511315e-01   0.0000000e+00
   1.9392593e-01   5.7044282e-02  -2.9913180e-02  -3.6393937e-01   2.9874276e-01   0.0000000e+00
   2.0185741e-01   6.9740823e-02  -3.5558635e-02  -3.9147448e-01   3.2082175e-01   0.0000000e+00
   2.0788780e-01   8.1309453e-02  -3.9691684e-02  -4.1519090e-01   3.3999452e-01   0.0000000e+00
   2.1260217e-01   9.2555449e-02  -4.2761626e-02  -4.3671741e-01   3.5754776e-01   0.0000000e+00
   2.1578779e-01   1.0267717e-01  -4.4680955e-02  -4.5449633e-01   3.7217769e-01   0.0000000e+00
   2.1773984e-01   1.1194596e-01  -4.5699976e-02  -4.6918741e-01   3.8438022e-01   0.0000000e+00
   2.1897711e-01   1.2091595e-01  -4.6231699e-02  -4.8240986e-01   3.9545423e-01   0.0000000e+00
   2.1911840e-01   1.2844569e-01  -4.6022766e-02  -4.9186294e-01   4.0346468e-01   0.0000000e+00
   2.1691387e-01   1.3418909e-01  -4.4084345e-02  -4.9425236e-01   4.0568387e-01   0.0000000e+00
   2.1341754e-01   1.3831709e-01  -4.1231148e-02  -4.9209077e-01   4.0414062e-01   0.0000000e+00
   2.0859388e-01   1.4107131e-01  -3.7377902e-02  -4.8572271e-01   3.9913899e-01   0.0000000e+00
   2.0239551e-01   1.4231767e-01  -3.2423218e-02  -4.7509636e-01   3.9066227e-01   0.0000000e+00
   1.9473508e-01   1.4188885e-01  -2.6218714e-02  -4.6013674e-01   3.7869008e-01   0.0000000e+00
   1.8604094e-01   1.3977025e-01  -1.9039834e-02  -4.4195773e-01   3.6416220e-01   0.0000000e+00
   1.7577044e-01   1.3580922e-01  -1.0381126e-02  -4.1978516e-01   3.4650862e-01   0.0000000e+00
   1.6444321e-01   1.3027876e-01  -6.6011912e-04  -3.9523699e-01   3.2705972e-01   0.0000000e+00
   1.5139585e-01   1.2358736e-01   1.0579251e-02  -3.6816532e-01   3.0574344e-01   0.0000000e+00
   1.3725118e-01   1.1438311e-01   2.3028369e-02  -3.3834666e-01   2.8235126e-01   0.0000000e+00
   1.2196031e-01   1.0234714e-01   3.6738643e-02  -3.0577053e-01   2.5687867e-01   0.0000000e+00
   1.0553765e-01   8.8186669e-02   5.1488765e-02  -2.7165506e-01   2.3029104e-01   0.0000000e+00
   8.7924606e-02   7.1879423e-02   6.7189371e-02  -2.3629517e-01   2.0279946e-01   0.0000000e+00
   6.9944531e-02   5.4215409e-02   8.2949470e-02  -2.0160453e-01   1.7586298e-01   0.0000000e+00
   5.2273105e-02   3.5950845e-02   9.8044681e-02  -1.6892554e-01   1.5049345e-01   0.0000000e+00
   3.4578260e-02   1.6809254e-02   1.1263961e-01  -1.3761776e-01   1.2617027e-01   0.0000000e+00
   1.7203372e-02  -2.8289824e-03   1.2633662e-01  -1.0824104e-01   1.0331230e-01   0.0000000e+00
   1.6042766e-03  -2.1252606e-02   1.3798827e-01  -8.2981973e-02   8.3617624e-02   0.0000000e+00
  -1.2006553e-02  -3.8027733e-02   1.4756137e-01  -6.1784457e-02   6.7052424e-02   0.0000000e+00
  -2.3488546e-02  -5.2828957e-02   1.5513800e-01  -4.4462328e-02   5.3485534e-02   0.0000000e+00
  -3.2251627e-02  -6.4661368e-02   1.6056729e-01  -3.1539006e-02   4.3343871e-02   0.0000000e+00
  -3.8067005e-02  -7.2880345e-02   1.6397972e-01  -2.3059549e-02   3.6679449e-02   0.0000000e+00
  -4.1411047e-02  -7.7768308e-02   1.6586474e-01  -1.8209852e-02   3.2864075e-02   0.0000000e+00
  -4.2940409e-02  -8.0003923e-02   1.6670503e-01  -1.6022951e-02   3.1142768e-02   0.0000000e+00
  -4.1442595e-02  -7.6516572e-02   1.6583017e-01  -1.8936662e-02   3.3438815e-02   0.0000000e+00
  -3.6834288e-02  -6.7431297e-02   1.6306180e-01  -2.7116037e-02   3.9877463e-02   0.0000000e+00
  -3.0508388e-02  -5.3847371e-02   1.5884888e-01  -3.9516773e-02   4.9630463e-02   0.0000000e+00
  -2.3192344e-02  -3.6406321e-02   1.5326830e-01  -5.5797075e-02   6.2421081e-02   0.0000000e+00
  -1.5626546e-02  -1.6100026e-02   1.4650797e-01  -7.5303416e-02   7.7730006e-02   0.0000000e+00
  -8.1286275e-03   6.9344580e-03   1.3851358e-01  -9.8163239e-02   9.5655147e-02   0.0000000e+00
  -1.2990358e-03   3.1482995e-02   1.2966105e-01  -1.2337087e-01   1.1541153e-01   0.0000000e+00
   4.4762416e-03   5.6429192e-02   1.2037806e-01  -1.4985355e-01   1.3616846e-01   0.0000000e+00
   9.1168855e-03   8.1562352e-02   1.1081110e-01  -1.7737454e-01   1.5775519e-01   0.0000000e+00
   1.2535961e-02   1.0650184e-01   1.0118059e-01  -2.0547287e-01   1.7982792e-01   0.0000000e+00
   1.4648610e-02   1.2973677e-01   9.2135648e-02  -2.3233834e-01   2.0097905e-01   0.0000000e+00
   1.5953513e-02   1.5131332e-01   8.3568228e-02  -2.5806940e-01   2.2128646e-01   0.0000000e+00
   1.6368927e-02   1.7120135e-01   7.5667445e-02  -2.8231265e-01   2.4048285e-01   0.0000000e+00
   1.4434017e-02   1.8882033e-01   6.9466487e-02  -3.0305988e-01   2.5702214e-01   0.0000000e+00
   1.1308778e-02   2.0371945e-01   6.4663134e-02  -3.2023391e-01   2.7079750e-01   0.0000000e+00
   7.0282380e-03   2.1682969e-01   6.0912070e-02  -3.3483018e-01   2.8258967e-01   0.0000000e+00
   1.9152670e-03   2.2748592e-01   5.8400962e-02  -3.4600156e-01   2.9170002e-01   0.0000000e+00
  -3.8982318e-03   2.3588260e-01   5.7034439e-02  -3.5393728e-01   2.9826205e-01   0.0000000e+00
  -1.0319639e-02   2.4217723e-01   5.6738072e-02  -3.5880882e-01   3.0239947e-01   0.0000000e+00
  -1.7291934e-02   2.4648380e-01   5.7463289e-02  -3.6075217e-01   3.0421229e-01   0.0000000e+00
  -2.4823990e-02   2.4888144e-01   5.9196323e-02  -3.5985624e-01   3.0376877e-01   0.0000000e+00
  -3.2218121e-02   2.4943039e-01   6.1667415e-02  -3.5659816e-01   3.0142589e-01   0.0000000e+00
  -3.9683834e-02   2.4875206e-01   6.4674582e-02  -3.5174563e-01   2.9780799e-01   0.0000000e+00
  -4.7198386e-02   2.4736634e-01   6.7961605e-02  -3.4606059e-01   2.9352594e-01   0.0000000e+00
  -5.4628541e-02   2.4254484e-01   7.2874401e-02  -3.3583156e-01   2.8561673e-01   0.0000000e+00
  -6.1880943e-02   2.3557105e-01   7.8749363e-02  -3.2300213e-01   2.7563938e-01   0.0000000e+00
  -6.9098659e-02   2.2631423e-01   8.5697201e-02  -3.0745706e-01   2.6351694e-01   0.0000000e+00
  -7.5704660e-02   2.1532665e-01   9.3248159e-02  -2.9031040e-01   2.5012449e-01   0.0000000e+00
  -8.1697833e-02   2.0250952e-01   1.0143530e-01  -2.7153932e-01   2.3544941e-01   0.0000000e+00
  -8.7000300e-02   1.8776784e-01   1.1024787e-01  -2.5118570e-01   2.1952686e-01   0.0000000e+00
  -9.1496786e-02   1.7100374e-01   1.1964235e-01  -2.2933081e-01   2.0242065e-01   0.0000000e+00
  -9.5051840e-02   1.5208777e-01   1.2955297e-01  -2.0606010e-01   1.8419583e-01   0.0000000e+00
  -9.7439320e-02   1.3199238e-01   1.3935426e-01  -1.8274327e-01   1.6592286e-01   0.0000000e+00
  -9.8826206e-02   1.1071887e-01   1.4898278e-01  -1.5944029e-01   1.4764844e-01   0.0000000e+00
  -9.9816903e-02   8.8161484e-02   1.5851867e-01  -1.3598463e-01   1.2924792e-01   0.0000000e+00
  -9.8308498e-02   6.4669525e-02   1.6704585e-01  -1.1358147e-01   1.1163239e-01   0.0000000e+00
  -9.4910007e-02   4.1339322e-02   1.7414631e-01  -9.3184866e-02   9.5562250e-02   0.0000000e+00
  -9.0131956e-02   1.8704472e-02   1.7967862e-01  -7.5115735e-02   8.1299857e-02   0.0000000e+00
  -8.4147927e-02  -2.9929236e-03   1.8355495e-01  -5.9491469e-02   6.8943901e-02   0.0000000e+00
  -7.7068039e-02  -2.3625712e-02   1.8573228e-01  -4.6340392e-02   5.8522695e-02   0.0000000e+00
  -6.9776917e-02  -4.1274404e-02   1.8621140e-01  -3.6604130e-02   5.0790199e-02   0.0000000e+00
  -6.2502633e-02  -5.6259968e-02   1.8541102e-01  -2.9633572e-02   4.5239489e-02   0.0000000e+00
  -5.5560945e-02  -6.8569672e-02   1.8372810e-01  -2.5003710e-02   4.1538913e-02   0.0000000e+00
  -4.9981250e-02  -7.7164867e-02   1.8184632e-01  -2.2529750e-02   3.9549707e-02   0.0000000e+00
  -4.5935665e-02  -8.2607634e-02   1.8023038e-01  -2.1423354e-02   3.8650362e-02   0.0000000e+00
  -4.3838788e-02  -8.5005126e-02   1.7931377e-01  -2.1160681e-02   3.8429727e-02   0.0000000e+00
  -4.2938753e-02  -8.5548202e-02   1.7888920e-01  -2.1341214e-02   3.8566805e-02   0.0000000e+00
  -4.6964864e-02  -8.1279057e-02   1.8065941e-01  -2.1656646e-02   3.8841233e-02   0.0000000e+00
  -5.4329402e-02  -7.4477639e-02   1.8368332e-01  -2.1932789e-02   3.9104352e-02   0.0000000e+00
  -6.4363593e-02  -6.5958119e-02   1.8736173e-01  -2.2395782e-02   3.9529430e-02   0.0000000e+00
  -7.6981458e-02  -5.6009688e-02   1.9132820e-01  -2.3287600e-02   4.0306056e-02   0.0000000e+00
  -9.2249615e-02  -4.4817533e-02   1.9524379e-01  -2.4867441e-02   4.1638687e-02   0.0000000e+00
  -1.0839890e-01  -3.3804029e-02   1.9844002e-01  -2.7106585e-02   4.3494952e-02   0.0000000e+00
  -1.2618438e-01  -2.2592775e-02   2.0096656e-01  -3.0136662e-02   4.5983496e-02   0.0000000e+00
  -1.4472151e-01  -1.1896269e-02   2.0262270e-01  -3.3803432e-02   4.8978336e-02   0.0000000e+00
  -1.6330656e-01  -2.2572442e-03   2.0342548e-01  -3.7817200e-02   5.2247534e-02   0.0000000e+00
  -1.8081923e-01   5.7408351e-03   2.0351968e-01  -4.1739031e-02   5.5438834e-02   0.0000000e+00
  -1.9766357e-01   1.2305501e-02   2.0311926e-01  -4.5455733e-02   5.8465204e-02   0.0000000e+00
  -2.1337453e-01   1.7281102e-02   2.0241221e-01  -4.8696444e-02   6.1110266e-02   0.0000000e+00
  -2.2806913e-01   2.0775397e-02   2.0154608e-01  -5.1362337e-02   6.3296543e-02   0.0000000e+00
  -2.4178275e-01   2.2924987e-02   2.0061317e-01  -5.3425017e-02   6.5001549e-02   0.0000000e+00
  -2.5377645e-01   2.4306155e-02   1.9957762e-01  -5.5211845e-02   6.6478406e-02   0.0000000e+00
  -2.6487384e-01   2.4273950e-02   1.9873977e-01  -5.6078847e-02   6.7225411e-02   0.0000000e+00
  -2.7442878e-01   2.1750326e-02   1.9860089e-01  -5.4948250e-02   6.6389784e-02   0.0000000e+00
  -2.8257955e-01   1.7961739e-02   1.9881645e-01  -5.2802754e-02   6.4745284e-02   0.0000000e+00
  -2.8988813e-01   1.2767315e-02   1.9940206e-01  -4.9555968e-02   6.2226762e-02   0.0000000e+00
  -2.9586541e-01   6.5524283e-03   2.0033100e-01  -4.5434387e-02   5.9009867e-02   0.0000000e+00
  -3.0032012e-01  -1.5188691e-04   2.0151346e-01  -4.0805141e-02   5.5383208e-02   0.0000000e+00
  -3.0361324e-01  -7.5050711e-03   2.0296146e-01  -3.5579408e-02   5.1278918e-02   0.0000000e+00
  -3.0579821e-01  -1.5456109e-02   2.0465733e-01  -2.9806598e-02   4.6736434e-02   0.0000000e+00
  -3.0699554e-01  -2.3947291e-02   2.0655721e-01  -2.3566930e-02   4.1819676e-02   0.0000000e+00
  -3.0779997e-01  -3.2886931e-02   2.0849811e-01  -1.7079726e-02   3.6703616e-02   0.0000000e+00
  -3.0610581e-01  -4.2429761e-02   2.1094413e-01  -9.7931908e-03   3.0947598e-02   0.0000000e+00
  -3.0235376e-01  -5.2001954e-02   2.1364025e-01  -2.2675271e-03   2.4996026e-02   0.0000000e+00
  -2.9704319e-01  -6.1209504e-02   2.1636407e-01   5.0702337e-03   1.9188606e-02   0.0000000e+00
  -2.9015785e-01  -7.0085710e-02   2.1907545e-01   1.2196732e-02   1.3545218e-02   0.0000000e+00
  -2.8103326e-01  -7.9126040e-02   2.2186744e-01   1.9450072e-02   7.7993308e-03   0.0000000e+00
  -2.7000248e-01  -8.7592392e-02   2.2442851e-01   2.6156420e-02   2.4863223e-03   0.0000000e+00
  -2.5691236e-01  -9.5357220e-02   2.2660197e-01   3.2105917e-02  -2.2254553e-03   0.0000000e+00
  -2.4161915e-01  -1.0223345e-01   2.2817151e-01   3.7004073e-02  -6.1004022e-03   0.0000000e+00
  -2.2484941e-01  -1.0773481e-01   2.2884987e-01   4.0343078e-02  -8.7347830e-03   0.0000000e+00
  -2.0662099e-01  -1.1180849e-01   2.2846741e-01   4.1938652e-02  -9.9822315e-03   0.0000000e+00
  -1.8687897e-01  -1.1437495e-01   2.2682773e-01   4.1556764e-02  -9.6585087e-03   0.0000000e+00
  -1.6533974e-01  -1.1531351e-01   2.2366095e-01   3.8853163e-02  -7.4942246e-03   0.0000000e+00
  -1.4338046e-01  -1.1457315e-01   2.1901490e-01   3.3811354e-02  -3.4842951e-03   0.0000000e+00
  -1.2229996e-01  -1.1281041e-01   2.1326585e-01   2.7082239e-02   1.8478054e-03   0.0000000e+00
  -1.0255547e-01  -1.0966112e-01   2.0674677e-01   1.8771308e-02   8.4137764e-03   0.0000000e+00
  -8.4315356e-02  -1.0470680e-01   1.9974893e-01   8.9198779e-03   1.6177040e-02   0.0000000e+00
  -6.8684929e-02  -9.9265417e-02   1.9302689e-01  -1.0347540e-03   2.4003577e-02   0.0000000e+00
  -5.6543251e-02  -9.4186036e-02   1.8734240e-01  -9.8148697e-03   3.0894117e-02   0.0000000e+00
  -4.8385343e-02  -9.0190439e-02   1.8328877e-01  -1.6338493e-02   3.6007636e-02   0.0000000e+00
  -4.4377172e-02  -8.7841122e-02   1.8121828e-01  -1.9855889e-02   3.8763601e-02   0.0000000e+00
  -4.2838829e-02  -8.6509352e-02   1.8039374e-01  -2.1471288e-02   4.0030502e-02   0.0000000e+00
  -4.7511015e-02  -8.8489131e-02   1.8279332e-01  -1.7783554e-02   3.7145117e-02   0.0000000e+00
  -5.6884914e-02  -9.4417269e-02   1.8751394e-01  -9.5137461e-03   3.0658550e-02   0.0000000e+00
  -6.9625538e-02  -1.0312774e-01   1.9354352e-01   1.5229506e-03   2.1983354e-02   0.0000000e+00
  -8.4752795e-02  -1.1407809e-01   2.0005727e-01   1.4084559e-02   1.2084107e-02   0.0000000e+00
  -1.0115798e-01  -1.2657013e-01   2.0624591e-01   2.6928289e-02   1.9333748e-03   0.0000000e+00
  -1.1858244e-01  -1.4052376e-01   2.1170675e-01   3.9606741e-02  -8.1171533e-03   0.0000000e+00
  -1.3548069e-01  -1.5480050e-01   2.1576538e-01   5.0895094e-02  -1.7092285e-02   0.0000000e+00
  -1.5197376e-01  -1.6960669e-01   2.1836917e-01   6.0899848e-02  -2.5068221e-02   0.0000000e+00
  -1.6676567e-01  -1.8382954e-01   2.1935541e-01   6.8950852e-02  -3.1500856e-02   0.0000000e+00
  -1.8012722e-01  -1.9774630e-01   2.1890245e-01   7.5398398e-02  -3.6660399e-02   0.0000000e+00
  -1.9207085e-01  -2.1147866e-01   2.1710330e-01   8.0411561e-02  -4.0674965e-02   0.0000000e+00
  -2.0196363e-01  -2.2433588e-01   2.1423115e-01   8.3923114e-02  -4.3485445e-02   0.0000000e+00
  -2.0987066e-01  -2.3630591e-01   2.1055641e-01   8.6190649e-02  -4.5295169e-02   0.0000000e+00
  -2.1584977e-01  -2.4730579e-01   2.0635770e-01   8.7441835e-02  -4.6285517e-02   0.0000000e+00
  -2.2011757e-01  -2.5752622e-01   2.0177404e-01   8.7900919e-02  -4.6635994e-02   0.0000000e+00
  -2.2280467e-01  -2.6699486e-01   1.9695576e-01   8.7724258e-02  -4.6472506e-02   0.0000000e+00
  -2.2410322e-01  -2.7516727e-01   1.9235968e-01   8.7100346e-02  -4.5949286e-02   0.0000000e+00
  -2.2494483e-01  -2.8273402e-01   1.8774355e-01   8.6124351e-02  -4.5144592e-02   0.0000000e+00
  -2.2365522e-01  -2.8917169e-01   1.8351165e-01   8.4950682e-02  -4.4177173e-02   0.0000000e+00
  -2.2059258e-01  -2.9502018e-01   1.7938442e-01   8.3560264e-02  -4.3031876e-02   0.0000000e+00
  -2.1649583e-01  -2.9985009e-01   1.7571208e-01   8.2106111e-02  -4.1836013e-02   0.0000000e+00
  -2.1124250e-01  -3.0396368e-01   1.7229745e-01   8.0533957e-02  -4.0544878e-02   0.0000000e+00
  -2.0531277e-01  -3.0705888e-01   1.6941101e-01   7.8982878e-02  -3.9272644e-02   0.0000000e+00
  -1.9823620e-01  -3.0937498e-01   1.6682378e-01   7.7328165e-02  -3.7917151e-02   0.0000000e+00
  -1.9056051e-01  -3.1068392e-01   1.6475072e-01   7.5689303e-02  -3.6576661e-02   0.0000000e+00
  -1.8234805e-01  -3.1110421e-01   1.6308550e-01   7.4013286e-02  -3.5208637e-02   0.0000000e+00
  -1.7365329e-01  -3.1111111e-01   1.6140684e-01   7.2082514e-02  -3.3638362e-02   0.0000000e+00
  -1.6451467e-01  -3.0928974e-01   1.6086883e-01   7.0435106e-02  -3.2299175e-02   0.0000000e+00
  -1.5493548e-01  -3.0575886e-01   1.6128852e-01   6.8932566e-02  -3.1079616e-02   0.0000000e+00
  -1.4500903e-01  -3.0069942e-01   1.6241561e-01   6.7390552e-02  -2.9832147e-02   0.0000000e+00
  -1.3491403e-01  -2.9408030e-01   1.6418079e-01   6.5714668e-02  -2.8481915e-02   0.0000000e+00
  -1.2413848e-01  -2.8527026e-01   1.6666110e-01   6.3645284e-02  -2.6821830e-02   0.0000000e+00
  -1.1345564e-01  -2.7457747e-01   1.6962289e-01   6.1094983e-02  -2.4783730e-02   0.0000000e+00
  -1.0290168e-01  -2.6181119e-01   1.7292840e-01   5.7813184e-02  -2.2168564e-02   0.0000000e+00
  -9.3074402e-02  -2.4761922e-01   1.7620324e-01   5.3747029e-02  -1.8934739e-02   0.0000000e+00
  -8.3444879e-02  -2.3104628e-01   1.7945103e-01   4.8397774e-02  -1.4686401e-02   0.0000000e+00
  -7.4997005e-02  -2.1375805e-01   1.8216034e-01   4.2112656e-02  -9.7000548e-03   0.0000000e+00
  -6.7137021e-02  -1.9461405e-01   1.8436855e-01   3.4332130e-02  -3.5328233e-03   0.0000000e+00
  -6.0304437e-02  -1.7462033e-01   1.8582890e-01   2.5328440e-02   3.5978798e-03   0.0000000e+00
  -5.4854610e-02  -1.5535114e-01   1.8647044e-01   1.5851204e-02   1.1097578e-02   0.0000000e+00
  -5.0582355e-02  -1.3696873e-01   1.8643411e-01   6.1255454e-03   1.8788173e-02   0.0000000e+00
  -4.7530387e-02  -1.2080663e-01   1.8592509e-01  -2.9364593e-03   2.5949430e-02   0.0000000e+00
  -4.5452341e-02  -1.0710144e-01   1.8517808e-01  -1.0964409e-02   3.2290392e-02   0.0000000e+00
  -4.4202554e-02  -9.6838736e-02   1.8444518e-01  -1.7168061e-02   3.7188712e-02   0.0000000e+00
  -4.3572868e-02  -9.0885882e-02   1.8394358e-01  -2.0852040e-02   4.0096785e-02   0.0000000e+00
  -4.3318103e-02  -8.8346211e-02   1.8370940e-01  -2.2446437e-02   4.1355172e-02   0.0000000e+00
  -4.3316779e-02  -9.0639535e-02   1.8380533e-01  -2.1132932e-02   4.0317082e-02   0.0000000e+00
  -4.3133160e-02  -9.9159242e-02   1.8394814e-01  -1.6485983e-02   3.6642484e-02   0.0000000e+00
  -4.2070195e-02  -1.1106940e-01   1.8338962e-01  -1.0810909e-02   3.2148028e-02   0.0000000e+00
  -3.9803626e-02  -1.2585579e-01   1.8158143e-01  -4.9629524e-03   2.7508241e-02   0.0000000e+00
  -3.6191996e-02  -1.4240975e-01   1.7806349e-01  -1.9887777e-05   2.3576062e-02   0.0000000e+00
  -3.1218163e-02  -1.5952392e-01   1.7257189e-01   3.0753617e-03   2.1098748e-02   0.0000000e+00
  -2.4921322e-02  -1.7628383e-01   1.6502998e-01   3.6957877e-03   2.0572396e-02   0.0000000e+00
  -1.7669609e-02  -1.9145839e-01   1.5590689e-01   1.6051850e-03   2.2183105e-02   0.0000000e+00
  -9.4498650e-03  -2.0506346e-01   1.4530901e-01  -3.1952038e-03   2.5924532e-02   0.0000000e+00
  -5.8024044e-04  -2.1662842e-01   1.3381790e-01  -1.0431959e-02   3.1576031e-02   0.0000000e+00
   8.9624643e-03  -2.2629222e-01   1.2160277e-01  -1.9968376e-02   3.9022772e-02   0.0000000e+00
   1.9212677e-02  -2.3411069e-01   1.0882675e-01  -3.1722811e-02   4.8193444e-02   0.0000000e+00
   2.9604173e-02  -2.3978847e-01   9.6380127e-02  -4.4841203e-02   5.8416113e-02   0.0000000e+00
   4.0119015e-02  -2.4355917e-01   8.4410849e-02  -5.9039424e-02   6.9466634e-02   0.0000000e+00
   5.0067180e-02  -2.4550626e-01   7.3739142e-02  -7.3110226e-02   8.0405873e-02   0.0000000e+00
   6.0433745e-02  -2.4602319e-01   6.3339154e-02  -8.8260306e-02   9.2173210e-02   0.0000000e+00
   7.0384942e-02  -2.4515258e-01   5.4096740e-02  -1.0313066e-01   1.0371503e-01   0.0000000e+00
   7.9900577e-02  -2.4313007e-01   4.5959762e-02  -1.1755424e-01   1.1490502e-01   0.0000000e+00
   8.8908335e-02  -2.4021010e-01   3.8871181e-02  -1.3135012e-01   1.2560580e-01   0.0000000e+00
   9.7372993e-02  -2.3693836e-01   3.2461112e-02  -1.4462754e-01   1.3590288e-01   0.0000000e+00
   1.0464821e-01  -2.3305657e-01   2.7714639e-02  -1.5585066e-01   1.4461093e-01   0.0000000e+00
   1.1131347e-01  -2.2809629e-01   2.4416337e-02  -1.6563306e-01   1.5220938e-01   0.0000000e+00
   1.1736112e-01  -2.2253314e-01   2.2162268e-02  -1.7420114e-01   1.5887270e-01   0.0000000e+00
   1.2270065e-01  -2.1646669e-01   2.0958563e-02  -1.8140498e-01   1.6448539e-01   0.0000000e+00
   1.2724338e-01  -2.0993480e-01   2.0853862e-02  -1.8708419e-01   1.6892395e-01   0.0000000e+00
   1.3086379e-01  -2.0299019e-01   2.1919300e-02  -1.9104311e-01   1.7203746e-01   0.0000000e+00
   1.3332265e-01  -1.9609399e-01   2.4061359e-02  -1.9305659e-01   1.7364903e-01   0.0000000e+00
   1.3480914e-01  -1.8873163e-01   2.7395470e-02  -1.9337395e-01   1.7395652e-01   0.0000000e+00
   1.3570131e-01  -1.8112917e-01   3.1272034e-02  -1.9295343e-01   1.7369992e-01   0.0000000e+00
   1.3494820e-01  -1.7321161e-01   3.6879472e-02  -1.8990741e-01   1.7142341e-01   0.0000000e+00
   1.3160084e-01  -1.6600052e-01   4.4594182e-02  -1.8294715e-01   1.6612419e-01   0.0000000e+00
   1.2638841e-01  -1.5905327e-01   5.3765182e-02  -1.7368870e-01   1.5905617e-01   0.0000000e+00
   1.1916023e-01  -1.5219144e-01   6.4511436e-02  -1.6226661e-01   1.5032618e-01   0.0000000e+00
   1.1000650e-01  -1.4554904e-01   7.6509592e-02  -1.4925766e-01   1.4037711e-01   0.0000000e+00
   9.8823468e-02  -1.3903301e-01   8.9712235e-02  -1.3495063e-01   1.2943053e-01   0.0000000e+00
   8.6182417e-02  -1.3288658e-01   1.0330788e-01  -1.2041868e-01   1.1830695e-01   0.0000000e+00
   7.1297050e-02  -1.2666824e-01   1.1794408e-01  -1.0513084e-01   1.0659830e-01   0.0000000e+00
   5.5690367e-02  -1.2094305e-01   1.3197953e-01  -9.0879651e-02   9.5675783e-02   0.0000000e+00
   3.9397433e-02  -1.1557169e-01   1.4539940e-01  -7.7667448e-02   8.5541182e-02   0.0000000e+00
   2.2229843e-02  -1.1044562e-01   1.5831856e-01  -6.5333812e-02   7.6071393e-02   0.0000000e+00
   6.2274209e-03  -1.0608896e-01   1.6932747e-01  -5.5118220e-02   6.8219893e-02   0.0000000e+00
  -9.0488799e-03  -1.0229751e-01   1.7897110e-01  -4.6372602e-02   6.1491321e-02   0.0000000e+00
  -2.2044003e-02  -9.9376545e-02   1.8654825e-01  -3.9606945e-02   5.6280779e-02   0.0000000e+00
  -3.2028399e-02  -9.7344226e-02   1.9199882e-01  -3.4776648e-02   5.2557336e-02   0.0000000e+00
  -3.8599404e-02  -9.6088186e-02   1.9541588e-01  -3.1769503e-02   5.0237899e-02   0.0000000e+00
  -4.1874927e-02  -9.5363729e-02   1.9706350e-01  -3.0388557e-02   4.9173673e-02   0.0000000e+00
  -4.2469027e-02  -9.4631601e-02   1.9732613e-01  -3.0483497e-02   4.9253387e-02   0.0000000e+00
  -3.6155231e-02  -9.4054524e-02   1.9403942e-01  -3.4276662e-02   5.2197143e-02   0.0000000e+00
  -2.5246621e-02  -9.3474284e-02   1.8813560e-01  -4.0924153e-02   5.7348110e-02   0.0000000e+00
  -1.0761939e-02  -9.1939635e-02   1.7978570e-01  -5.0849834e-02   6.5035869e-02   0.0000000e+00
   6.2985781e-03  -8.9063289e-02   1.6923736e-01  -6.4157556e-02   7.5335158e-02   0.0000000e+00
   2.5710427e-02  -8.4471884e-02   1.5634421e-01  -8.1451003e-02   8.8705091e-02   0.0000000e+00
   4.6311029e-02  -7.8166496e-02   1.4167916e-01  -1.0237096e-01   1.0486007e-01   0.0000000e+00
   6.7484235e-02  -7.0596574e-02   1.2560553e-01  -1.2654318e-01   1.2350365e-01   0.0000000e+00
   8.8346065e-02  -6.1107934e-02   1.0885428e-01  -1.5376554e-01   1.4449623e-01   0.0000000e+00
   1.0827566e-01  -4.9354384e-02   9.2085239e-02  -1.8366558e-01   1.6757343e-01   0.0000000e+00
   1.2664759e-01  -3.6478690e-02   7.6003814e-02  -2.1473972e-01   1.9159016e-01   0.0000000e+00
   1.4334961e-01  -2.2837734e-02   6.0907776e-02  -2.4637256e-01   2.1609717e-01   0.0000000e+00
   1.5849452e-01  -8.5512317e-03   4.6862806e-02  -2.7837606e-01   2.4097807e-01   0.0000000e+00
   1.7214631e-01   6.2907600e-03   3.3941272e-02  -3.1054456e-01   2.6610472e-01   0.0000000e+00
   1.8375982e-01   2.0850243e-02   2.2773567e-02  -3.4105861e-01   2.9007788e-01   0.0000000e+00
   1.9353066e-01   3.5026713e-02   1.3261311e-02  -3.6971283e-01   3.1274214e-01   0.0000000e+00
   2.0162656e-01   4.8778654e-02   5.2942698e-03  -3.9637270e-01   3.3398973e-01   0.0000000e+00
   2.0779246e-01   6.1261856e-02  -8.4480914e-04  -4.1940786e-01   3.5249845e-01   0.0000000e+00
   2.1263042e-01   7.3338569e-02  -5.7446635e-03  -4.4038166e-01   3.6949649e-01   0.0000000e+00
   2.1592929e-01   8.4155669e-02  -9.1926214e-03  -4.5778305e-01   3.8372798e-01   0.0000000e+00
   2.1799909e-01   9.4098012e-02  -1.1506895e-02  -4.7235093e-01   3.9575472e-01   0.0000000e+00
   2.1926109e-01   1.0366917e-01  -1.3128181e-02  -4.8532408e-01   4.0655960e-01   0.0000000e+00
   2.1961453e-01   1.1187532e-01  -1.3909959e-02  -4.9529681e-01   4.1495005e-01   0.0000000e+00
   2.1751863e-01   1.1793476e-01  -1.2332083e-02  -4.9813293e-01   4.1753057e-01   0.0000000e+00
   2.1407754e-01   1.2218617e-01  -9.4499715e-03  -4.9642680e-01   4.1638065e-01   0.0000000e+00
   2.0928714e-01   1.2490107e-01  -5.2434278e-03  -4.9059413e-01   4.1185842e-01   0.0000000e+00
   2.0310369e-01   1.2594780e-01   3.8320663e-04  -4.8060055e-01   4.0395927e-01   0.0000000e+00
   1.9544015e-01   1.2516026e-01   7.5764643e-03  -4.6638824e-01   3.9267446e-01   0.0000000e+00
   1.8672523e-01   1.2255680e-01   1.5978931e-02  -4.4903696e-01   3.7890805e-01   0.0000000e+00
   1.7641449e-01   1.1796877e-01   2.6139905e-02  -4.2782923e-01   3.6213795e-01   0.0000000e+00
   1.6502835e-01   1.1171804e-01   3.7524043e-02  -4.0433190e-01   3.4364458e-01   0.0000000e+00
   1.5189948e-01   1.0422038e-01   5.0581912e-02  -3.7843411e-01   3.2338720e-01   0.0000000e+00
   1.3765225e-01   9.4106207e-02   6.5025586e-02  -3.4991982e-01   3.0116152e-01   0.0000000e+00
   1.2223907e-01   8.1047836e-02   8.0900546e-02  -3.1879169e-01   2.7697323e-01   0.0000000e+00
   1.0567691e-01   6.5799887e-02   9.7886782e-02  -2.8624499e-01   2.5176682e-01   0.0000000e+00
   8.7909751e-02   4.8350602e-02   1.1586384e-01  -2.5257798e-01   2.2575685e-01   0.0000000e+00
   6.9774891e-02   2.9556359e-02   1.3380625e-01  -2.1962687e-01   2.0033580e-01   0.0000000e+00
   5.2047941e-02   1.0320103e-02   1.5081934e-01  -1.8881603e-01   1.7657431e-01   0.0000000e+00
   3.4372788e-02  -9.6702368e-03   1.6714273e-01  -1.5946840e-01   1.5392879e-01   0.0000000e+00
   1.7006920e-02  -3.0114488e-02   1.8243885e-01  -1.3194781e-01   1.3266531e-01   0.0000000e+00
   1.4136467e-03  -4.9236341e-02   1.9544662e-01  -1.0830114e-01   1.1436132e-01   0.0000000e+00
  -1.2301531e-02  -6.6745202e-02   2.0623070e-01  -8.8308520e-02   9.8853806e-02   0.0000000e+00
  -2.3834207e-02  -8.2118308e-02   2.1476077e-01  -7.2026366e-02   8.6197849e-02   0.0000000e+00
  -3.2578062e-02  -9.4312913e-02   2.2086080e-01  -5.9953052e-02   7.6795554e-02   0.0000000e+00
  -3.8246353e-02  -1.0257800e-01   2.2462934e-01  -5.2207280e-02   7.0754375e-02   0.0000000e+00
  -4.1448793e-02  -1.0739236e-01   2.2668648e-01  -4.7855537e-02   6.7357046e-02   0.0000000e+00
  -4.2894687e-02  -1.0947278e-01   2.2758753e-01  -4.5967729e-02   6.5883078e-02   0.0000000e+00
  -4.0871112e-02  -1.0501373e-01   2.2619807e-01  -4.9476869e-02   6.8629657e-02   0.0000000e+00
  -3.6114543e-02  -9.5333382e-02   2.2282790e-01  -5.7478064e-02   7.4885213e-02   0.0000000e+00
  -2.9712310e-02  -8.1126843e-02   2.1779094e-01  -6.9393543e-02   8.4195894e-02   0.0000000e+00
  -2.2353315e-02  -6.2983229e-02   2.1115961e-01  -8.4960808e-02   9.6351870e-02   0.0000000e+00
  -1.4767906e-02  -4.1909512e-02   2.0315765e-01  -1.0357374e-01   1.1087670e-01   0.0000000e+00
  -7.2637466e-03  -1.8012628e-02   1.9371225e-01  -1.2538381e-01   1.2788880e-01   0.0000000e+00
  -4.2911265e-04   7.5113993e-03   1.8323794e-01  -1.4949428e-01   1.4669394e-01   0.0000000e+00
   5.3731180e-03   3.3681584e-02   1.7215422e-01  -1.7506370e-01   1.6664656e-01   0.0000000e+00
   9.8234892e-03   5.8925534e-02   1.6120879e-01  -2.0050551e-01   1.8652190e-01   0.0000000e+00
   1.3049002e-02   8.3395121e-02   1.5042913e-01  -2.2586134e-01   2.0636535e-01   0.0000000e+00
   1.5173014e-02   1.0750874e-01   1.3969019e-01  -2.5150182e-01   2.2648064e-01   0.0000000e+00
   1.6504667e-02   1.2992506e-01   1.2947798e-01  -2.7610831e-01   2.4583444e-01   0.0000000e+00
   1.6852898e-02   1.5056329e-01   1.2007947e-01  -2.9922444e-01   2.6408230e-01   0.0000000e+00
   1.4852583e-02   1.6883520e-01   1.1257224e-01  -3.1905006e-01   2.7984816e-01   0.0000000e+00
   1.1656285e-02   1.8426284e-01   1.0668762e-01  -3.3546046e-01   2.9298521e-01   0.0000000e+00
   7.2853275e-03   1.9780190e-01   1.0202923e-01  -3.4938356e-01   3.0421895e-01   0.0000000e+00
   2.0659159e-03   2.0875905e-01   9.8841795e-02  -3.5999882e-01   3.1287365e-01   0.0000000e+00
  -3.8711251e-03   2.1733262e-01   9.7020810e-02  -3.6747883e-01   3.1906950e-01   0.0000000e+00
  -1.0436293e-02   2.2368152e-01   9.6484681e-02  -3.7197852e-01   3.2291704e-01   0.0000000e+00
  -1.7578711e-02   2.2791657e-01   9.7182096e-02  -3.7361540e-01   3.2450183e-01   0.0000000e+00
  -2.4675058e-02   2.3000604e-01   9.8903814e-02  -3.7265081e-01   3.2400566e-01   0.0000000e+00
  -3.2176932e-02   2.3039433e-01   1.0161450e-01  -3.6942383e-01   3.2171708e-01   0.0000000e+00
  -3.9616561e-02   2.2957547e-01   1.0486965e-01  -3.6482590e-01   3.1833124e-01   0.0000000e+00
  -4.7350122e-02   2.2775882e-01   1.0869338e-01  -3.5898072e-01   3.1396257e-01   0.0000000e+00
  -5.5082937e-02   2.2214178e-01   1.1457196e-01  -3.4848350e-01   3.0589722e-01   0.0000000e+00
  -6.2263508e-02   2.1461431e-01   1.2125332e-01  -3.3608665e-01   2.9631442e-01   0.0000000e+00
  -6.9390935e-02   2.0476043e-01   1.2913562e-01  -3.2116528e-01   2.8474464e-01   0.0000000e+00
  -7.5922715e-02   1.9311852e-01   1.3771843e-01  -3.0471329e-01   2.7196390e-01   0.0000000e+00
  -8.1842430e-02   1.7958757e-01   1.4702686e-01  -2.8672003e-01   2.5796845e-01   0.0000000e+00
  -8.7065490e-02   1.6407073e-01   1.5704187e-01  -2.6723142e-01   2.4279593e-01   0.0000000e+00
  -9.1472394e-02   1.4646988e-01   1.6770920e-01  -2.4633111e-01   2.2651126e-01   0.0000000e+00
  -9.4773413e-02   1.2773215e-01   1.7836036e-01  -2.2528207e-01   2.1009744e-01   0.0000000e+00
  -9.7116333e-02   1.0678493e-01   1.8948163e-01  -2.0303895e-01   1.9273728e-01   0.0000000e+00
  -9.8479147e-02   8.4671537e-02   2.0040233e-01  -1.8085169e-01   1.7540612e-01   0.0000000e+00
  -9.9399901e-02   6.1412602e-02   2.1113198e-01  -1.5870399e-01   1.5809810e-01   0.0000000e+00
  -9.7719510e-02   3.7330747e-02   2.2071888e-01  -1.3767184e-01   1.4161180e-01   0.0000000e+00
  -9.4222067e-02   1.3390742e-02   2.2882067e-01  -1.1845611e-01   1.2651130e-01   0.0000000e+00
  -8.9282678e-02  -1.0062841e-02   2.3529978e-01  -1.0125178e-01   1.1295785e-01   0.0000000e+00
  -8.2951982e-02  -3.2982036e-02   2.4004168e-01  -8.6102020e-02   1.0098928e-01   0.0000000e+00
  -7.5941847e-02  -5.3377313e-02   2.4271983e-01  -7.4158304e-02   9.1522686e-02   0.0000000e+00
  -6.8300912e-02  -7.1819008e-02   2.4365029e-01  -6.4798631e-02   8.4074545e-02   0.0000000e+00
  -6.1099365e-02  -8.6547830e-02   2.4315552e-01  -5.8498228e-02   7.9034474e-02   0.0000000e+00
  -5.4283590e-02  -9.8544318e-02   2.4173710e-01  -5.4325378e-02   7.5671204e-02   0.0000000e+00
  -4.8886847e-02  -1.0677673e-01   2.4007109e-01  -5.2118186e-02   7.3870655e-02   0.0000000e+00
  -4.5297091e-02  -1.1154857e-01   2.3872749e-01  -5.1199940e-02   7.3105592e-02   0.0000000e+00
  -4.3443228e-02  -1.1362316e-01   2.3795514e-01  -5.0982350e-02   7.2912545e-02   0.0000000e+00
  -4.3131661e-02  -1.1345600e-01   2.3778129e-01  -5.1229250e-02   7.3103623e-02   0.0000000e+00
  -4.7645525e-02  -1.0879541e-01   2.3965603e-01  -5.1582391e-02   7.3434231e-02   0.0000000e+00
  -5.5329477e-02  -1.0172099e-01   2.4262439e-01  -5.1997609e-02   7.3848159e-02   0.0000000e+00
  -6.6275283e-02  -9.2449573e-02   2.4635652e-01  -5.2689820e-02   7.4512920e-02   0.0000000e+00
  -7.9221897e-02  -8.2265249e-02   2.5007586e-01  -5.3806164e-02   7.5528310e-02   0.0000000e+00
  -9.4797994e-02  -7.0858627e-02   2.5364924e-01  -5.5605854e-02   7.7103422e-02   0.0000000e+00
  -1.1122347e-01  -5.9663011e-02   2.5646012e-01  -5.8012644e-02   7.9159460e-02   0.0000000e+00
  -1.2930020e-01  -4.8283209e-02   2.5855523e-01  -6.1155409e-02   8.1805849e-02   0.0000000e+00
  -1.4700530e-01  -3.8078443e-02   2.5971848e-01  -6.4626550e-02   8.4702984e-02   0.0000000e+00
  -1.6556450e-01  -2.8447157e-02   2.6013268e-01  -6.8527887e-02   8.7943205e-02   0.0000000e+00
  -1.8265182e-01  -2.0652143e-02   2.5991096e-01  -7.2197678e-02   9.0985268e-02   0.0000000e+00
  -1.9939207e-01  -1.4154055e-02   2.5925264e-01  -7.5695690e-02   9.3887237e-02   0.0000000e+00
  -2.1497937e-01  -9.2711669e-03   2.5835256e-01  -7.8702552e-02   9.6391177e-02   0.0000000e+00
  -2.2954598e-01  -5.8833070e-03   2.5735201e-01  -8.1141162e-02   9.8438041e-02   0.0000000e+00
  -2.4312344e-01  -3.8318495e-03   2.5633084e-01  -8.3007186e-02   1.0002479e-01   0.0000000e+00
  -2.5499641e-01  -2.4021489e-03   2.5518448e-01  -8.4716072e-02   1.0147079e-01   0.0000000e+00
  -2.6597447e-01  -2.8776070e-03   2.5447034e-01  -8.5171803e-02   1.0192503e-01   0.0000000e+00
  -2.7542768e-01  -5.6865051e-03   2.5448451e-01  -8.3902474e-02   1.0101152e-01   0.0000000e+00
  -2.8345773e-01  -9.7593785e-03   2.5490203e-01  -8.1690106e-02   9.9343976e-02   0.0000000e+00
  -2.9017359e-01  -1.4843156e-02   2.5567702e-01  -7.8692398e-02   9.7047235e-02   0.0000000e+00
  -2.9607069e-01  -2.1307288e-02   2.5688745e-01  -7.4674477e-02   9.3941148e-02   0.0000000e+00
  -3.0040990e-01  -2.8185715e-02   2.5835259e-01  -7.0240599e-02   9.0494273e-02   0.0000000e+00
  -3.0360863e-01  -3.5730341e-02   2.6010912e-01  -6.5248026e-02   8.6598317e-02   0.0000000e+00
  -3.0571222e-01  -4.3881223e-02   2.6213434e-01  -5.9749255e-02   8.2295141e-02   0.0000000e+00
  -3.0685892e-01  -5.2578544e-02   2.6437589e-01  -5.3824076e-02   7.7648545e-02   0.0000000e+00
  -3.0759555e-01  -6.1734407e-02   2.6667516e-01  -4.7660952e-02   7.2809854e-02   0.0000000e+00
  -3.0570963e-01  -7.1517579e-02   2.6953416e-01  -4.0730582e-02   6.7351786e-02   0.0000000e+00
  -3.0187528e-01  -8.1233381e-02   2.7259463e-01  -3.3675773e-02   6.1784206e-02   0.0000000e+00
  -2.9649400e-01  -9.0588035e-02   2.7566464e-01  -2.6801904e-02   5.6350412e-02   0.0000000e+00
  -2.8904021e-01  -1.0019675e-01   2.7889915e-01  -1.9701163e-02   5.0728182e-02   0.0000000e+00
  -2.7978175e-01  -1.0931261e-01   2.8198703e-01  -1.2979039e-02   4.5396595e-02   0.0000000e+00
  -2.6860606e-01  -1.1784471e-01   2.8480602e-01  -6.7783911e-03   4.0469133e-02   0.0000000e+00
  -2.5539561e-01  -1.2564274e-01   2.8718303e-01  -1.3096174e-03   3.6112560e-02   0.0000000e+00
  -2.3995964e-01  -1.3251936e-01   2.8889539e-01   3.1602805e-03   3.2537957e-02   0.0000000e+00
  -2.2305109e-01  -1.3797539e-01   2.8963656e-01   6.1578587e-03   3.0121650e-02   0.0000000e+00
  -2.0468714e-01  -1.4195252e-01   2.8923231e-01   7.5126059e-03   2.8997575e-02   0.0000000e+00
  -1.8478386e-01  -1.4436275e-01   2.8747502e-01   7.0028494e-03   2.9338239e-02   0.0000000e+00
  -1.6423170e-01  -1.4507876e-01   2.8429753e-01   4.5000823e-03   3.1243908e-02   0.0000000e+00
  -1.4194965e-01  -1.4412899e-01   2.7935574e-01  -3.2127633e-04   3.4961420e-02   0.0000000e+00
  -1.2122962e-01  -1.4221443e-01   2.7343224e-01  -6.4999722e-03   3.9739111e-02   0.0000000e+00
  -1.0168511e-01  -1.3878835e-01   2.6664799e-01  -1.4208578e-02   4.5709425e-02   0.0000000e+00
  -8.3530303e-02  -1.3356137e-01   2.5927976e-01  -2.3365503e-02   5.2806829e-02   0.0000000e+00
  -6.7988970e-02  -1.2786719e-01   2.5217997e-01  -3.2604686e-02   5.9964642e-02   0.0000000e+00
  -5.5963243e-02  -1.2258813e-01   2.4617586e-01  -4.0724754e-02   6.6252207e-02   0.0000000e+00
  -4.8313435e-02  -1.1868153e-01   2.4211125e-01  -4.6426396e-02   7.0666169e-02   0.0000000e+00
  -4.4217695e-02  -1.1619977e-01   2.3983865e-01  -4.9770853e-02   7.3256469e-02   0.0000000e+00
  -4.2661589e-02  -1.1480370e-01   2.3892679e-01  -5.1302887e-02   7.4446080e-02   0.0000000e+00
  -4.7540864e-02  -1.1700660e-01   2.4159482e-01  -4.7702221e-02   7.1663892e-02   0.0000000e+00
  -5.7011066e-02  -1.2322234e-01   2.4672957e-01  -3.9909297e-02   6.5620655e-02   0.0000000e+00
  -6.9828946e-02  -1.3228427e-01   2.5328279e-01  -2.9550380e-02   5.7570781e-02   0.0000000e+00
  -8.5040352e-02  -1.4363500e-01   2.6038874e-01  -1.7761407e-02   4.8387737e-02   0.0000000e+00
  -1.0152562e-01  -1.5654450e-01   2.6718195e-01  -5.7027330e-03   3.8969856e-02   0.0000000e+00
  -1.1896695e-01  -1.7087964e-01   2.7322878e-01   6.1791525e-03   2.9664290e-02   0.0000000e+00
  -1.3585060e-01  -1.8549195e-01   2.7782752e-01   1.6774207e-02   2.1343753e-02   0.0000000e+00
  -1.5235304e-01  -2.0061593e-01   2.8095567e-01   2.6214336e-02   1.3911204e-02   0.0000000e+00
  -1.6714387e-01  -2.1511955e-01   2.8240771e-01   3.3860237e-02   7.8776775e-03   0.0000000e+00
  -1.8048302e-01  -2.2928079e-01   2.8237898e-01   4.0036805e-02   2.9946001e-03   0.0000000e+00
  -1.9239922e-01  -2.4322426e-01   2.8097495e-01   4.4906749e-02  -8.6098693e-04   0.0000000e+00
  -2.0226734e-01  -2.5626006e-01   2.7845146e-01   4.8397274e-02  -3.6270172e-03   0.0000000e+00
  -2.1014131e-01  -2.6836846e-01   2.7508484e-01   5.0739292e-02  -5.4834403e-03   0.0000000e+00
  -2.1607428e-01  -2.7946451e-01   2.7115824e-01   5.2138094e-02  -6.5914572e-03   0.0000000e+00
  -2.2029739e-01  -2.8974894e-01   2.6681870e-01   5.2804128e-02  -7.1173549e-03   0.0000000e+00
  -2.2294663e-01  -2.9926039e-01   2.6221586e-01   5.2880142e-02  -7.1743241e-03   0.0000000e+00
  -2.2422089e-01  -3.0748492e-01   2.5777995e-01   5.2520199e-02  -6.8851815e-03   0.0000000e+00
  -2.2504027e-01  -3.1505850e-01   2.5331940e-01   5.1830712e-02  -6.3348651e-03   0.0000000e+00
  -2.2369013e-01  -3.2151698e-01   2.4919232e-01   5.0929384e-02  -5.6162104e-03   0.0000000e+00
  -2.2059058e-01  -3.2737242e-01   2.4514884e-01   4.9815304e-02  -4.7288603e-03   0.0000000e+00
  -2.1944861e-01  -3.2891539e-01   2.4402527e-01   4.9464122e-02  -4.4493626e-03   0.0000000e+00
