   0.0000000e+00  -2.0943951e+00  -1.0471976e+00   0.0000000e+00   1.5707963e+00   0.0000000e+00
  -4.3305543e-03  -2.0941284e+00  -1.0553071e+00   1.6470548e-03   1.5707684e+00   0.0000000e+00
  -9.3632772e-03  -2.0924737e+00  -1.0750606e+00   5.7629325e-03   1.5713335e+00   0.0000000e+00
  -1.5794006e-02  -2.0903965e+00  -1.1038522e+00   1.1421889e-02   1.5722220e+00   0.0000000e+00
  -2.4186758e-02  -2.0889842e+00  -1.1386327e+00   1.7622373e-02   1.5731551e+00   0.0000000e+00
  -3.4950648e-02  -2.0893391e+00  -1.1759743e+00   2.3374767e-02   1.5738587e+00   0.0000000e+00
  -4.8285716e-02  -2.0922756e+00  -1.2125373e+00   2.7993395e-02   1.5741165e+00   0.0000000e+00
  -6.4178421e-02  -2.0982226e+00  -1.2455385e+00   3.1076284e-02   1.5737889e+00   0.0000000e+00
  -8.2395118e-02  -2.1071841e+00  -1.2728172e+00   3.2488810e-02   1.5728144e+00   0.0000000e+00
  -1.0432469e-01  -2.1198900e+00  -1.2942206e+00   3.2232125e-02   1.5710356e+00   0.0000000e+00
  -1.2762353e-01  -2.1346932e+00  -1.3060232e+00   3.0380906e-02   1.5686113e+00   0.0000000e+00
  -1.5126085e-01  -2.1503494e+00  -1.3079708e+00   2.7284096e-02   1.5657010e+00   0.0000000e+00
  -1.7407321e-01  -2.1654916e+00  -1.3005030e+00   2.3310640e-02   1.5625032e+00   0.0000000e+00
  -1.9926183e-01  -2.1814693e+00  -1.2797820e+00   1.7712740e-02   1.5584845e+00   0.0000000e+00
  -2.1905434e-01  -2.1925880e+00  -1.2486986e+00   1.1819621e-02   1.5547497e+00   0.0000000e+00
  -2.3147160e-01  -2.1977110e+00  -1.2095722e+00   5.9095736e-03   1.5516148e+00   0.0000000e+00
  -2.3489600e-01  -2.1967042e+00  -1.1642058e+00  -1.3021211e-05   1.5493018e+00   0.0000000e+00
  -2.3139679e-01  -2.1928909e+00  -1.1301049e+00  -4.2238902e-03   1.5482579e+00   0.0000000e+00
  -2.2281949e-01  -2.1871852e+00  -1.0935769e+00  -8.7978044e-03   1.5476635e+00   0.0000000e+00
  -2.0899857e-01  -2.1803499e+00  -1.0544139e+00  -1.4062491e-02   1.5474964e+00   0.0000000e+00
  -1.8987707e-01  -2.1732950e+00  -1.0122298e+00  -2.0460178e-02   1.5477065e+00   0.0000000e+00
  -1.7273422e-01  -2.1686263e+00  -9.7946742e-01  -2.6120774e-02   1.5480503e+00   0.0000000e+00
  -1.5290012e-01  -2.1647841e+00  -9.4461192e-01  -3.2931399e-02   1.5485093e+00   0.0000000e+00
  -1.3048010e-01  -2.1621690e+00  -9.0742181e-01  -4.1198816e-02   1.5490305e+00   0.0000000e+00
  -1.0562224e-01  -2.1611703e+00  -8.6764050e-01  -5.1282090e-02   1.5495475e+00   0.0000000e+00
  -7.8518062e-02  -2.1621805e+00  -8.2491647e-01  -6.3628409e-02   1.5499739e+00   0.0000000e+00
  -4.9410017e-02  -2.1654824e+00  -7.7922067e-01  -7.8661503e-02   1.5502249e+00   0.0000000e+00
  -1.8587907e-02  -2.1712026e+00  -7.3087077e-01  -9.6715087e-02   1.5502251e+00   0.0000000e+00
   1.3614177e-02  -2.1793464e+00  -6.8032039e-01  -1.1808367e-01   1.5498973e+00   0.0000000e+00
   7.5070011e-02  -2.2001115e+00  -5.8386283e-01  -1.6666729e-01   1.5481897e+00   0.0000000e+00
   1.3740035e-01  -2.2265686e+00  -4.8732084e-01  -2.2728501e-01   1.5447757e+00   0.0000000e+00
   1.7040603e-01  -2.2419706e+00  -4.3795353e-01  -2.6385956e-01   1.5422519e+00   0.0000000e+00
   2.0251681e-01  -2.2573615e+00  -3.9209821e-01  -3.0189417e-01   1.5393516e+00   0.0000000e+00
   2.3316632e-01  -2.2720015e+00  -3.5136964e-01  -3.3948263e-01   1.5362930e+00   0.0000000e+00
   2.6181046e-01  -2.2850954e+00  -3.1758755e-01  -3.7388795e-01   1.5334609e+00   0.0000000e+00
   2.9282370e-01  -2.2976346e+00  -2.8893464e-01  -4.0607614e-01   1.5311477e+00   0.0000000e+00
   3.1954446e-01  -2.3056126e+00  -2.7592143e-01  -4.2277747e-01   1.5310622e+00   0.0000000e+00
   3.4146354e-01  -2.3081681e+00  -2.8024841e-01  -4.2045710e-01   1.5339837e+00   0.0000000e+00
   3.5829889e-01  -2.3049470e+00  -3.0165461e-01  -4.0003378e-01   1.5398672e+00   0.0000000e+00
   3.7162470e-01  -2.2939328e+00  -3.4628899e-01  -3.5889776e-01   1.5495579e+00   0.0000000e+00
   3.7770934e-01  -2.2764736e+00  -4.0597929e-01  -3.0929941e-01   1.5603678e+00   0.0000000e+00
   3.7610255e-01  -2.2513899e+00  -4.8382660e-01  -2.5283231e-01   1.5721116e+00   0.0000000e+00
   3.6583580e-01  -2.2237106e+00  -5.6431893e-01  -2.0233958e-01   1.5820687e+00   0.0000000e+00
   3.5511680e-01  -2.2061165e+00  -6.1354225e-01  -1.7471491e-01   1.5871588e+00   0.0000000e+00
   3.4132166e-01  -2.1891389e+00  -6.5990389e-01  -1.5060879e-01   1.5912403e+00   0.0000000e+00
   3.2465406e-01  -2.1732607e+00  -7.0234669e-01  -1.2999005e-01   1.5942932e+00   0.0000000e+00
   3.0535296e-01  -2.1588911e+00  -7.4000483e-01  -1.1274341e-01   1.5963230e+00   0.0000000e+00
   2.7671320e-01  -2.1429903e+00  -7.8076046e-01  -9.5061489e-02   1.5974767e+00   0.0000000e+00
   2.4478935e-01  -2.1308512e+00  -8.1101543e-01  -8.2514275e-02   1.5970221e+00   0.0000000e+00
   2.1039323e-01  -2.1229471e+00  -8.2991487e-01  -7.4861969e-02   1.5950700e+00   0.0000000e+00
   1.7441975e-01  -2.1196004e+00  -8.3695032e-01  -7.1953633e-02   1.5917544e+00   0.0000000e+00
   1.4051691e-01  -2.1207144e+00  -8.3273536e-01  -7.3441742e-02   1.5875997e+00   0.0000000e+00
   1.0682150e-01  -2.1259012e+00  -8.1831533e-01  -7.9004211e-02   1.5825324e+00   0.0000000e+00
   7.4049250e-02  -2.1350482e+00  -7.9408454e-01  -8.8750272e-02   1.5766821e+00   0.0000000e+00
   4.2905457e-02  -2.1479027e+00  -7.6073105e-01  -1.0283041e-01   1.5701845e+00   0.0000000e+00
   1.4172467e-02  -2.1640187e+00  -7.1933494e-01  -1.2135654e-01   1.5632015e+00   0.0000000e+00
  -1.1355575e-02  -2.1826851e+00  -6.7148893e-01  -1.4436467e-01   1.5559166e+00   0.0000000e+00
  -3.3088773e-02  -2.2029515e+00  -6.1934639e-01  -1.7152001e-01   1.5485351e+00   0.0000000e+00
  -5.0604235e-02  -2.2236072e+00  -5.6569556e-01  -2.0195133e-01   1.5413052e+00   0.0000000e+00
  -6.7439821e-02  -2.2500808e+00  -4.9549139e-01  -2.4625539e-01   1.5321508e+00   0.0000000e+00
  -7.5481664e-02  -2.2699359e+00  -4.4054848e-01  -2.8497912e-01   1.5251719e+00   0.0000000e+00
  -7.4989491e-02  -2.2787755e+00  -4.1303617e-01  -3.0559116e-01   1.5220459e+00   0.0000000e+00
  -6.6567470e-02  -2.2738163e+00  -4.2170804e-01  -2.9793478e-01   1.5241203e+00   0.0000000e+00
  -5.4192325e-02  -2.2592988e+00  -4.5711038e-01  -2.7057548e-01   1.5297389e+00   0.0000000e+00
  -3.7455927e-02  -2.2370098e+00  -5.1439410e-01  -2.3062365e-01   1.5380531e+00   0.0000000e+00
  -1.3886599e-02  -2.2054417e+00  -5.9898957e-01  -1.7935297e-01   1.5494951e+00   0.0000000e+00
   1.3457657e-02  -2.1712303e+00  -6.9601907e-01  -1.2975283e-01   1.5618454e+00   0.0000000e+00
   3.0606868e-02  -2.1515936e+00  -7.5527027e-01  -1.0353286e-01   1.5690910e+00   0.0000000e+00
   4.8352245e-02  -2.1328914e+00  -8.1519767e-01  -7.9742242e-02   1.5762333e+00   0.0000000e+00
   6.6430479e-02  -2.1155989e+00  -8.7490388e-01  -5.8528338e-02   1.5831818e+00   0.0000000e+00
   8.4581942e-02  -2.1000874e+00  -9.3366734e-01  -3.9894439e-02   1.5898658e+00   0.0000000e+00
   1.0904213e-01  -2.0822662e+00  -1.0113765e+00  -1.8417666e-02   1.5984710e+00   0.0000000e+00
   1.3257050e-01  -2.0687184e+00  -1.0851580e+00  -1.1639376e-03   1.6063759e+00   0.0000000e+00
   1.5454562e-01  -2.0596369e+00  -1.1541942e+00   1.2319194e-02   1.6134942e+00   0.0000000e+00
   1.7434421e-01  -2.0549664e+00  -1.2179446e+00   2.2515581e-02   1.6197607e+00   0.0000000e+00
   1.9415491e-01  -2.0547195e+00  -1.2858900e+00   3.0990183e-02   1.6260033e+00   0.0000000e+00
   2.0961557e-01  -2.0594491e+00  -1.3460460e+00   3.6348890e-02   1.6310149e+00   0.0000000e+00
   2.2039849e-01  -2.0681654e+00  -1.3985041e+00   3.9289816e-02   1.6348377e+00   0.0000000e+00
   2.2641698e-01  -2.0796220e+00  -1.4431476e+00   4.0434171e-02   1.6375342e+00   0.0000000e+00
   2.2747660e-01  -2.0954843e+00  -1.4876190e+00   4.0210559e-02   1.6394564e+00   0.0000000e+00
   2.2207805e-01  -2.1102884e+00  -1.5204674e+00   3.9135885e-02   1.6400436e+00   0.0000000e+00
   2.1128668e-01  -2.1215040e+00  -1.5424708e+00   3.8024137e-02   1.6395776e+00   0.0000000e+00
   1.9649182e-01  -2.1273475e+00  -1.5543109e+00   3.7423006e-02   1.6383304e+00   0.0000000e+00
   1.7778375e-01  -2.1265489e+00  -1.5561784e+00   3.7657405e-02   1.6363747e+00   0.0000000e+00
   1.5861345e-01  -2.1187925e+00  -1.5463435e+00   3.8730674e-02   1.6340219e+00   0.0000000e+00
   1.4123406e-01  -2.1056835e+00  -1.5242692e+00   4.0222416e-02   1.6314341e+00   0.0000000e+00
   1.2769715e-01  -2.0897277e+00  -1.4892929e+00   4.1411394e-02   1.6287027e+00   0.0000000e+00
   1.2104065e-01  -2.0775362e+00  -1.4534437e+00   4.1517899e-02   1.6265345e+00   0.0000000e+00
   1.1822090e-01  -2.0668335e+00  -1.4096937e+00   4.0397578e-02   1.6242922e+00   0.0000000e+00
   1.1958010e-01  -2.0587975e+00  -1.3582606e+00   3.7551915e-02   1.6219540e+00   0.0000000e+00
   1.2522189e-01  -2.0543676e+00  -1.2995930e+00   3.2488214e-02   1.6194830e+00   0.0000000e+00
   1.3500252e-01  -2.0542241e+00  -1.2344210e+00   2.4746957e-02   1.6168317e+00   0.0000000e+00
   1.4849153e-01  -2.0586120e+00  -1.1647157e+00   1.4045300e-02   1.6139949e+00   0.0000000e+00
   1.6501511e-01  -2.0671554e+00  -1.0934584e+00   5.4214219e-04   1.6110403e+00   0.0000000e+00
   1.8367499e-01  -2.0788349e+00  -1.0242941e+00  -1.5093980e-02   1.6081049e+00   0.0000000e+00
   1.9762592e-01  -2.0881742e+00  -9.7877018e-01  -2.6839598e-02   1.6061476e+00   0.0000000e+00
   2.1167653e-01  -2.0975892e+00  -9.3813031e-01  -3.8349745e-02   1.6044243e+00   0.0000000e+00
   2.2538522e-01  -2.1063410e+00  -9.0403403e-01  -4.8819994e-02   1.6030657e+00   0.0000000e+00
   2.3830882e-01  -2.1137097e+00  -8.7801956e-01  -5.7386687e-02   1.6022089e+00   0.0000000e+00
   2.5001248e-01  -2.1190432e+00  -8.6140410e-01  -6.3210739e-02   1.6019825e+00   0.0000000e+00
   2.6009075e-01  -2.1218826e+00  -8.5501950e-01  -6.5704822e-02   1.6024678e+00   0.0000000e+00
   2.6817924e-01  -2.1220025e+00  -8.5913410e-01  -6.4636031e-02   1.6036782e+00   0.0000000e+00
   2.7396152e-01  -2.1194308e+00  -8.7341509e-01  -6.0168195e-02   1.6055513e+00   0.0000000e+00
   2.7720021e-01  -2.1143374e+00  -8.9741291e-01  -5.2684900e-02   1.6079967e+00   0.0000000e+00
   2.7756426e-01  -2.1072480e+00  -9.2954392e-01  -4.3054060e-02   1.6107923e+00   0.0000000e+00
   2.7488942e-01  -2.0987750e+00  -9.6814492e-01  -3.2138697e-02   1.6137276e+00   0.0000000e+00
   2.6906705e-01  -2.0895897e+00  -1.0114409e+00  -2.0748759e-02   1.6165966e+00   0.0000000e+00
   2.5959268e-01  -2.0800046e+00  -1.0596118e+00  -9.1407282e-03   1.6193109e+00   0.0000000e+00
   2.4664795e-01  -2.0711151e+00  -1.1090281e+00   1.6319453e-03   1.6215742e+00   0.0000000e+00
   2.3030927e-01  -2.0635456e+00  -1.1579855e+00   1.1167722e-02   1.6232552e+00   0.0000000e+00
   2.1072541e-01  -2.0578073e+00  -1.2049963e+00   1.9229197e-02   1.6242638e+00   0.0000000e+00
   1.8277947e-01  -2.0538489e+00  -1.2578673e+00   2.6929649e-02   1.6245119e+00   0.0000000e+00
   1.5091420e-01  -2.0536384e+00  -1.3041094e+00   3.2303891e-02   1.6236643e+00   0.0000000e+00
   1.1586072e-01  -2.0573296e+00  -1.3423685e+00   3.5486784e-02   1.6217662e+00   0.0000000e+00
   7.8499135e-02  -2.0647849e+00  -1.3718012e+00   3.6703527e-02   1.6189236e+00   0.0000000e+00
   3.3416525e-02  -2.0776640e+00  -1.3945761e+00   3.6032502e-02   1.6146369e+00   0.0000000e+00
  -1.1811969e-02  -2.0940698e+00  -1.4051757e+00   3.3551398e-02   1.6095825e+00   0.0000000e+00
  -5.5553930e-02  -2.1126876e+00  -1.4045582e+00   2.9729959e-02   1.6040865e+00   0.0000000e+00
  -9.6054946e-02  -2.1319437e+00  -1.3945059e+00   2.5056020e-02   1.5985142e+00   0.0000000e+00
  -1.3151046e-01  -2.1500977e+00  -1.3776307e+00   2.0041639e-02   1.5932583e+00   0.0000000e+00
  -1.6028090e-01  -2.1653873e+00  -1.3573627e+00   1.5261924e-02   1.5887031e+00   0.0000000e+00
  -1.8124631e-01  -2.1764078e+00  -1.3370600e+00   1.1253738e-02   1.5851509e+00   0.0000000e+00
  -1.9368917e-01  -2.1821671e+00  -1.3198071e+00   8.5054935e-03   1.5828319e+00   0.0000000e+00
  -1.9728328e-01  -2.1822410e+00  -1.3084875e+00   7.4219141e-03   1.5819102e+00   0.0000000e+00
  -1.9250834e-01  -2.1770229e+00  -1.3039333e+00   8.0617439e-03   1.5823607e+00   0.0000000e+00
  -1.7951967e-01  -2.1671182e+00  -1.3068161e+00   1.0395760e-02   1.5841897e+00   0.0000000e+00
  -1.5869354e-01  -2.1536021e+00  -1.3169997e+00   1.4182841e-02   1.5873363e+00   0.0000000e+00
  -1.3447191e-01  -2.1399462e+00  -1.3312645e+00   1.8362257e-02   1.5910792e+00   0.0000000e+00
  -1.0524750e-01  -2.1257929e+00  -1.3495963e+00   2.2965413e-02   1.5956152e+00   0.0000000e+00
  -7.1710503e-02  -2.1123061e+00  -1.3709706e+00   2.7617080e-02   1.6007932e+00   0.0000000e+00
  -3.4672595e-02  -2.1005985e+00  -1.3943087e+00   3.1961803e-02   1.6064402e+00   0.0000000e+00
   5.0395217e-03  -2.0916638e+00  -1.4185500e+00   3.5686039e-02   1.6123778e+00   0.0000000e+00
   4.6157024e-02  -2.0863778e+00  -1.4425759e+00   3.8525025e-02   1.6183681e+00   0.0000000e+00
   8.7125560e-02  -2.0853188e+00  -1.4654383e+00   4.0306185e-02   1.6241555e+00   0.0000000e+00
   1.2640633e-01  -2.0886395e+00  -1.4865336e+00   4.0983450e-02   1.6295155e+00   0.0000000e+00
   1.7002183e-01  -2.0982450e+00  -1.5095328e+00   4.0418791e-02   1.6352233e+00   0.0000000e+00
   2.0678390e-01  -2.1126970e+00  -1.5296396e+00   3.8634702e-02   1.6398224e+00   0.0000000e+00
   2.3504862e-01  -2.1302393e+00  -1.5473192e+00   3.6047197e-02   1.6432183e+00   0.0000000e+00
   2.5372914e-01  -2.1488363e+00  -1.5631914e+00   3.3115027e-02   1.6454064e+00   0.0000000e+00
   2.6229697e-01  -2.1664899e+00  -1.5779612e+00   3.0275265e-02   1.6464522e+00   0.0000000e+00
   2.6047112e-01  -2.1812020e+00  -1.5916384e+00   2.7920185e-02   1.6464047e+00   0.0000000e+00
   2.4855000e-01  -2.1915842e+00  -1.6038387e+00   2.6312240e-02   1.6453277e+00   0.0000000e+00
   2.2719770e-01  -2.1968136e+00  -1.6135967e+00   2.5591378e-02   1.6432692e+00   0.0000000e+00
   1.9431146e-01  -2.1963804e+00  -1.6197123e+00   2.5831833e-02   1.6399426e+00   0.0000000e+00
   1.5315701e-01  -2.1902399e+00  -1.6185494e+00   2.6973504e-02   1.6355233e+00   0.0000000e+00
   1.0586390e-01  -2.1798656e+00  -1.6074293e+00   2.8644924e-02   1.6300674e+00   0.0000000e+00
   5.4853584e-02  -2.1673707e+00  -1.5838824e+00   3.0279699e-02   1.6236646e+00   0.0000000e+00
   3.2030106e-03  -2.1554106e+00  -1.5462976e+00   3.1129199e-02   1.6165093e+00   0.0000000e+00
  -4.7145624e-02  -2.1463225e+00  -1.4934604e+00   3.0306964e-02   1.6086984e+00   0.0000000e+00
  -9.4150288e-02  -2.1420927e+00  -1.4253362e+00   2.6852086e-02   1.6003927e+00   0.0000000e+00
  -1.3626026e-01  -2.1440552e+00  -1.3429832e+00   1.9800286e-02   1.5917524e+00   0.0000000e+00
  -1.6833823e-01  -2.1514145e+00  -1.2607657e+00   9.9309688e-03   1.5840237e+00   0.0000000e+00
  -1.9536890e-01  -2.1638227e+00  -1.1713099e+00  -3.9523938e-03   1.5762662e+00   0.0000000e+00
  -2.1695275e-01  -2.1804548e+00  -1.0776041e+00  -2.2040174e-02   1.5686376e+00   0.0000000e+00
  -2.3306993e-01  -2.2000280e+00  -9.8329560e-01  -4.4109254e-02   1.5613025e+00   0.0000000e+00
  -2.4078950e-01  -2.2135971e+00  -9.2341608e-01  -6.0331703e-02   1.5567580e+00   0.0000000e+00
  -2.4645451e-01  -2.2271502e+00  -8.6642412e-01  -7.7511230e-02   1.5524829e+00   0.0000000e+00
  -2.5025013e-01  -2.2400888e+00  -8.1376311e-01  -9.5009339e-02   1.5485603e+00   0.0000000e+00
  -2.5239603e-01  -2.2517583e+00  -7.6709542e-01  -1.1191350e-01   1.5451015e+00   0.0000000e+00
  -2.5314207e-01  -2.2614789e+00  -7.2820811e-01  -1.2707731e-01   1.5422402e+00   0.0000000e+00
  -2.5276067e-01  -2.2686361e+00  -6.9873381e-01  -1.3918455e-01   1.5401200e+00   0.0000000e+00
  -2.5153409e-01  -2.2728179e+00  -6.7981102e-01  -1.4716407e-01   1.5388463e+00   0.0000000e+00
  -2.4974855e-01  -2.2738616e+00  -6.7196971e-01  -1.5034700e-01   1.5384686e+00   0.0000000e+00
  -2.4622227e-01  -2.2688684e+00  -6.8336330e-01  -1.4462098e-01   1.5397904e+00   0.0000000e+00
  -2.4320965e-01  -2.2575307e+00  -7.2097658e-01  -1.2808151e-01   1.5429999e+00   0.0000000e+00
  -2.4207275e-01  -2.2483301e+00  -7.5595430e-01  -1.1402812e-01   1.5456845e+00   0.0000000e+00
  -2.4194218e-01  -2.2390485e+00  -7.9588591e-01  -9.9323778e-02   1.5485002e+00   0.0000000e+00
  -2.4304384e-01  -2.2306624e+00  -8.3830864e-01  -8.5180263e-02   1.5512194e+00   0.0000000e+00
  -2.4554411e-01  -2.2239581e+00  -8.8113995e-01  -7.2409221e-02   1.5536707e+00   0.0000000e+00
  -2.4945969e-01  -2.2196118e+00  -9.2177378e-01  -6.1694399e-02   1.5556917e+00   0.0000000e+00
  -2.5484075e-01  -2.2178840e+00  -9.5926820e-01  -5.3078046e-02   1.5572368e+00   0.0000000e+00
  -2.6163487e-01  -2.2189278e+00  -9.9236846e-01  -4.6626116e-02   1.5582597e+00   0.0000000e+00
  -2.6971712e-01  -2.2226786e+00  -1.0201827e+00  -4.2260244e-02   1.5587503e+00   0.0000000e+00
  -2.8367575e-01  -2.2326688e+00  -1.0506148e+00  -3.9216836e-02   1.5585477e+00   0.0000000e+00
  -2.9913120e-01  -2.2465485e+00  -1.0675684e+00  -3.9600942e-02   1.5573877e+00   0.0000000e+00
  -3.1497666e-01  -2.2624578e+00  -1.0714945e+00  -4.2610095e-02   1.5555006e+00   0.0000000e+00
  -3.2996417e-01  -2.2783528e+00  -1.0637636e+00  -4.7460937e-02   1.5531588e+00   0.0000000e+00
  -3.4557265e-01  -2.2952256e+00  -1.0406347e+00  -5.5090260e-02   1.5500135e+00   0.0000000e+00
  -3.5520745e-01  -2.3056476e+00  -1.0069504e+00  -6.3294277e-02   1.5471464e+00   0.0000000e+00
  -3.5667839e-01  -2.3078041e+00  -9.6661929e-01  -7.1277366e-02   1.5449806e+00   0.0000000e+00
  -3.4821777e-01  -2.3015098e+00  -9.2217701e-01  -7.8777958e-02   1.5437916e+00   0.0000000e+00
  -3.3977492e-01  -2.2955517e+00  -8.9863677e-01  -8.2453086e-02   1.5436059e+00   0.0000000e+00
  -3.2836202e-01  -2.2881669e+00  -8.7417104e-01  -8.6237296e-02   1.5436928e+00   0.0000000e+00
  -3.1389585e-01  -2.2797910e+00  -8.4855751e-01  -9.0340582e-02   1.5440334e+00   0.0000000e+00
  -2.9633033e-01  -2.2709266e+00  -8.2148589e-01  -9.5040309e-02   1.5445956e+00   0.0000000e+00
  -2.7565937e-01  -2.2621310e+00  -7.9256964e-01  -1.0068621e-01   1.5453325e+00   0.0000000e+00
  -2.5192185e-01  -2.2539832e+00  -7.6139880e-01  -1.0769580e-01   1.5461830e+00   0.0000000e+00
  -2.2521094e-01  -2.2470675e+00  -7.2751655e-01  -1.1659272e-01   1.5470627e+00   0.0000000e+00
  -1.9567844e-01  -2.2419656e+00  -6.9040556e-01  -1.2802594e-01   1.5478595e+00   0.0000000e+00
  -1.6715860e-01  -2.2393748e+00  -6.5428643e-01  -1.4092891e-01   1.5483948e+00   0.0000000e+00
  -1.3677383e-01  -2.2388225e+00  -6.1551535e-01  -1.5678011e-01   1.5486878e+00   0.0000000e+00
  -1.0477679e-01  -2.2403574e+00  -5.7454263e-01  -1.7585066e-01   1.5486710e+00   0.0000000e+00
  -7.1466432e-02  -2.2439156e+00  -5.3194406e-01  -1.9833414e-01   1.5482782e+00   0.0000000e+00
  -6.6417446e-03  -2.2553021e+00  -4.5032243e-01  -2.4979597e-01   1.5463429e+00   0.0000000e+00
   5.9004743e-02  -2.2706152e+00  -3.7243898e-01  -3.1095897e-01   1.5428594e+00   0.0000000e+00
   1.0910961e-01  -2.2830243e+00  -3.1985925e-01  -3.6045951e-01   1.5395675e+00   0.0000000e+00
   1.5678332e-01  -2.2938355e+00  -2.7965332e-01  -4.0390544e-01   1.5368604e+00   0.0000000e+00
   2.0023529e-01  -2.3014357e+00  -2.5623445e-01  -4.3228298e-01   1.5362780e+00   0.0000000e+00
   2.3780930e-01  -2.3043581e+00  -2.5324384e-01  -4.3736719e-01   1.5395011e+00   0.0000000e+00
   2.6537385e-01  -2.3021365e+00  -2.6895147e-01  -4.2015068e-01   1.5461695e+00   0.0000000e+00
   2.8693669e-01  -2.2950568e+00  -3.0079840e-01  -3.8601193e-01   1.5558042e+00   0.0000000e+00
   2.9870958e-01  -2.2870055e+00  -3.3241092e-01  -3.5434720e-01   1.5639277e+00   0.0000000e+00
   3.0722911e-01  -2.2768027e+00  -3.6960539e-01  -3.1977371e-01   1.5724303e+00   0.0000000e+00
   3.1251751e-01  -2.2648277e+00  -4.1089556e-01  -2.8441874e-01   1.5808829e+00   0.0000000e+00
   3.1462081e-01  -2.2515195e+00  -4.5482312e-01  -2.4989433e-01   1.5889539e+00   0.0000000e+00
   3.1026935e-01  -2.2247497e+00  -5.3920810e-01  -1.9106747e-01   1.6022529e+00   0.0000000e+00
   2.9568623e-01  -2.1979311e+00  -6.2033720e-01  -1.4209786e-01   1.6125899e+00   0.0000000e+00
   2.8241334e-01  -2.1828965e+00  -6.6482475e-01  -1.1787089e-01   1.6172158e+00   0.0000000e+00
   2.6602718e-01  -2.1691857e+00  -7.0496942e-01  -9.7402717e-02   1.6206483e+00   0.0000000e+00
   2.4681102e-01  -2.1571834e+00  -7.3991795e-01  -8.0579227e-02   1.6228973e+00   0.0000000e+00
   2.2509052e-01  -2.1472183e+00  -7.6896352e-01  -6.7270062e-02   1.6239898e+00   0.0000000e+00
   1.9491732e-01  -2.1380262e+00  -7.9615823e-01  -5.5362968e-02   1.6237915e+00   0.0000000e+00
   1.6220704e-01  -2.1328850e+00  -8.1236359e-01  -4.8592659e-02   1.6219485e+00   0.0000000e+00
   1.2783343e-01  -2.1320888e+00  -8.1704263e-01  -4.6875206e-02   1.6185825e+00   0.0000000e+00
   9.2707340e-02  -2.1357936e+00  -8.0997134e-01  -5.0223683e-02   1.6138295e+00   0.0000000e+00
   6.3446005e-02  -2.1423535e+00  -7.9511034e-01  -5.6985149e-02   1.6088997e+00   0.0000000e+00
   3.4779246e-02  -2.1520190e+00  -7.7228958e-01  -6.7519346e-02   1.6031778e+00   0.0000000e+00
   7.2048248e-03  -2.1646362e+00  -7.4191184e-01  -8.2001185e-02   1.5967480e+00   0.0000000e+00
  -1.8678087e-02  -2.1799015e+00  -7.0467282e-01  -1.0057622e-01   1.5897213e+00   0.0000000e+00
  -4.2262436e-02  -2.1973625e+00  -6.6157294e-01  -1.2332321e-01   1.5822272e+00   0.0000000e+00
  -6.3106196e-02  -2.2164254e+00  -6.1391307e-01  -1.5026481e-01   1.5743883e+00   0.0000000e+00
  -8.0856759e-02  -2.2363304e+00  -5.6340089e-01  -1.8108612e-01   1.5663633e+00   0.0000000e+00
  -9.5261622e-02  -2.2561411e+00  -5.1219958e-01  -2.1499984e-01   1.5583631e+00   0.0000000e+00
  -1.1124056e-01  -2.2853606e+00  -4.3417482e-01  -2.7286355e-01   1.5461455e+00   0.0000000e+00
  -1.1777246e-01  -2.3058165e+00  -3.7597852e-01  -3.2172103e-01   1.5369135e+00   0.0000000e+00
  -1.1690429e-01  -2.3121662e+00  -3.5515422e-01  -3.4028310e-01   1.5338079e+00   0.0000000e+00
  -1.1176697e-01  -2.3103186e+00  -3.5615922e-01  -3.3853649e-01   1.5346429e+00   0.0000000e+00
  -1.0266169e-01  -2.3000595e+00  -3.8018166e-01  -3.1559678e-01   1.5395739e+00   0.0000000e+00
  -8.9889242e-02  -2.2821949e+00  -4.2527140e-01  -2.7620433e-01   1.5478893e+00   0.0000000e+00
  -6.9499814e-02  -2.2520155e+00  -5.0412987e-01  -2.1569789e-01   1.5611967e+00   0.0000000e+00
  -4.4838245e-02  -2.2167299e+00  -5.9985394e-01  -1.5359153e-01   1.5760357e+00   0.0000000e+00
  -1.3996623e-02  -2.1767405e+00  -7.1502704e-01  -9.1833763e-02   1.5926052e+00   0.0000000e+00
   1.9158849e-02  -2.1397453e+00  -8.3256424e-01  -4.0443852e-02   1.6084668e+00   0.0000000e+00
   4.6507236e-02  -2.1141010e+00  -9.2553559e-01  -6.7569807e-03   1.6203968e+00   0.0000000e+00
   7.3420321e-02  -2.0933930e+00  -1.0144362e+00   2.0413002e-02   1.6313327e+00   0.0000000e+00
   9.9100676e-02  -2.0781837e+00  -1.0978571e+00   4.1764971e-02   1.6411597e+00   0.0000000e+00
   1.2271013e-01  -2.0686585e+00  -1.1748224e+00   5.8052221e-02   1.6497911e+00   0.0000000e+00
   1.4427220e-01  -2.0645822e+00  -1.2476615e+00   7.0494781e-02   1.6574694e+00   0.0000000e+00
   1.6196997e-01  -2.0659713e+00  -1.3126230e+00   7.9085883e-02   1.6637785e+00   0.0000000e+00
   1.7533706e-01  -2.0720182e+00  -1.3697067e+00   8.4589659e-02   1.6687557e+00   0.0000000e+00
   1.8414468e-01  -2.0816647e+00  -1.4188105e+00   8.7680132e-02   1.6724602e+00   0.0000000e+00
   1.8840092e-01  -2.0936781e+00  -1.4600071e+00   8.8971286e-02   1.6749895e+00   0.0000000e+00
   1.8823913e-01  -2.1064525e+00  -1.4931521e+00   8.9057392e-02   1.6764518e+00   0.0000000e+00
   1.8403425e-01  -2.1185113e+00  -1.5186264e+00   8.8481652e-02   1.6770021e+00   0.0000000e+00
   1.7632037e-01  -2.1285490e+00  -1.5368994e+00   8.7691916e-02   1.6768032e+00   0.0000000e+00
   1.6002436e-01  -2.1374870e+00  -1.5516901e+00   8.6828948e-02   1.6754835e+00   0.0000000e+00
   1.4020129e-01  -2.1381599e+00  -1.5527537e+00   8.6759775e-02   1.6733163e+00   0.0000000e+00
   1.1961951e-01  -2.1307415e+00  -1.5402049e+00   8.7467064e-02   1.6706138e+00   0.0000000e+00
   1.0103884e-01  -2.1171103e+00  -1.5135440e+00   8.8409197e-02   1.6675650e+00   0.0000000e+00
   8.9922124e-02  -2.1046349e+00  -1.4834956e+00   8.8681820e-02   1.6650803e+00   0.0000000e+00
   8.2356905e-02  -2.0920444e+00  -1.4446572e+00   8.7980485e-02   1.6624428e+00   0.0000000e+00
   7.9038222e-02  -2.0808841e+00  -1.3970247e+00   8.5711743e-02   1.6596320e+00   0.0000000e+00
   8.0405795e-02  -2.0725203e+00  -1.3409053e+00   8.1267468e-02   1.6566135e+00   0.0000000e+00
   8.6622351e-02  -2.0680595e+00  -1.2768909e+00   7.4060522e-02   1.6533397e+00   0.0000000e+00
   9.7512837e-02  -2.0682983e+00  -1.2059605e+00   6.3473071e-02   1.6497392e+00   0.0000000e+00
   1.1257573e-01  -2.0734455e+00  -1.1302723e+00   4.9260695e-02   1.6458136e+00   0.0000000e+00
   1.3098542e-01  -2.0829659e+00  -1.0533682e+00   3.1739991e-02   1.6416763e+00   0.0000000e+00
   1.4742107e-01  -2.0929215e+00  -9.9391557e-01   1.5924432e-02   1.6383554e+00   0.0000000e+00
   1.6460432e-01  -2.1038386e+00  -9.3936915e-01  -4.0693707e-04   1.6352410e+00   0.0000000e+00
   1.8179409e-01  -2.1145428e+00  -8.9256635e-01  -1.5923675e-02   1.6325852e+00   0.0000000e+00
   1.9822046e-01  -2.1238034e+00  -8.5628379e-01  -2.9023202e-02   1.6306826e+00   0.0000000e+00
   2.1254955e-01  -2.1302378e+00  -8.3367798e-01  -3.7748769e-02   1.6298457e+00   0.0000000e+00
   2.2482278e-01  -2.1335112e+00  -8.2450122e-01  -4.1568304e-02   1.6301676e+00   0.0000000e+00
   2.3447145e-01  -2.1332629e+00  -8.2923501e-01  -4.0020702e-02   1.6316967e+00   0.0000000e+00
   2.4101334e-01  -2.1295589e+00  -8.4732332e-01  -3.3406554e-02   1.6343210e+00   0.0000000e+00
   2.4382012e-01  -2.1241020e+00  -8.7178097e-01  -2.4627790e-02   1.6371899e+00   0.0000000e+00
   2.4397515e-01  -2.1169911e+00  -9.0330127e-01  -1.3779120e-02   1.6404420e+00   0.0000000e+00
   2.4134866e-01  -2.1087655e+00  -9.4040405e-01  -1.7020568e-03   1.6438583e+00   0.0000000e+00
   2.3585755e-01  -2.1000024e+00  -9.8153790e-01   1.0825342e-02   1.6472287e+00   0.0000000e+00
   2.2662470e-01  -2.0905742e+00  -1.0288844e+00   2.4132188e-02   1.6506087e+00   0.0000000e+00
   2.1399810e-01  -2.0818896e+00  -1.0772924e+00   3.6542037e-02   1.6535136e+00   0.0000000e+00
   1.9806319e-01  -2.0745422e+00  -1.1251054e+00   4.7612874e-02   1.6557947e+00   0.0000000e+00
   1.7897555e-01  -2.0690158e+00  -1.1708791e+00   5.7076016e-02   1.6573501e+00   0.0000000e+00
   1.5119681e-01  -2.0652314e+00  -1.2231063e+00   6.6424439e-02   1.6581871e+00   0.0000000e+00
   1.1950629e-01  -2.0652633e+00  -1.2683902e+00   7.3082963e-02   1.6577853e+00   0.0000000e+00
   8.4667711e-02  -2.0692512e+00  -1.3053533e+00   7.7174771e-02   1.6561909e+00   0.0000000e+00
   4.7588032e-02  -2.0770409e+00  -1.3331474e+00   7.8928277e-02   1.6535170e+00   0.0000000e+00
   2.0873584e-03  -2.0906169e+00  -1.3538782e+00   7.8406935e-02   1.6491841e+00   0.0000000e+00
  -4.3429081e-02  -2.1078687e+00  -1.3615138e+00   7.5535890e-02   1.6439043e+00   0.0000000e+00
  -8.7161879e-02  -2.1273711e+00  -1.3572166e+00   7.0870386e-02   1.6380615e+00   0.0000000e+00
  -1.2699864e-01  -2.1473032e+00  -1.3432563e+00   6.5056996e-02   1.6321228e+00   0.0000000e+00
  -1.5865343e-01  -2.1644140e+00  -1.3244595e+00   5.9258801e-02   1.6269603e+00   0.0000000e+00
  -1.8398577e-01  -2.1786598e+00  -1.3031622e+00   5.3698794e-02   1.6224827e+00   0.0000000e+00
  -2.0213506e-01  -2.1888255e+00  -1.2823410e+00   4.8966665e-02   1.6189768e+00   0.0000000e+00
  -2.1254575e-01  -2.1940446e+00  -1.2647090e+00   4.5606235e-02   1.6166696e+00   0.0000000e+00
  -2.1485129e-01  -2.1936981e+00  -1.2521331e+00   4.4049066e-02   1.6157155e+00   0.0000000e+00
  -2.0827251e-01  -2.1875068e+00  -1.2472189e+00   4.4769118e-02   1.6163606e+00   0.0000000e+00
  -1.9298970e-01  -2.1761532e+00  -1.2506588e+00   4.7750224e-02   1.6186153e+00   0.0000000e+00
  -1.6942685e-01  -2.1608603e+00  -1.2622071e+00   5.2680306e-02   1.6223985e+00   0.0000000e+00
  -1.4412414e-01  -2.1464042e+00  -1.2771635e+00   5.7837270e-02   1.6265701e+00   0.0000000e+00
  -1.1413071e-01  -2.1314769e+00  -1.2960850e+00   6.3540143e-02   1.6315400e+00   0.0000000e+00
  -8.0103634e-02  -2.1171711e+00  -1.3179970e+00   6.9378339e-02   1.6371461e+00   0.0000000e+00
  -4.2821867e-02  -2.1045265e+00  -1.3418971e+00   7.4964910e-02   1.6432059e+00   0.0000000e+00
  -3.1363172e-03  -2.0944731e+00  -1.3668080e+00   7.9957318e-02   1.6495268e+00   0.0000000e+00
   3.7952813e-02  -2.0877958e+00  -1.3917530e+00   8.4073324e-02   1.6558962e+00   0.0000000e+00
   7.9194188e-02  -2.0850353e+00  -1.4158709e+00   8.7116335e-02   1.6620861e+00   0.0000000e+00
   1.1912713e-01  -2.0864099e+00  -1.4385156e+00   8.8999314e-02   1.6678695e+00   0.0000000e+00
   1.5851977e-01  -2.0922533e+00  -1.4605736e+00   8.9762911e-02   1.6733562e+00   0.0000000e+00
   1.9335630e-01  -2.1019363e+00  -1.4805324e+00   8.9432004e-02   1.6780238e+00   0.0000000e+00
   2.2250074e-01  -2.1144919e+00  -1.4985878e+00   8.8261475e-02   1.6817983e+00   0.0000000e+00
   2.4511973e-01  -2.1287410e+00  -1.5150807e+00   8.6551272e-02   1.6846643e+00   0.0000000e+00
   2.6334372e-01  -2.1468571e+00  -1.5339816e+00   8.4151297e-02   1.6870076e+00   0.0000000e+00
   2.7023533e-01  -2.1632484e+00  -1.5515499e+00   8.1938971e-02   1.6880951e+00   0.0000000e+00
   2.6586005e-01  -2.1760233e+00  -1.5677020e+00   8.0310845e-02   1.6880191e+00   0.0000000e+00
   2.5074742e-01  -2.1838802e+00  -1.5816893e+00   7.9503727e-02   1.6868484e+00   0.0000000e+00
   2.2070033e-01  -2.1859736e+00  -1.5934573e+00   7.9692857e-02   1.6841438e+00   0.0000000e+00
   1.7946500e-01  -2.1808644e+00  -1.5969545e+00   8.0903241e-02   1.6800112e+00   0.0000000e+00
   1.2985122e-01  -2.1702025e+00  -1.5885109e+00   8.2614794e-02   1.6744766e+00   0.0000000e+00
   7.5167936e-02  -2.1566735e+00  -1.5646773e+00   8.4003074e-02   1.6676057e+00   0.0000000e+00
   2.5374951e-02  -2.1450315e+00  -1.5283653e+00   8.4081311e-02   1.6604887e+00   0.0000000e+00
  -2.3138854e-02  -2.1361751e+00  -1.4767433e+00   8.2098390e-02   1.6525302e+00   0.0000000e+00
  -6.8303572e-02  -2.1320039e+00  -1.4099000e+00   7.7084363e-02   1.6438702e+00   0.0000000e+00
  -1.0852675e-01  -2.1337641e+00  -1.3290665e+00   6.8106675e-02   1.6346631e+00   0.0000000e+00
  -1.3842138e-01  -2.1405015e+00  -1.2499374e+00   5.6537974e-02   1.6264106e+00   0.0000000e+00
  -1.6338538e-01  -2.1518247e+00  -1.1642593e+00   4.0975572e-02   1.6179906e+00   0.0000000e+00
  -1.8305382e-01  -2.1669376e+00  -1.0749725e+00   2.1375289e-02   1.6095830e+00   0.0000000e+00
  -1.9740780e-01  -2.1846148e+00  -9.8561536e-01  -1.8689298e-03   1.6013942e+00   0.0000000e+00
  -2.0392557e-01  -2.1965380e+00  -9.3027964e-01  -1.8247987e-02   1.5963819e+00   0.0000000e+00
  -2.0852648e-01  -2.2083709e+00  -8.7782838e-01  -3.5283707e-02   1.5916459e+00   0.0000000e+00
  -2.1138281e-01  -2.2195417e+00  -8.2981504e-01  -5.2256571e-02   1.5873117e+00   0.0000000e+00
  -2.1269866e-01  -2.2294460e+00  -7.8784856e-01  -6.8235292e-02   1.5835277e+00   0.0000000e+00
  -2.1270568e-01  -2.2374873e+00  -7.5349558e-01  -8.2139426e-02   1.5804549e+00   0.0000000e+00
  -2.1165567e-01  -2.2431679e+00  -7.2808037e-01  -9.2845481e-02   1.5782492e+00   0.0000000e+00
  -2.0980947e-01  -2.2461655e+00  -7.1250061e-01  -9.9480646e-02   1.5770209e+00   0.0000000e+00
  -2.0743155e-01  -2.2463689e+00  -7.0713505e-01  -1.0154794e-01   1.5768161e+00   0.0000000e+00
  -2.0501955e-01  -2.2442026e+00  -7.1102535e-01  -9.9382576e-02   1.5775031e+00   0.0000000e+00
  -2.0257706e-01  -2.2400637e+00  -7.2269894e-01  -9.3749814e-02   1.5789318e+00   0.0000000e+00
  -2.0028757e-01  -2.2343295e+00  -7.4127638e-01  -8.5266477e-02   1.5809744e+00   0.0000000e+00
  -1.9832327e-01  -2.2274616e+00  -7.6565703e-01  -7.4698383e-02   1.5834761e+00   0.0000000e+00
  -1.9652724e-01  -2.2177718e+00  -8.0361214e-01  -5.9355037e-02   1.5871043e+00   0.0000000e+00
  -1.9583815e-01  -2.2081431e+00  -8.4644459e-01  -4.3492812e-02   1.5908817e+00   0.0000000e+00
  -1.9650352e-01  -2.1995337e+00  -8.9169066e-01  -2.8317977e-02   1.5945299e+00   0.0000000e+00
  -1.9870839e-01  -2.1927185e+00  -9.3721763e-01  -1.4647628e-02   1.5978367e+00   0.0000000e+00
  -2.0315180e-01  -2.1879097e+00  -9.8649028e-01  -1.6575787e-03   1.6009620e+00   0.0000000e+00
  -2.0970957e-01  -2.1865793e+00  -1.0317968e+00   8.5608013e-03   1.6033390e+00   0.0000000e+00
  -2.1828310e-01  -2.1889054e+00  -1.0712747e+00   1.5913562e-02   1.6048874e+00   0.0000000e+00
  -2.2864145e-01  -2.1946972e+00  -1.1036288e+00   2.0540644e-02   1.6055979e+00   0.0000000e+00
  -2.4265548e-01  -2.2052572e+00  -1.1316477e+00   2.2933640e-02   1.6054344e+00   0.0000000e+00
  -2.5786437e-01  -2.2185913e+00  -1.1485254e+00   2.2617329e-02   1.6043532e+00   0.0000000e+00
  -2.7334687e-01  -2.2331748e+00  -1.1547566e+00   2.0250881e-02   1.6025728e+00   0.0000000e+00
  -2.8808882e-01  -2.2473971e+00  -1.1514577e+00   1.6475592e-02   1.6003424e+00   0.0000000e+00
  -3.0502235e-01  -2.2633506e+00  -1.1345665e+00   1.0141297e-02   1.5970606e+00   0.0000000e+00
  -3.1609806e-01  -2.2726819e+00  -1.1074772e+00   3.5264048e-03   1.5940331e+00   0.0000000e+00
  -3.1911022e-01  -2.2736609e+00  -1.0739853e+00  -2.5431350e-03   1.5917348e+00   0.0000000e+00
  -3.1228311e-01  -2.2660927e+00  -1.0367022e+00  -7.7270309e-03   1.5904803e+00   0.0000000e+00
  -3.0341636e-01  -2.2583689e+00  -1.0141883e+00  -1.0348450e-02   1.5902950e+00   0.0000000e+00
  -2.9071664e-01  -2.2487410e+00  -9.9076557e-01  -1.2889359e-02   1.5904972e+00   0.0000000e+00
  -2.7407776e-01  -2.2378001e+00  -9.6623326e-01  -1.5572062e-02   1.5910629e+00   0.0000000e+00
  -2.5345989e-01  -2.2262246e+00  -9.4028827e-01  -1.8686719e-02   1.5919487e+00   0.0000000e+00
  -2.2889576e-01  -2.2147507e+00  -9.1257811e-01  -2.2577355e-02   1.5930938e+00   0.0000000e+00
  -2.0050082e-01  -2.2041576e+00  -8.8261433e-01  -2.7690836e-02   1.5944072e+00   0.0000000e+00
  -1.6849131e-01  -2.1951710e+00  -8.5001212e-01  -3.4489221e-02   1.5957839e+00   0.0000000e+00
  -1.3319321e-01  -2.1884050e+00  -8.1465202e-01  -4.3390239e-02   1.5971166e+00   0.0000000e+00
  -9.5105973e-02  -2.1842815e+00  -7.7696669e-01  -5.4629671e-02   1.5983194e+00   0.0000000e+00
  -5.4749556e-02  -2.1828954e+00  -7.3786629e-01  -6.8201913e-02   1.5993491e+00   0.0000000e+00
  -1.2788338e-02  -2.1841338e+00  -6.9850677e-01  -8.3850883e-02   1.6001918e+00   0.0000000e+00
   3.0035426e-02  -2.1876479e+00  -6.6030235e-01  -1.0101014e-01   1.6008831e+00   0.0000000e+00
   7.3421764e-02  -2.1929311e+00  -6.2453491e-01  -1.1897185e-01   1.6015284e+00   0.0000000e+00
   1.1604033e-01  -2.1992339e+00  -5.9340967e-01  -1.3623525e-01   1.6022913e+00   0.0000000e+00
   1.5686180e-01  -2.2057464e+00  -5.6867198e-01  -1.5126570e-01   1.6033820e+00   0.0000000e+00
   1.9474048e-01  -2.2115700e+00  -5.5201917e-01  -1.6236509e-01   1.6050501e+00   0.0000000e+00
   2.2672109e-01  -2.2155766e+00  -5.4512626e-01  -1.6770153e-01   1.6073927e+00   0.0000000e+00
   2.5448523e-01  -2.2174321e+00  -5.4767933e-01  -1.6710470e-01   1.6106725e+00   0.0000000e+00
   2.7754113e-01  -2.2166437e+00  -5.5998133e-01  -1.6031202e-01   1.6149425e+00   0.0000000e+00
   2.9555711e-01  -2.2129703e+00  -5.8167326e-01  -1.4781576e-01   1.6201047e+00   0.0000000e+00
   3.0657714e-01  -2.2077179e+00  -6.0619625e-01  -1.3387610e-01   1.6249158e+00   0.0000000e+00
   3.1393034e-01  -2.2006466e+00  -6.3564978e-01  -1.1765183e-01   1.6299887e+00   0.0000000e+00
   3.1761998e-01  -2.1920158e+00  -6.6899183e-01  -1.0003210e-01   1.6351196e+00   0.0000000e+00
   3.1768938e-01  -2.1821579e+00  -7.0508395e-01  -8.1847293e-02   1.6401101e+00   0.0000000e+00
   3.1345626e-01  -2.1699166e+00  -7.4806377e-01  -6.1362711e-02   1.6453928e+00   0.0000000e+00
   3.0478833e-01  -2.1571788e+00  -7.9136992e-01  -4.1916427e-02   1.6500321e+00   0.0000000e+00
   2.9190218e-01  -2.1445286e+00  -8.3342022e-01  -2.4113386e-02   1.6538553e+00   0.0000000e+00
   2.7506618e-01  -2.1325180e+00  -8.7278490e-01  -8.3635828e-03   1.6567381e+00   0.0000000e+00
   2.5102373e-01  -2.1200622e+00  -9.1340694e-01   7.0090165e-03   1.6588002e+00   0.0000000e+00
   2.2270865e-01  -2.1098557e+00  -9.4703258e-01   1.9068929e-02   1.6594285e+00   0.0000000e+00
   1.9082834e-01  -2.1024841e+00  -9.7230217e-01   2.7688585e-02   1.6586146e+00   0.0000000e+00
   1.5618998e-01  -2.0984053e+00  -9.8819039e-01   3.2799158e-02   1.6563989e+00   0.0000000e+00
   1.1232430e-01  -2.0983012e+00  -9.9393025e-01   3.4255637e-02   1.6520195e+00   0.0000000e+00
   6.7430477e-02  -2.1036617e+00  -9.8471832e-01   3.0534526e-02   1.6459573e+00   0.0000000e+00
   2.3101271e-02  -2.1144657e+00  -9.6075849e-01   2.1515434e-02   1.6384556e+00   0.0000000e+00
  -1.9221448e-02  -2.1303935e+00  -9.2298475e-01   7.0611405e-03   1.6297788e+00   0.0000000e+00
  -5.4645536e-02  -2.1486744e+00  -8.7835276e-01  -1.0759668e-02   1.6211675e+00   0.0000000e+00
  -8.6191534e-02  -2.1697190e+00  -8.2595650e-01  -3.2986120e-02   1.6121260e+00   0.0000000e+00
  -1.1290505e-01  -2.1922621e+00  -7.6878079e-01  -5.8998028e-02   1.6030084e+00   0.0000000e+00
  -1.3415788e-01  -2.2147228e+00  -7.1061806e-01  -8.7527473e-02   1.5942291e+00   0.0000000e+00
  -1.5301756e-01  -2.2405536e+00  -6.4156504e-01  -1.2454141e-01   1.5842199e+00   0.0000000e+00
  -1.6208611e-01  -2.2587577e+00  -5.8986640e-01  -1.5463604e-01   1.5770378e+00   0.0000000e+00
  -1.6175567e-01  -2.2654736e+00  -5.6639567e-01  -1.6860083e-01   1.5742405e+00   0.0000000e+00
  -1.5279984e-01  -2.2586975e+00  -5.7799997e-01  -1.6025350e-01   1.5768334e+00   0.0000000e+00
  -1.3731912e-01  -2.2405925e+00  -6.2124203e-01  -1.3315256e-01   1.5840235e+00   0.0000000e+00
  -1.1607860e-01  -2.2140261e+00  -6.9039846e-01  -9.4320907e-02   1.5946408e+00   0.0000000e+00
  -1.0223689e-01  -2.1970793e+00  -7.3710507e-01  -7.0665527e-02   1.6014793e+00   0.0000000e+00
  -8.7237475e-02  -2.1794972e+00  -7.8791310e-01  -4.6997842e-02   1.6086910e+00   0.0000000e+00
  -7.1337690e-02  -2.1619607e+00  -8.4150453e-01  -2.4166232e-02   1.6160778e+00   0.0000000e+00
  -5.4807461e-02  -2.1450758e+00  -8.9671134e-01  -2.7603644e-03   1.6234755e+00   0.0000000e+00
  -3.4778486e-02  -2.1266215e+00  -9.6285667e-01   2.0280251e-02   1.6320772e+00   0.0000000e+00
  -1.4724655e-02  -2.1105170e+00  -1.0284440e+00   4.0518162e-02   1.6403322e+00   0.0000000e+00
   4.9044681e-03  -2.0972800e+00  -1.0923346e+00   5.7861207e-02   1.6481039e+00   0.0000000e+00
   2.3691447e-02  -2.0872504e+00  -1.1536323e+00   7.2367382e-02   1.6552898e+00   0.0000000e+00
   4.6039477e-02  -2.0793132e+00  -1.2276469e+00   8.7153095e-02   1.6635660e+00   0.0000000e+00
   6.5465873e-02  -2.0770341e+00  -1.2952753e+00   9.7989806e-02   1.6706326e+00   0.0000000e+00
   8.1211691e-02  -2.0800986e+00  -1.3558258e+00   1.0540748e-01   1.6764189e+00   0.0000000e+00
   9.2771868e-02  -2.0877747e+00  -1.4085373e+00   1.0994530e-01   1.6808935e+00   0.0000000e+00
   1.0061792e-01  -2.1010107e+00  -1.4592296e+00   1.1236309e-01   1.6844810e+00   0.0000000e+00
   1.0241837e-01  -2.1166247e+00  -1.4985523e+00   1.1265332e-01   1.6864866e+00   0.0000000e+00
   9.8507008e-02  -2.1322486e+00  -1.5269893e+00   1.1171504e-01   1.6871300e+00   0.0000000e+00
   8.9550225e-02  -2.1456958e+00  -1.5452854e+00   1.1030241e-01   1.6866621e+00   0.0000000e+00
   7.3891355e-02  -2.1562675e+00  -1.5549574e+00   1.0880255e-01   1.6850435e+00   0.0000000e+00
   5.4564277e-02  -2.1597685e+00  -1.5526239e+00   1.0791153e-01   1.6826033e+00   0.0000000e+00
   3.3707929e-02  -2.1560200e+00  -1.5385502e+00   1.0767118e-01   1.6796060e+00   0.0000000e+00
   1.3504024e-02  -2.1461891e+00  -1.5124544e+00   1.0770115e-01   1.6762163e+00   0.0000000e+00
  -3.6581067e-03  -2.1328077e+00  -1.4744947e+00   1.0726977e-01   1.6725763e+00   0.0000000e+00
  -1.6283388e-02  -2.1184306e+00  -1.4237677e+00   1.0540310e-01   1.6686458e+00   0.0000000e+00
  -2.2905999e-02  -2.1056890e+00  -1.3601649e+00   1.0099382e-01   1.6643997e+00   0.0000000e+00
  -2.2635784e-02  -2.0969063e+00  -1.2841692e+00   9.2867287e-02   1.6597712e+00   0.0000000e+00
  -1.9032213e-02  -2.0943519e+00  -1.2332813e+00   8.5739450e-02   1.6567820e+00   0.0000000e+00
  -1.2886323e-02  -2.0941742e+00  -1.1785870e+00   7.6570479e-02   1.6535825e+00   0.0000000e+00
  -4.3081858e-03  -2.0965447e+00  -1.1204791e+00   6.5112327e-02   1.6501397e+00   0.0000000e+00
   6.5225492e-03  -2.1014926e+00  -1.0597311e+00   5.1209791e-02   1.6464438e+00   0.0000000e+00
   1.9372701e-02  -2.1088549e+00  -9.9758884e-01   3.4871747e-02   1.6425252e+00   0.0000000e+00
   3.3897228e-02  -2.1182018e+00  -9.3572221e-01   1.6352526e-02   1.6384566e+00   0.0000000e+00
   4.9647378e-02  -2.1289123e+00  -8.7601738e-01  -3.7852813e-03   1.6343566e+00   0.0000000e+00
   6.6108888e-02  -2.1401741e+00  -8.2061432e-01  -2.4605780e-02   1.6304062e+00   0.0000000e+00
   7.9440781e-02  -2.1489536e+00  -7.8087195e-01  -4.0919783e-02   1.6275100e+00   0.0000000e+00
   9.2563001e-02  -2.1569340e+00  -7.4664731e-01  -5.5938364e-02   1.6250310e+00   0.0000000e+00
   1.0517088e-01  -2.1636123e+00  -7.1908884e-01  -6.8726439e-02   1.6231385e+00   0.0000000e+00
   1.1696516e-01  -2.1685481e+00  -6.9917504e-01  -7.8376709e-02   1.6219941e+00   0.0000000e+00
   1.2765787e-01  -2.1713893e+00  -6.8765196e-01  -8.4096854e-02   1.6217356e+00   0.0000000e+00
   1.3698538e-01  -2.1719415e+00  -6.8486107e-01  -8.5452958e-02   1.6224300e+00   0.0000000e+00
   1.4471433e-01  -2.1701674e+00  -6.9074309e-01  -8.2394160e-02   1.6240674e+00   0.0000000e+00
   1.5064512e-01  -2.1661885e+00  -7.0483416e-01  -7.5266927e-02   1.6265566e+00   0.0000000e+00
   1.5490977e-01  -2.1595494e+00  -7.2895586e-01  -6.3486274e-02   1.6301030e+00   0.0000000e+00
   1.5660459e-01  -2.1510708e+00  -7.6058381e-01  -4.8787183e-02   1.6342084e+00   0.0000000e+00
   1.5560558e-01  -2.1413543e+00  -7.9805186e-01  -3.2384141e-02   1.6385821e+00   0.0000000e+00
   1.5183588e-01  -2.1310336e+00  -8.3964342e-01  -1.5373867e-02   1.6429518e+00   0.0000000e+00
   1.4505751e-01  -2.1204825e+00  -8.8481879e-01   1.7336547e-03   1.6471770e+00   0.0000000e+00
   1.3534965e-01  -2.1105798e+00  -9.3088777e-01   1.7794614e-02   1.6509431e+00   0.0000000e+00
   1.2278394e-01  -2.1018568e+00  -9.7637690e-01   3.2316925e-02   1.6541004e+00   0.0000000e+00
   1.0748563e-01  -2.0947481e+00  -1.0200142e+00   4.5000910e-02   1.6565472e+00   0.0000000e+00
   8.3331960e-02  -2.0883806e+00  -1.0731404e+00   5.8743688e-02   1.6585984e+00   0.0000000e+00
   5.5275762e-02  -2.0859344e+00  -1.1191481e+00   6.8969632e-02   1.6592614e+00   0.0000000e+00
   2.4024127e-02  -2.0876293e+00  -1.1565643e+00   7.5796823e-02   1.6585720e+00   0.0000000e+00
  -9.6011215e-03  -2.0934081e+00  -1.1844276e+00   7.9460735e-02   1.6566311e+00   0.0000000e+00
  -5.3497307e-02  -2.1058656e+00  -1.2050137e+00   8.0062546e-02   1.6526848e+00   0.0000000e+00
  -9.7458143e-02  -2.1229812e+00  -1.2104133e+00   7.6937907e-02   1.6474706e+00   0.0000000e+00
  -1.3893247e-01  -2.1429554e+00  -1.2024251e+00   7.0946680e-02   1.6415417e+00   0.0000000e+00
  -1.7563088e-01  -2.1636114e+00  -1.1839926e+00   6.3052709e-02   1.6354673e+00   0.0000000e+00
  -2.0633660e-01  -2.1830596e+00  -1.1582300e+00   5.4064215e-02   1.6296591e+00   0.0000000e+00
  -2.2842798e-01  -2.1983226e+00  -1.1303993e+00   4.5484565e-02   1.6248356e+00   0.0000000e+00
  -2.4084602e-01  -2.2075073e+00  -1.1051479e+00   3.8588387e-02   1.6214635e+00   0.0000000e+00
  -2.4297302e-01  -2.2094024e+00  -1.0864499e+00   3.4517838e-02   1.6199074e+00   0.0000000e+00
  -2.3660781e-01  -2.2049955e+00  -1.0780712e+00   3.3946914e-02   1.6201943e+00   0.0000000e+00
  -2.2281433e-01  -2.1954338e+00  -1.0774702e+00   3.6195526e-02   1.6220159e+00   0.0000000e+00
  -2.0180506e-01  -2.1814771e+00  -1.0848632e+00   4.1141950e-02   1.6253575e+00   0.0000000e+00
  -1.7396928e-01  -2.1642658e+00  -1.0997718e+00   4.8366980e-02   1.6301236e+00   0.0000000e+00
  -1.4254545e-01  -2.1466483e+00  -1.1193946e+00   5.6529368e-02   1.6356698e+00   0.0000000e+00
  -1.0637856e-01  -2.1287371e+00  -1.1434374e+00   6.5457699e-02   1.6421067e+00   0.0000000e+00
  -6.6265688e-02  -2.1117662e+00  -1.1706866e+00   7.4542123e-02   1.6492146e+00   0.0000000e+00
  -2.3156457e-02  -2.0968649e+00  -1.1999395e+00   8.3237228e-02   1.6567524e+00   0.0000000e+00
   2.1855808e-02  -2.0850054e+00  -1.2300624e+00   9.1084812e-02   1.6644650e+00   0.0000000e+00
   6.7700696e-02  -2.0769294e+00  -1.2600381e+00   9.7749908e-02   1.6721087e+00   0.0000000e+00
   1.1309884e-01  -2.0730855e+00  -1.2890655e+00   1.0302977e-01   1.6794432e+00   0.0000000e+00
   1.5643791e-01  -2.0735802e+00  -1.3166351e+00   1.0686763e-01   1.6862283e+00   0.0000000e+00
   1.9441622e-01  -2.0778653e+00  -1.3414938e+00   1.0927605e-01   1.6920187e+00   0.0000000e+00
   2.2794419e-01  -2.0852412e+00  -1.3649341e+00   1.1064477e-01   1.6970381e+00   0.0000000e+00
   2.5619144e-01  -2.0948932e+00  -1.3870523e+00   1.1120424e-01   1.7012424e+00   0.0000000e+00
   2.7857253e-01  -2.1058798e+00  -1.4080483e+00   1.1121582e-01   1.7046331e+00   0.0000000e+00
   2.9956529e-01  -2.1217738e+00  -1.4362711e+00   1.1081248e-01   1.7081127e+00   0.0000000e+00
   3.0780716e-01  -2.1357542e+00  -1.4629508e+00   1.1046942e-01   1.7101678e+00   0.0000000e+00
   3.0356921e-01  -2.1458402e+00  -1.4876311e+00   1.1060464e-01   1.7109049e+00   0.0000000e+00
   2.8764847e-01  -2.1508126e+00  -1.5090459e+00   1.1140765e-01   1.7103844e+00   0.0000000e+00
   2.6020936e-01  -2.1501229e+00  -1.5256610e+00   1.1290833e-01   1.7085385e+00   0.0000000e+00
   2.2350767e-01  -2.1441259e+00  -1.5336746e+00   1.1480827e-01   1.7053377e+00   0.0000000e+00
   1.7985482e-01  -2.1342624e+00  -1.5300968e+00   1.1660005e-01   1.7007706e+00   0.0000000e+00
   1.3191151e-01  -2.1226391e+00  -1.5122571e+00   1.1756940e-01   1.6948632e+00   0.0000000e+00
   8.4611055e-02  -2.1122143e+00  -1.4798402e+00   1.1689969e-01   1.6880104e+00   0.0000000e+00
   3.8493243e-02  -2.1047274e+00  -1.4316123e+00   1.1371079e-01   1.6801069e+00   0.0000000e+00
  -4.2940764e-03  -2.1019097e+00  -1.3679173e+00   1.0707014e-01   1.6713049e+00   0.0000000e+00
  -4.2057668e-02  -2.1048200e+00  -1.2903256e+00   9.6132687e-02   1.6617903e+00   0.0000000e+00
  -6.9141864e-02  -2.1119944e+00  -1.2160705e+00   8.3061271e-02   1.6533671e+00   0.0000000e+00
  -9.1411249e-02  -2.1232233e+00  -1.1359018e+00   6.6116577e-02   1.6447091e+00   0.0000000e+00
  -1.0865546e-01  -2.1377688e+00  -1.0526173e+00   4.5383596e-02   1.6359992e+00   0.0000000e+00
  -1.2086857e-01  -2.1543827e+00  -9.7014048e-01   2.1573947e-02   1.6275246e+00   0.0000000e+00
  -1.2606564e-01  -2.1651046e+00  -9.2099813e-01   5.6860409e-03   1.6225008e+00   0.0000000e+00
  -1.2951404e-01  -2.1754169e+00  -8.7563542e-01  -1.0171745e-02   1.6178665e+00   0.0000000e+00
  -1.3138136e-01  -2.1847695e+00  -8.3550437e-01  -2.5206806e-02   1.6137723e+00   0.0000000e+00
  -1.3186516e-01  -2.1926278e+00  -8.0200183e-01  -3.8508512e-02   1.6103784e+00   0.0000000e+00
  -1.3118855e-01  -2.1985056e+00  -7.7639681e-01  -4.9118170e-02   1.6078434e+00   0.0000000e+00
  -1.2959173e-01  -2.2020461e+00  -7.5965390e-01  -5.6188453e-02   1.6062972e+00   0.0000000e+00
  -1.2732195e-01  -2.2030656e+00  -7.5231293e-01  -5.9175944e-02   1.6058104e+00   0.0000000e+00
  -1.2462863e-01  -2.2015733e+00  -7.5443515e-01  -5.7922138e-02   1.6063812e+00   0.0000000e+00
  -1.2159166e-01  -2.1974862e+00  -7.6651379e-01  -5.2253119e-02   1.6080506e+00   0.0000000e+00
  -1.2058476e-01  -2.1956230e+00  -7.7262271e-01  -4.9489448e-02   1.6088222e+00   0.0000000e+00
