   0.0000000e+00   0.0000000e+00   0.0000000e+00   0.0000000e+00   0.0000000e+00   0.0000000e+00
  -1.9167418e-01  -7.0285970e-03   5.4706099e-02   1.0152813e-01  -8.1963890e-02   0.0000000e+00
  -1.7184925e-01  -9.8445856e-03   5.2509908e-02   1.0020783e-01  -8.0731506e-02   0.0000000e+00
  -1.5116828e-01  -1.1282653e-02   4.9277898e-02   9.6171445e-02  -7.7322370e-02   0.0000000e+00
  -1.2957749e-01  -1.1238358e-02   4.4933816e-02   8.9140014e-02  -7.1522964e-02   0.0000000e+00
  -1.0788225e-01  -9.9331651e-03   3.9614236e-02   7.9397355e-02  -6.3578818e-02   0.0000000e+00
  -8.7075182e-02  -7.9557568e-03   3.3640370e-02   6.7824192e-02  -5.4210050e-02   0.0000000e+00
  -6.7773450e-02  -4.0283890e-03   2.7477981e-02   5.4072439e-02  -4.3154268e-02   0.0000000e+00
  -5.1014100e-02   6.9318733e-04   2.1658208e-02   3.9949621e-02  -3.1855268e-02   0.0000000e+00
  -3.7634024e-02   5.3089496e-03   1.6715836e-02   2.7194673e-02  -2.1687324e-02   0.0000000e+00
  -2.7630168e-02   9.3798660e-03   1.2865936e-02   1.6678097e-02  -1.3325660e-02   0.0000000e+00
  -2.1732247e-02   1.2197397e-02   1.0547700e-02   9.9472321e-03  -7.9831472e-03   0.0000000e+00
  -1.9257369e-02   1.3678593e-02   9.5784506e-03   6.8464210e-03  -5.5242163e-03   0.0000000e+00
  -2.0427126e-02   1.3945217e-02   1.0105476e-02   7.5825520e-03  -6.1083677e-03   0.0000000e+00
  -2.7650278e-02   1.0129416e-02   1.2932894e-02   1.6130406e-02  -1.2890942e-02   0.0000000e+00
  -3.8393939e-02   3.6409901e-03   1.6905029e-02   2.8962968e-02  -2.3090647e-02   0.0000000e+00
  -5.2244711e-02  -5.3463356e-03   2.1634016e-02   4.5070349e-02  -3.5924746e-02   0.0000000e+00
  -6.8370787e-02  -1.6486469e-02   2.6534716e-02   6.3001778e-02  -5.0256486e-02   0.0000000e+00
  -8.5717864e-02  -2.9222162e-02   3.0987094e-02   8.1179417e-02  -6.4836148e-02   0.0000000e+00
  -1.0255728e-01  -4.2372523e-02   3.4374019e-02   9.7638496e-02  -7.8084436e-02   0.0000000e+00
  -1.1910828e-01  -5.6166960e-02   3.6651876e-02   1.1259562e-01  -9.0163682e-02   0.0000000e+00
  -1.3453942e-01  -6.9988289e-02   3.7656349e-02   1.2536810e-01  -1.0050806e-01   0.0000000e+00
  -1.4857433e-01  -8.3641095e-02   3.7416758e-02   1.3591967e-01  -1.0907146e-01   0.0000000e+00
  -1.6121275e-01  -9.7186012e-02   3.6000541e-02   1.4445224e-01  -1.1600322e-01   0.0000000e+00
  -1.7181263e-01  -1.0991933e-01   3.3633522e-02   1.5078713e-01  -1.2114688e-01   0.0000000e+00
  -1.8107787e-01  -1.2274336e-01   3.0272869e-02   1.5557240e-01  -1.2502048e-01   0.0000000e+00
  -1.8808378e-01  -1.3435191e-01   2.6420517e-02   1.5856425e-01  -1.2742307e-01   0.0000000e+00
  -1.9323343e-01  -1.4508588e-01   2.2202055e-02   1.6022172e-01  -1.2872702e-01   0.0000000e+00
  -1.9672228e-01  -1.5506797e-01   1.7733612e-02   1.6081506e-01  -1.2915268e-01   0.0000000e+00
  -1.9863274e-01  -1.6375618e-01   1.3428444e-02   1.6058457e-01  -1.2890223e-01   0.0000000e+00
  -1.9962464e-01  -1.7182173e-01   9.1062922e-03   1.5976470e-01  -1.2816827e-01   0.0000000e+00
  -1.9978552e-01  -1.7928780e-01   4.8229058e-03   1.5846027e-01  -1.2703757e-01   0.0000000e+00
  -1.9754808e-01  -1.8558447e-01   8.6758538e-04   1.5668706e-01  -1.2551052e-01   0.0000000e+00
  -1.9384632e-01  -1.9125505e-01  -2.9798962e-03   1.5451032e-01  -1.2364704e-01   0.0000000e+00
  -1.8915918e-01  -1.9587238e-01  -6.3908691e-03   1.5216352e-01  -1.2164694e-01   0.0000000e+00
  -1.8354383e-01  -1.9958008e-01  -9.4308343e-03   1.4965357e-01  -1.1951539e-01   0.0000000e+00
  -1.7731154e-01  -2.0229073e-01  -1.1997886e-02   1.4710245e-01  -1.1735567e-01   0.0000000e+00
  -1.6995134e-01  -2.0419906e-01  -1.4292980e-02   1.4429517e-01  -1.1498649e-01   0.0000000e+00
  -1.6202376e-01  -2.0511779e-01  -1.6134320e-02   1.4142067e-01  -1.1256883e-01   0.0000000e+00
  -1.5358442e-01  -2.0531435e-01  -1.7716692e-02   1.3834514e-01  -1.0999290e-01   0.0000000e+00
  -1.4468143e-01  -2.0476879e-01  -1.9040854e-02   1.3504658e-01  -1.0724197e-01   0.0000000e+00
  -1.3534315e-01  -2.0205013e-01  -1.9138176e-02   1.3212696e-01  -1.0481334e-01   0.0000000e+00
  -1.2556758e-01  -1.9775839e-01  -1.8501387e-02   1.2917098e-01  -1.0236608e-01   0.0000000e+00
  -1.1513529e-01  -1.9164346e-01  -1.7123345e-02   1.2595398e-01  -9.9718528e-02   0.0000000e+00
  -1.0475848e-01  -1.8395533e-01  -1.5111796e-02   1.2251268e-01  -9.6905042e-02   0.0000000e+00
  -9.4405165e-02  -1.7456515e-01  -1.2518334e-02   1.1862807e-01  -9.3749561e-02   0.0000000e+00
  -8.4111302e-02  -1.6333874e-01  -9.4136403e-03   1.1404605e-01  -9.0048802e-02   0.0000000e+00
  -7.3937992e-02  -1.5012970e-01  -5.8974133e-03   1.0845540e-01  -8.5554236e-02   0.0000000e+00
  -6.4460988e-02  -1.3555369e-01  -2.2750564e-03   1.0187000e-01  -8.0278385e-02   0.0000000e+00
  -5.5186008e-02  -1.1868933e-01   1.5057271e-03   9.3572476e-02  -7.3647934e-02   0.0000000e+00
  -4.7053718e-02  -1.0116632e-01   4.9373911e-03   8.4130317e-02  -6.6117443e-02   0.0000000e+00
  -3.9853492e-02  -8.2767308e-02   7.9862530e-03   7.3303609e-02  -5.7495755e-02   0.0000000e+00
  -3.3747586e-02  -6.4130169e-02   1.0508029e-02   6.1406698e-02  -4.8033878e-02   0.0000000e+00
  -2.8800817e-02  -4.5952148e-02   1.2439159e-02   4.8933654e-02  -3.8124647e-02   0.0000000e+00
  -2.5035825e-02  -2.9067702e-02   1.3797994e-02   3.6630170e-02  -2.8359323e-02   0.0000000e+00
  -2.2397901e-02  -1.4445590e-02   1.4663763e-02   2.5457857e-02  -1.9498581e-02   0.0000000e+00
  -2.0730986e-02  -2.9309071e-03   1.5162575e-02   1.6353055e-02  -1.2281676e-02   0.0000000e+00
  -1.9747166e-02   5.3992812e-03   1.5428620e-02   9.6055399e-03  -6.9352986e-03   0.0000000e+00
  -1.9283336e-02   9.6486124e-03   1.5520240e-02   6.0866276e-03  -4.1476723e-03   0.0000000e+00
  -1.9122962e-02   1.1483865e-02   1.5564973e-02   4.5765925e-03  -2.9515769e-03   0.0000000e+00
  -1.9137173e-02   7.0177514e-03   1.5275668e-02   7.9268508e-03  -5.6051298e-03   0.0000000e+00
  -1.8745101e-02  -2.0144771e-03   1.4355791e-02   1.4111445e-02  -1.0503216e-02   0.0000000e+00
  -1.7373059e-02  -1.4088457e-02   1.2414871e-02   2.1129398e-02  -1.6058580e-02   0.0000000e+00
  -1.4738847e-02  -2.8882713e-02   9.0407854e-03   2.7984449e-02  -2.1477698e-02   0.0000000e+00
  -1.0931665e-02  -4.4540401e-02   4.2607655e-03   3.3094308e-02  -2.5503449e-02   0.0000000e+00
  -5.8537542e-03  -6.0715381e-02  -2.0893479e-03   3.5787314e-02  -2.7600703e-02   0.0000000e+00
   4.7023630e-04  -7.6719590e-02  -9.9525067e-03   3.5412731e-02  -2.7254787e-02   0.0000000e+00
   8.0170393e-03  -9.2038442e-02  -1.9184631e-02   3.1548004e-02  -2.4136383e-02   0.0000000e+00
   1.6344240e-02  -1.0565512e-01  -2.9072530e-02   2.4370058e-02  -1.8397974e-02   0.0000000e+00
   2.5274556e-02  -1.1745659e-01  -3.9238835e-02   1.4274720e-02  -1.0363880e-02   0.0000000e+00
   3.4854260e-02  -1.2757576e-01  -4.9538917e-02   1.4385613e-03  -1.8282282e-04   0.0000000e+00
   4.5124636e-02  -1.3607732e-01  -5.9828888e-02  -1.4020688e-02   1.2043947e-02   0.0000000e+00
   5.5515144e-02  -1.4257659e-01  -6.9385135e-02  -3.0973973e-02   2.5419911e-02   0.0000000e+00
   6.6018725e-02  -1.4728977e-01  -7.8149882e-02  -4.9096107e-02   3.9689636e-02   0.0000000e+00
   7.5950570e-02  -1.5020131e-01  -8.5594165e-02  -6.6893506e-02   5.3682190e-02   0.0000000e+00
   8.5933652e-02  -1.5172650e-01  -9.2243547e-02  -8.5244300e-02   6.8093924e-02   0.0000000e+00
   9.5483076e-02  -1.5193937e-01  -9.7821950e-02  -1.0309985e-01   8.2106768e-02   0.0000000e+00
   1.0458768e-01  -1.5104915e-01  -1.0243375e-01  -1.2031206e-01   9.5610284e-02   0.0000000e+00
   1.1320866e-01  -1.4929217e-01  -1.0620397e-01  -1.3675858e-01   1.0851299e-01   0.0000000e+00
   1.2129570e-01  -1.4724684e-01  -1.0948338e-01  -1.5255555e-01   1.2090769e-01   0.0000000e+00
   1.2875787e-01  -1.4397952e-01  -1.1160624e-01  -1.6676793e-01   1.3206861e-01   0.0000000e+00
   1.3556708e-01  -1.3952545e-01  -1.1261588e-01  -1.7924110e-01   1.4187628e-01   0.0000000e+00
   1.4168099e-01  -1.3431861e-01  -1.1280176e-01  -1.9010108e-01   1.5042823e-01   0.0000000e+00
   1.4666035e-01  -1.2886910e-01  -1.1225340e-01  -1.9857935e-01   1.5711804e-01   0.0000000e+00
   1.5088024e-01  -1.2283681e-01  -1.1098525e-01  -2.0531690e-01   1.6245021e-01   0.0000000e+00
   1.5421926e-01  -1.1623573e-01  -1.0895258e-01  -2.1007458e-01   1.6623664e-01   0.0000000e+00
   1.5643423e-01  -1.0954263e-01  -1.0630539e-01  -2.1254345e-01   1.6823072e-01   0.0000000e+00
   1.5773324e-01  -1.0221193e-01  -1.0285067e-01  -2.1308452e-01   1.6872070e-01   0.0000000e+00
   1.5859034e-01  -9.4524115e-02  -9.9072239e-02  -2.1305122e-01   1.6876703e-01   0.0000000e+00
   1.5733078e-01  -8.6517347e-02  -9.3909944e-02  -2.0875312e-01   1.6547673e-01   0.0000000e+00
   1.5373530e-01  -7.8854217e-02  -8.7556491e-02  -2.0014408e-01   1.5881073e-01   0.0000000e+00
   1.4838539e-01  -7.1379946e-02  -8.0285164e-02  -1.8884209e-01   1.5004230e-01   0.0000000e+00
   1.4080015e-01  -6.3603440e-02  -7.1543837e-02  -1.7433108e-01   1.3877563e-01   0.0000000e+00
   1.3128682e-01  -5.6011103e-02  -6.1807925e-02  -1.5775844e-01   1.2590364e-01   0.0000000e+00
   1.1971779e-01  -4.8510533e-02  -5.1012590e-02  -1.3941346e-01   1.1165029e-01   0.0000000e+00
   1.0666022e-01  -4.1400170e-02  -3.9739487e-02  -1.2061780e-01   9.7038903e-02   0.0000000e+00
   9.2118272e-02  -3.4576394e-02  -2.8040151e-02  -1.0167294e-01   8.2298693e-02   0.0000000e+00
   7.6006003e-02  -2.7953069e-02  -1.5947645e-02  -8.2769333e-02   6.7571612e-02   0.0000000e+00
   5.8916071e-02  -2.1724693e-02  -4.0027168e-03  -6.4793483e-02   5.3543169e-02   0.0000000e+00
   4.2454601e-02  -1.6347672e-02   6.7115435e-03  -4.9242268e-02   4.1382184e-02   0.0000000e+00
   2.6445410e-02  -1.1634062e-02   1.6425082e-02  -3.5574496e-02   3.0670360e-02   0.0000000e+00
   1.1758881e-02  -7.7435566e-03   2.4745891e-02  -2.4144395e-02   2.1691744e-02   0.0000000e+00
  -6.2950714e-04  -4.7985280e-03   3.1338561e-02  -1.5224384e-02   1.4669714e-02   0.0000000e+00
  -9.9588183e-03  -2.7983911e-03   3.6052522e-02  -8.8910946e-03   9.6749452e-03   0.0000000e+00
  -1.5831287e-02  -1.5937066e-03   3.8913489e-02  -5.0917239e-03   6.6747195e-03   0.0000000e+00
  -1.8197213e-02  -1.0087410e-03   4.0046935e-02  -3.6825494e-03   5.5613074e-03   0.0000000e+00
  -1.7257984e-02  -1.9083974e-04   3.9633936e-02  -5.0112442e-03   6.6124116e-03   0.0000000e+00
  -9.9746971e-03   4.5655854e-05   3.6174311e-02  -1.0948401e-02   1.1302367e-02   0.0000000e+00
   1.5206141e-03   4.7874631e-04   3.0518686e-02  -2.0852107e-02   1.9113288e-02   0.0000000e+00
   1.6325203e-02   1.7692126e-03   2.2933008e-02  -3.5049327e-02   3.0288483e-02   0.0000000e+00
   3.4270722e-02   4.3634639e-03   1.3334468e-02  -5.4429611e-02   4.5509581e-02   0.0000000e+00
   5.3423433e-02   8.2944285e-03   2.6741411e-03  -7.7768410e-02   6.3799865e-02   0.0000000e+00
   7.3710543e-02   1.3650561e-02  -9.0007936e-03  -1.0553857e-01   8.5523290e-02   0.0000000e+00
   9.4265874e-02   1.9848986e-02  -2.1180115e-02  -1.3672231e-01   1.0988414e-01   0.0000000e+00
   1.1500440e-01   2.8265769e-02  -3.3516914e-02  -1.7257912e-01   1.3790090e-01   0.0000000e+00
   1.3425652e-01   3.8270582e-02  -4.4840505e-02  -2.1034387e-01   1.6745268e-01   0.0000000e+00
   1.5260501e-01   4.9603467e-02  -5.5399191e-02  -2.5063391e-01   1.9907139e-01   0.0000000e+00
   1.6925800e-01   6.1631905e-02  -6.4610620e-02  -2.9145458e-01   2.3125491e-01   0.0000000e+00
   1.8434941e-01   7.4258140e-02  -7.2462741e-02  -3.3266859e-01   2.6395986e-01   0.0000000e+00
   1.9733595e-01   8.6770292e-02  -7.8649961e-02  -3.7211835e-01   2.9552569e-01   0.0000000e+00
   2.0844445e-01   9.9057549e-02  -8.3330918e-02  -4.0960079e-01   3.2581617e-01   0.0000000e+00
   2.1785239e-01   1.1104246e-01  -8.6656945e-02  -4.4492048e-01   3.5468721e-01   0.0000000e+00
   2.2571210e-01   1.2269770e-01  -8.8776706e-02  -4.7794627e-01   3.8203283e-01   0.0000000e+00
   2.3213608e-01   1.3403876e-01  -8.9823045e-02  -5.0856407e-01   4.0774773e-01   0.0000000e+00
   2.3688538e-01   1.4437854e-01  -8.9927455e-02  -5.3481925e-01   4.3013162e-01   0.0000000e+00
   2.4018471e-01   1.5372017e-01  -8.9342292e-02  -5.5679166e-01   4.4914668e-01   0.0000000e+00
   2.4232273e-01   1.6238629e-01  -8.8244328e-02  -5.7534251e-01   4.6544065e-01   0.0000000e+00
   2.4374898e-01   1.7081081e-01  -8.6818389e-02  -5.9215735e-01   4.8041564e-01   0.0000000e+00
   2.4413405e-01   1.7846553e-01  -8.5077779e-02  -6.0535423e-01   4.9236051e-01   0.0000000e+00
   2.4193776e-01   1.8416017e-01  -8.2671603e-02  -6.0844705e-01   4.9542749e-01   0.0000000e+00
   2.3832850e-01   1.8824640e-01  -8.0004570e-02  -6.0529261e-01   4.9294495e-01   0.0000000e+00
   2.3330691e-01   1.9093462e-01  -7.6880392e-02  -5.9645510e-01   4.8546263e-01   0.0000000e+00
   2.2682769e-01   1.9207431e-01  -7.3099619e-02  -5.8196218e-01   4.7309874e-01   0.0000000e+00
   2.1928446e-01   1.9155069e-01  -6.8682754e-02  -5.6307772e-01   4.5705831e-01   0.0000000e+00
   2.1022686e-01   1.8926606e-01  -6.3158731e-02  -5.3911828e-01   4.3689291e-01   0.0000000e+00
   1.9952457e-01   1.8501647e-01  -5.6240052e-02  -5.1020367e-01   4.1283983e-01   0.0000000e+00
   1.8770351e-01   1.7908944e-01  -4.8127345e-02  -4.7851401e-01   3.8680668e-01   0.0000000e+00
   1.7483132e-01   1.7233653e-01  -3.8872309e-02  -4.4582446e-01   3.6028993e-01   0.0000000e+00
   1.6014465e-01   1.6238444e-01  -2.7768748e-02  -4.0801173e-01   3.2990416e-01   0.0000000e+00
   1.4421794e-01   1.4952330e-01  -1.5215841e-02  -3.6718378e-01   2.9738229e-01   0.0000000e+00
   1.2795366e-01   1.3518519e-01  -2.0829883e-03  -3.2687131e-01   2.6551549e-01   0.0000000e+00
   1.1049814e-01   1.1872128e-01   1.2174191e-02  -2.8530118e-01   2.3284396e-01   0.0000000e+00
   9.2594801e-02   1.0084718e-01   2.6792678e-02  -2.4450177e-01   2.0090690e-01   0.0000000e+00
   7.4682829e-02   8.2057786e-02   4.1249830e-02  -2.0550589e-01   1.7045195e-01   0.0000000e+00
   5.7420241e-02   6.3123860e-02   5.4880941e-02  -1.6959447e-01   1.4242920e-01   0.0000000e+00
   4.0278447e-02   4.3496352e-02   6.7990106e-02  -1.3549240e-01   1.1580918e-01   0.0000000e+00
   2.5203567e-02   2.5483399e-02   7.9059101e-02  -1.0672342e-01   9.3325372e-02   0.0000000e+00
   1.1396988e-02   8.2603977e-03   8.8726772e-02  -8.1319246e-02   7.3437719e-02   0.0000000e+00
   3.7868031e-04  -6.1175950e-03   9.6055542e-02  -6.1628115e-02   5.7993844e-02   0.0000000e+00
  -8.0638834e-03  -1.7646440e-02   1.0139908e-01  -4.6828492e-02   4.6366685e-02   0.0000000e+00
  -1.4038099e-02  -2.6187834e-02   1.0501749e-01  -3.6448820e-02   3.8200658e-02   0.0000000e+00
  -1.7255744e-02  -3.0944053e-02   1.0690281e-01  -3.0882456e-02   3.3817334e-02   0.0000000e+00
  -1.8715800e-02  -3.3094172e-02   1.0774066e-01  -2.8393939e-02   3.1856864e-02   0.0000000e+00
  -1.7146291e-02  -2.9466520e-02   1.0678483e-01  -3.1983084e-02   3.4687116e-02   0.0000000e+00
  -1.2538171e-02  -2.0299432e-02   1.0391334e-01  -4.1706845e-02   4.2347668e-02   0.0000000e+00
  -6.2242036e-03  -6.6440183e-03   9.9611252e-02  -5.6354348e-02   5.3877735e-02   0.0000000e+00
   1.0767987e-03   1.0859224e-02   9.4008703e-02  -7.5484612e-02   6.8922757e-02   0.0000000e+00
   8.6265490e-03   3.1192826e-02   8.7344389e-02  -9.8275603e-02   8.6832726e-02   0.0000000e+00
   1.6110045e-02   5.4201015e-02   7.9607548e-02  -1.2483243e-01   1.0769302e-01   0.0000000e+00
   2.2930195e-02   7.8642915e-02   7.1198176e-02  -1.5394193e-01   1.3056177e-01   0.0000000e+00
   2.8684320e-02   1.0328619e-01   6.2576446e-02  -1.8421463e-01   1.5436576e-01   0.0000000e+00
   3.3280248e-02   1.2767985e-01   5.3967096e-02  -2.1506558e-01   1.7866715e-01   0.0000000e+00
   3.6734125e-02   1.5179063e-01   4.5448920e-02  -2.4639646e-01   2.0341302e-01   0.0000000e+00
   3.9015284e-02   1.7489055e-01   3.7329029e-02  -2.7718667e-01   2.2781985e-01   0.0000000e+00
   4.0435337e-02   1.9625616e-01   2.9781531e-02  -3.0652933e-01   2.5117520e-01   0.0000000e+00
   4.1209862e-02   2.1603467e-01   2.2769679e-02  -3.3451006e-01   2.7355183e-01   0.0000000e+00
   3.9648813e-02   2.3349465e-01   1.7439864e-02  -3.5834340e-01   2.9277336e-01   0.0000000e+00
   3.6706160e-02   2.4902882e-01   1.3217612e-02  -3.7907128e-01   3.0962370e-01   0.0000000e+00
   3.2785499e-02   2.6193980e-01   1.0205157e-02  -3.9569206e-01   3.2325374e-01   0.0000000e+00
   2.8064809e-02   2.7247004e-01   8.2755878e-03  -4.0844644e-01   3.3382149e-01   0.0000000e+00
   2.2311023e-02   2.8126783e-01   7.3050421e-03  -4.1799735e-01   3.4185182e-01   0.0000000e+00
   1.5864578e-02   2.8782288e-01   7.3630373e-03  -4.2368596e-01   3.4677353e-01   0.0000000e+00
   9.2849902e-03   2.9201060e-01   8.3067614e-03  -4.2563900e-01   3.4865171e-01   0.0000000e+00
   2.1970034e-03   2.9440123e-01   1.0090420e-02  -4.2446861e-01   3.4799720e-01   0.0000000e+00
  -5.4277296e-03   2.9503343e-01   1.2729437e-02  -4.2024422e-01   3.4486939e-01   0.0000000e+00
  -1.3509890e-02   2.9413780e-01   1.6111869e-02  -4.1345825e-01   3.3967307e-01   0.0000000e+00
  -2.0890893e-02   2.9276606e-01   1.9372150e-02  -4.0659706e-01   3.3439131e-01   0.0000000e+00
  -2.8291721e-02   2.8807320e-01   2.4077920e-02  -3.9465158e-01   3.2499403e-01   0.0000000e+00
  -3.5623514e-02   2.8108697e-01   2.9769839e-02  -3.7948077e-01   3.1301000e-01   0.0000000e+00
  -4.2969862e-02   2.7179862e-01   3.6497367e-02  -3.6120222e-01   2.9855912e-01   0.0000000e+00
  -4.9694378e-02   2.6086008e-01   4.3753987e-02  -3.4131672e-01   2.8284220e-01   0.0000000e+00
  -5.5827776e-02   2.4814894e-01   5.1601319e-02  -3.1974251e-01   2.6580348e-01   0.0000000e+00
  -6.1296418e-02   2.3357781e-01   6.0034080e-02  -2.9653489e-01   2.4749176e-01   0.0000000e+00
  -6.5986228e-02   2.1706650e-01   6.9010074e-02  -2.7180453e-01   2.2799613e-01   0.0000000e+00
  -6.9767196e-02   1.9847740e-01   7.8480056e-02  -2.4562287e-01   2.0737154e-01   0.0000000e+00
  -7.2394491e-02   1.7875971e-01   8.7855481e-02  -2.1950466e-01   1.8680689e-01   0.0000000e+00
  -7.3986085e-02   1.5793564e-01   9.7065099e-02  -1.9352804e-01   1.6635910e-01   0.0000000e+00
  -7.5163272e-02   1.3587163e-01   1.0623907e-01  -1.6740453e-01   1.4580562e-01   0.0000000e+00
  -7.4322016e-02   1.1275781e-01   1.1463701e-01  -1.4218655e-01   1.2594082e-01   0.0000000e+00
  -7.1361214e-02   8.9765623e-02   1.2161295e-01  -1.1929359e-01   1.0787804e-01   0.0000000e+00
  -6.6769050e-02   6.6392098e-02   1.2732829e-01  -9.8068731e-02   9.1107891e-02   0.0000000e+00
  -6.0811809e-02   4.3829930e-02   1.3134990e-01  -7.9642082e-02   7.6525445e-02   0.0000000e+00
  -5.3838454e-02   2.2886193e-02   1.3354863e-01  -6.4528959e-02   6.4543995e-02   0.0000000e+00
  -4.6602349e-02   4.9440771e-03   1.3403577e-01  -5.3322659e-02   5.5642036e-02   0.0000000e+00
  -3.9333707e-02  -1.0330898e-02   1.3322334e-01  -4.5279054e-02   4.9236890e-02   0.0000000e+00
  -3.2342091e-02  -2.2955087e-02   1.3150128e-01  -3.9904822e-02   4.4942606e-02   0.0000000e+00
  -2.6328611e-02  -3.2361900e-02   1.2942555e-01  -3.6865611e-02   4.2500231e-02   0.0000000e+00
  -2.2157154e-02  -3.8041861e-02   1.2770984e-01  -3.5600265e-02   4.1472105e-02   0.0000000e+00
  -1.9691800e-02  -4.0911491e-02   1.2659565e-01  -3.5269999e-02   4.1194433e-02   0.0000000e+00
  -1.8556333e-02  -4.1767369e-02   1.2604307e-01  -3.5449460e-02   4.1328626e-02   0.0000000e+00
  -2.1963957e-02  -3.8046422e-02   1.2761053e-01  -3.5723697e-02   4.1568521e-02   0.0000000e+00
  -2.9001563e-02  -3.1557253e-02   1.3069543e-01  -3.5758592e-02   4.1642745e-02   0.0000000e+00
  -3.8775624e-02  -2.3320421e-02   1.3459627e-01  -3.5821291e-02   4.1754911e-02   0.0000000e+00
  -5.1147426e-02  -1.3682374e-02   1.3894460e-01  -3.6159653e-02   4.2098616e-02   0.0000000e+00
  -6.6190936e-02  -2.8357009e-03   1.4343044e-01  -3.7031339e-02   4.2876914e-02   0.0000000e+00
  -8.2149586e-02   7.8148004e-03   1.4732594e-01  -3.8489461e-02   4.4121291e-02   0.0000000e+00
  -9.9737203e-02   1.8633207e-02   1.5070434e-01  -4.0644288e-02   4.5923559e-02   0.0000000e+00
  -1.1795806e-01   2.8843953e-02   1.5331785e-01  -4.3340191e-02   4.8155768e-02   0.0000000e+00
  -1.3631486e-01   3.8060412e-02   1.5516799e-01  -4.6355334e-02   5.0640578e-02   0.0000000e+00
  -1.5422940e-01   4.5931356e-02   1.5633950e-01  -4.9396181e-02   5.3143351e-02   0.0000000e+00
  -1.7121995e-01   5.2247357e-02   1.5698543e-01  -5.2172089e-02   5.5432001e-02   0.0000000e+00
  -1.8713389e-01   5.6997775e-02   1.5728265e-01  -5.4475895e-02   5.7342025e-02   0.0000000e+00
  -2.0204156e-01   6.0268995e-02   1.5737998e-01  -5.6185768e-02   5.8777444e-02   0.0000000e+00
  -2.1595750e-01   6.2181452e-02   1.5737343e-01  -5.7258815e-02   5.9704162e-02   0.0000000e+00
  -2.2814773e-01   6.3194501e-02   1.5721673e-01  -5.8005498e-02   6.0362434e-02   0.0000000e+00
  -2.3944329e-01   6.3262424e-02   1.5705693e-01  -5.8229320e-02   6.0602561e-02   0.0000000e+00
  -2.4919343e-01   6.0697879e-02   1.5756980e-01  -5.6203740e-02   5.9059524e-02   0.0000000e+00
  -2.5751670e-01   5.6862588e-02   1.5836736e-01  -5.3142563e-02   5.6689905e-02   0.0000000e+00
  -2.6502976e-01   5.1656154e-02   1.5948805e-01  -4.8950145e-02   5.3421303e-02   0.0000000e+00
  -2.7119985e-01   4.5477936e-02   1.6086888e-01  -4.3927729e-02   4.9488503e-02   0.0000000e+00
  -2.7592852e-01   3.8722450e-02   1.6243252e-01  -3.8389054e-02   4.5138952e-02   0.0000000e+00
  -2.7947144e-01   3.1336155e-02   1.6419431e-01  -3.2292227e-02   4.0341212e-02   0.0000000e+00
  -2.8188206e-01   2.3377789e-02   1.6613962e-01  -2.5692424e-02   3.5139436e-02   0.0000000e+00
  -2.8325105e-01   1.4899837e-02   1.6824044e-01  -1.8656412e-02   2.9587009e-02   0.0000000e+00
  -2.8417014e-01   5.9730146e-03   1.7038360e-01  -1.1356053e-02   2.3821356e-02   0.0000000e+00
  -2.8302780e-01  -3.4844525e-03   1.7279872e-01  -3.4921420e-03   1.7603465e-02   0.0000000e+00
  -2.7952484e-01  -1.3104535e-02   1.7540778e-01   4.6384701e-03   1.1168896e-02   0.0000000e+00
  -2.7435807e-01  -2.2373568e-02   1.7795720e-01   1.2472287e-02   4.9661173e-03   0.0000000e+00
  -2.6761224e-01  -3.1217314e-02   1.8037395e-01   1.9892659e-02  -9.1054414e-04   0.0000000e+00
  -2.5860331e-01  -4.0164634e-02   1.8273296e-01   2.7269752e-02  -6.7521055e-03   0.0000000e+00
  -2.4767136e-01  -4.8480537e-02   1.8473611e-01   3.3889335e-02  -1.1990227e-02   0.0000000e+00
  -2.3466911e-01  -5.6042279e-02   1.8622278e-01   3.9522950e-02  -1.6440919e-02   0.0000000e+00
  -2.2031298e-01  -6.2351194e-02   1.8695854e-01   4.3664554e-02  -1.9701594e-02   0.0000000e+00
  -2.0371272e-01  -6.7647744e-02   1.8679375e-01   4.6289732e-02  -2.1749812e-02   0.0000000e+00
  -1.8566012e-01  -7.1500013e-02   1.8550930e-01   4.6934172e-02  -2.2218657e-02   0.0000000e+00
  -1.6611997e-01  -7.3836266e-02   1.8292498e-01   4.5351223e-02  -2.0914653e-02   0.0000000e+00
  -1.4486678e-01  -7.4543282e-02   1.7879304e-01   4.1173812e-02  -1.7551353e-02   0.0000000e+00
  -1.2358614e-01  -7.3613246e-02   1.7334929e-01   3.4597488e-02  -1.2295947e-02   0.0000000e+00
  -1.0221977e-01  -7.1471167e-02   1.6664078e-01   2.5828582e-02  -5.3208995e-03   0.0000000e+00
  -8.2323597e-02  -6.8400912e-02   1.5931177e-01   1.5678114e-02   2.7228775e-03   0.0000000e+00
  -6.3593786e-02  -6.3271701e-02   1.5142841e-01   3.5237732e-03   1.2323678e-02   0.0000000e+00
  -4.7422604e-02  -5.7553036e-02   1.4389718e-01  -8.7771016e-03   2.2013576e-02   0.0000000e+00
  -3.4689981e-02  -5.2158622e-02   1.3750124e-01  -1.9717012e-02   3.0612930e-02   0.0000000e+00
  -2.5850895e-02  -4.7809713e-02   1.3281495e-01  -2.8077368e-02   3.7175045e-02   0.0000000e+00
  -2.0893910e-02  -4.4964624e-02   1.3008852e-01  -3.3174333e-02   4.1172853e-02   0.0000000e+00
  -1.8642497e-02  -4.3368882e-02   1.2881529e-01  -3.5726742e-02   4.3174964e-02   0.0000000e+00
  -2.1792034e-02  -4.4289754e-02   1.3052451e-01  -3.3036192e-02   4.1069926e-02   0.0000000e+00
  -2.9942637e-02  -4.9468013e-02   1.3499285e-01  -2.4403637e-02   3.4295009e-02   0.0000000e+00
  -4.2010516e-02  -5.7858809e-02   1.4133900e-01  -1.1693247e-02   2.4299903e-02   0.0000000e+00
  -5.6563425e-02  -6.8596019e-02   1.4849170e-01   3.1457312e-03   1.2601430e-02   0.0000000e+00
  -7.2426381e-02  -8.0911579e-02   1.5558984e-01   1.8575768e-02   4.0142461e-04   0.0000000e+00
  -8.9409032e-02  -9.4771937e-02   1.6228202e-01   3.4160470e-02  -1.1960124e-02   0.0000000e+00
  -1.0623424e-01  -1.0924172e-01   1.6786260e-01   4.8596665e-02  -2.3447955e-02   0.0000000e+00
  -1.2335671e-01  -1.2486473e-01   1.7230162e-01   6.2217783e-02  -3.4321253e-02   0.0000000e+00
  -1.3853258e-01  -1.3968657e-01   1.7499920e-01   7.3346022e-02  -4.3229006e-02   0.0000000e+00
  -1.5226749e-01  -1.5417768e-01   1.7621884e-01   8.2603185e-02  -5.0654421e-02   0.0000000e+00
  -1.6460763e-01  -1.6846349e-01   1.7605668e-01   9.0205120e-02  -5.6759947e-02   0.0000000e+00
  -1.7489362e-01  -1.8181055e-01   1.7468915e-01   9.5968914e-02  -6.1389971e-02   0.0000000e+00
  -1.8328610e-01  -1.9433495e-01   1.7235008e-01   1.0022143e-01  -6.4801296e-02   0.0000000e+00
  -1.8984413e-01  -2.0602618e-01   1.6925500e-01   1.0319023e-01  -6.7173640e-02   0.0000000e+00
  -1.9463496e-01  -2.1685168e-01   1.6561028e-01   1.0507593e-01  -6.8667102e-02   0.0000000e+00
  -1.9779793e-01  -2.2685852e-01   1.6157554e-01   1.0607005e-01  -6.9435734e-02   0.0000000e+00
  -1.9944913e-01  -2.3550278e-01   1.5757192e-01   1.0633456e-01  -6.9613618e-02   0.0000000e+00
  -2.0039753e-01  -2.4350444e-01   1.5346409e-01   1.0610887e-01  -6.9395387e-02   0.0000000e+00
  -1.9995333e-01  -2.5082020e-01   1.4928415e-01   1.0539535e-01  -6.8779059e-02   0.0000000e+00
  -1.9733537e-01  -2.5693270e-01   1.4533286e-01   1.0424194e-01  -6.7801502e-02   0.0000000e+00
  -1.9329283e-01  -2.6237630e-01   1.4140668e-01   1.0270981e-01  -6.6514733e-02   0.0000000e+00
  -1.8829395e-01  -2.6669772e-01   1.3787511e-01   1.0097372e-01  -6.5065264e-02   0.0000000e+00
  -1.8250900e-01  -2.6999674e-01   1.3472970e-01   9.9082195e-02  -6.3492937e-02   0.0000000e+00
  -1.7556257e-01  -2.7246399e-01   1.3177896e-01   9.6912569e-02  -6.1696307e-02   0.0000000e+00
  -1.6799628e-01  -2.7386161e-01   1.2926764e-01   9.4624284e-02  -5.9808218e-02   0.0000000e+00
  -1.5988676e-01  -2.7428892e-01   1.2712798e-01   9.2194653e-02  -5.7810537e-02   0.0000000e+00
  -1.5129452e-01  -2.7419284e-01   1.2501715e-01   8.9465358e-02  -5.5574891e-02   0.0000000e+00
  -1.4224295e-01  -2.7266411e-01   1.2358298e-01   8.6697071e-02  -5.3314587e-02   0.0000000e+00
  -1.3274926e-01  -2.6916904e-01   1.2316058e-01   8.3994578e-02  -5.1115388e-02   0.0000000e+00
  -1.2284093e-01  -2.6408092e-01   1.2337184e-01   8.1113487e-02  -4.8779749e-02   0.0000000e+00
  -1.1266263e-01  -2.5734665e-01   1.2416611e-01   7.7961853e-02  -4.6234855e-02   0.0000000e+00
  -1.0244287e-01  -2.4896028e-01   1.2547565e-01   7.4456175e-02  -4.3414902e-02   0.0000000e+00
  -9.2238894e-02  -2.3882744e-01   1.2720370e-01   7.0423494e-02  -4.0182174e-02   0.0000000e+00
  -8.2090190e-02  -2.2678909e-01   1.2924176e-01   6.5639637e-02  -3.6358466e-02   0.0000000e+00
  -7.2055416e-02  -2.1264033e-01   1.3145825e-01   5.9828038e-02  -3.1724383e-02   0.0000000e+00
  -6.2715669e-02  -1.9708409e-01   1.3355761e-01   5.3058930e-02  -2.6336921e-02   0.0000000e+00
  -5.3576364e-02  -1.7905262e-01   1.3548960e-01   4.4640812e-02  -1.9647365e-02   0.0000000e+00
  -4.5553746e-02  -1.6025350e-01   1.3689891e-01   3.5166860e-02  -1.2128624e-02   0.0000000e+00
  -3.8391546e-02  -1.4025372e-01   1.3772414e-01   2.4302329e-02  -3.5161872e-03   0.0000000e+00
  -3.2407765e-02  -1.2018709e-01   1.3787821e-01   1.2605061e-02   5.7467051e-03   0.0000000e+00
  -2.7829159e-02  -1.0162900e-01   1.3745930e-01   1.1117496e-03   1.4839884e-02   0.0000000e+00
  -2.4338596e-02  -8.4399355e-02   1.3662371e-01  -1.0107888e-02   2.3709931e-02   0.0000000e+00
  -2.1906162e-02  -6.9567085e-02   1.3559341e-01  -2.0157901e-02   3.1650719e-02   0.0000000e+00
  -2.0385879e-02  -5.8039873e-02   1.3461559e-01  -2.8197070e-02   3.8000206e-02   0.0000000e+00
  -1.9541935e-02  -5.0350242e-02   1.3387827e-01  -3.3671575e-02   4.2323006e-02   0.0000000e+00
  -1.9142022e-02  -4.6597439e-02   1.3347493e-01  -3.6399494e-02   4.4476515e-02   0.0000000e+00
  -1.9026305e-02  -4.5350150e-02   1.3334292e-01  -3.7304012e-02   4.5190601e-02   0.0000000e+00
  -1.9041611e-02  -5.1231657e-02   1.3364989e-01  -3.3429718e-02   4.2128162e-02   0.0000000e+00
  -1.8492276e-02  -6.1784347e-02   1.3367127e-01  -2.7131991e-02   3.7144735e-02   0.0000000e+00
  -1.6834590e-02  -7.5539886e-02   1.3272232e-01  -2.0115934e-02   3.1584473e-02   0.0000000e+00
  -1.3937517e-02  -9.1303755e-02   1.3035787e-01  -1.3623014e-02   2.6429704e-02   0.0000000e+00
  -9.8259924e-03  -1.0776516e-01   1.2633665e-01  -8.7302485e-03   2.2534545e-02   0.0000000e+00
  -4.3426908e-03  -1.2464754e-01   1.2033163e-01  -6.0396995e-03   2.0375669e-02   0.0000000e+00
   2.2469305e-03  -1.4058022e-01   1.1257532e-01  -6.1678400e-03   2.0441338e-02   0.0000000e+00
   1.0032281e-02  -1.5544514e-01   1.0302948e-01  -9.3692533e-03   2.2928546e-02   0.0000000e+00
   1.8466414e-02  -1.6819897e-01   9.2501529e-02  -1.5404469e-02   2.7644827e-02   0.0000000e+00
   2.7552607e-02  -1.7901085e-01   8.1186455e-02  -2.4075369e-02   3.4426799e-02   0.0000000e+00
   3.7308347e-02  -1.8797140e-01   6.9261807e-02  -3.5258590e-02   4.3169987e-02   0.0000000e+00
   4.7176582e-02  -1.9475141e-01   5.7588237e-02  -4.8077238e-02   5.3182582e-02   0.0000000e+00
   5.7751633e-02  -1.9985955e-01   4.5640478e-02  -6.3105995e-02   6.4908949e-02   0.0000000e+00
   6.7796404e-02  -2.0291915e-01   3.4910278e-02  -7.8341999e-02   7.6785047e-02   0.0000000e+00
   7.7968695e-02  -2.0440855e-01   2.4729883e-02  -9.4506365e-02   8.9374553e-02   0.0000000e+00
   8.8054488e-02  -2.0442420e-01   1.5353975e-02  -1.1110247e-01   1.0229279e-01   0.0000000e+00
   9.7657461e-02  -2.0315199e-01   7.1289659e-03  -1.2730733e-01   1.1490276e-01   0.0000000e+00
   1.0678848e-01  -2.0082880e-01  -4.5634624e-05  -1.4300474e-01   1.2711776e-01   0.0000000e+00
   1.1539971e-01  -1.9774836e-01  -6.2901520e-03  -1.5806405e-01   1.3883878e-01   0.0000000e+00
   1.2346465e-01  -1.9445830e-01  -1.1952612e-02  -1.7257710e-01   1.5013740e-01   0.0000000e+00
   1.3085674e-01  -1.8974661e-01  -1.5975930e-02  -1.8547722e-01   1.6019436e-01   0.0000000e+00
   1.3760320e-01  -1.8410875e-01  -1.8775271e-02  -1.9697825e-01   1.6917443e-01   0.0000000e+00
   1.4320685e-01  -1.7829550e-01  -2.0397567e-02  -2.0631047e-01   1.7647444e-01   0.0000000e+00
   1.4810634e-01  -1.7196864e-01  -2.1061310e-02  -2.1419467e-01   1.8265718e-01   0.0000000e+00
   1.5220888e-01  -1.6513928e-01  -2.0706142e-02  -2.2043901e-01   1.8757344e-01   0.0000000e+00
   1.5529468e-01  -1.5802786e-01  -1.9281182e-02  -2.2467969e-01   1.9093831e-01   0.0000000e+00
   1.5723552e-01  -1.5104671e-01  -1.6934380e-02  -2.2681271e-01   1.9266688e-01   0.0000000e+00
   1.5832281e-01  -1.4352978e-01  -1.3584704e-02  -2.2737022e-01   1.9318019e-01   0.0000000e+00
   1.5900503e-01  -1.3566210e-01  -9.8706784e-03  -2.2751537e-01   1.9338145e-01   0.0000000e+00
   1.5704553e-01  -1.2799036e-01  -3.7803188e-03  -2.2275170e-01   1.8977455e-01   0.0000000e+00
   1.5298939e-01  -1.2075236e-01   3.9283728e-03  -2.1461516e-01   1.8355361e-01   0.0000000e+00
   1.4715865e-01  -1.1384860e-01   1.2915083e-02  -2.0410069e-01   1.7549544e-01   0.0000000e+00
   1.3908252e-01  -1.0686136e-01   2.3724573e-02  -1.9083635e-01   1.6532069e-01   0.0000000e+00
   1.2904643e-01  -1.0015309e-01   3.5768427e-02  -1.7582303e-01   1.5380103e-01   0.0000000e+00
   1.1691523e-01  -9.3609502e-02   4.9048045e-02  -1.5935573e-01   1.4116461e-01   0.0000000e+00
   1.0325467e-01  -8.7456562e-02   6.2805346e-02  -1.4260669e-01   1.2831032e-01   0.0000000e+00
   8.8068036e-02  -8.1577720e-02   7.6928679e-02  -1.2586107e-01   1.1545478e-01   0.0000000e+00
   7.2162363e-02  -7.6158335e-02   9.0604056e-02  -1.1013804e-01   1.0337808e-01   0.0000000e+00
   5.5316484e-02  -7.1042163e-02   1.0398315e-01  -9.5230708e-02   9.1919281e-02   0.0000000e+00
   3.8888664e-02  -6.6550253e-02   1.1603231e-01  -8.2202603e-02   8.1895568e-02   0.0000000e+00
   2.2658445e-02  -6.2547543e-02   1.2703758e-01  -7.0607707e-02   7.2964867e-02   0.0000000e+00
   8.5417840e-03  -5.9428815e-02   1.3592685e-01  -6.1416209e-02   6.5876962e-02   0.0000000e+00
  -3.2366456e-03  -5.7103846e-02   1.4288383e-01  -5.4300311e-02   6.0383328e-02   0.0000000e+00
  -1.1447046e-02  -5.5644281e-02   1.4749702e-01  -4.9603077e-02   5.6753393e-02   0.0000000e+00
  -1.6438112e-02  -5.4754827e-02   1.5020492e-01  -4.6889550e-02   5.4655749e-02   0.0000000e+00
  -1.8635778e-02  -5.4302120e-02   1.5136995e-01  -4.5767494e-02   5.3788895e-02   0.0000000e+00
  -1.5525419e-02  -5.3280731e-02   1.4960084e-01  -4.8442015e-02   5.5873645e-02   0.0000000e+00
  -6.7291562e-03  -5.2728579e-02   1.4464029e-01  -5.4681670e-02   6.0717599e-02   0.0000000e+00
   5.6379653e-03  -5.1517759e-02   1.3732635e-01  -6.4252134e-02   6.8142954e-02   0.0000000e+00
   2.1363826e-02  -4.9062003e-02   1.2746811e-01  -7.7919115e-02   7.8739561e-02   0.0000000e+00
   3.9368428e-02  -4.5074194e-02   1.1546440e-01  -9.5636862e-02   9.2464948e-02   0.0000000e+00
   5.9424445e-02  -3.9236193e-02   1.0125832e-01  -1.1804210e-01   1.0980617e-01   0.0000000e+00
   8.0825708e-02  -3.1571403e-02   8.5210961e-02  -1.4512043e-01   1.3074944e-01   0.0000000e+00
   1.0117684e-01  -2.3253432e-02   6.9179453e-02  -1.7391017e-01   1.5300982e-01   0.0000000e+00
   1.2135392e-01  -1.2184824e-02   5.2660274e-02  -2.0690765e-01   1.7856556e-01   0.0000000e+00
   1.4032757e-01   4.3864992e-04   3.6649887e-02  -2.4212149e-01   2.0590328e-01   0.0000000e+00
   1.5837390e-01   1.4510487e-02   2.1089877e-02  -2.7986228e-01   2.3531216e-01   0.0000000e+00
   1.7472652e-01   2.9301344e-02   6.8139024e-03  -3.1832812e-01   2.6544806e-01   0.0000000e+00
   1.8882707e-01   4.3956169e-02  -5.5306189e-03  -3.5548405e-01   2.9476185e-01   0.0000000e+00
   2.0154229e-01   5.9088908e-02  -1.6586411e-02  -3.9297249e-01   3.2459582e-01   0.0000000e+00
   2.1235295e-01   7.3859102e-02  -2.5827028e-02  -4.2870611e-01   3.5333175e-01   0.0000000e+00
   2.2144319e-01   8.8196541e-02  -3.3383348e-02  -4.6249045e-01   3.8082699e-01   0.0000000e+00
   2.2854486e-01   1.0125229e-01  -3.9061707e-02  -4.9230783e-01   4.0541120e-01   0.0000000e+00
   2.3430303e-01   1.1384784e-01  -4.3434741e-02  -5.1995748e-01   4.2852556e-01   0.0000000e+00
   2.3848787e-01   1.2517557e-01  -4.6400794e-02  -5.4355599e-01   4.4854043e-01   0.0000000e+00
   2.4151386e-01   1.3606766e-01  -4.8339561e-02  -5.6471637e-01   4.6675648e-01   0.0000000e+00
   2.4327884e-01   1.4555404e-01  -4.9286431e-02  -5.8164903e-01   4.8155160e-01   0.0000000e+00
   2.4463156e-01   1.5471610e-01  -4.9923738e-02  -5.9766764e-01   4.9571713e-01   0.0000000e+00
   2.4411959e-01   1.6193119e-01  -4.9194337e-02  -6.0668465e-01   5.0389473e-01   0.0000000e+00
   2.4145685e-01   1.6736652e-01  -4.6916702e-02  -6.0803822e-01   5.0541026e-01   0.0000000e+00
   2.3751100e-01   1.7084796e-01  -4.3724975e-02  -6.0369825e-01   5.0192512e-01   0.0000000e+00
   2.3217462e-01   1.7264331e-01  -3.9409780e-02  -5.9402809e-01   4.9382188e-01   0.0000000e+00
   2.2538388e-01   1.7259280e-01  -3.3766523e-02  -5.7904452e-01   4.8120808e-01   0.0000000e+00
   2.1704017e-01   1.7049553e-01  -2.6533929e-02  -5.5878728e-01   4.6424344e-01   0.0000000e+00
   2.0759666e-01   1.6643390e-01  -1.7962049e-02  -5.3486402e-01   4.4439688e-01   0.0000000e+00
   1.9648003e-01   1.6017310e-01  -7.4310405e-03  -5.0644564e-01   4.2108718e-01   0.0000000e+00
   1.8423518e-01   1.5226880e-01   4.5404393e-03  -4.7584143e-01   3.9628616e-01   0.0000000e+00
   1.7092198e-01   1.4346471e-01   1.7714891e-02  -4.4445676e-01   3.7115416e-01   0.0000000e+00
   1.5651880e-01   1.3122363e-01   3.2607956e-02  -4.0950990e-01   3.4338269e-01   0.0000000e+00
   1.4096155e-01   1.1654821e-01   4.8978099e-02  -3.7262113e-01   3.1430435e-01   0.0000000e+00
   1.2426642e-01   9.9732417e-02   6.6609095e-02  -3.3455876e-01   2.8450768e-01   0.0000000e+00
   1.0632083e-01   8.0670954e-02   8.5438474e-02  -2.9546970e-01   2.5407038e-01   0.0000000e+00
   8.7810273e-02   6.0093430e-02   1.0454853e-01  -2.5710186e-01   2.2430449e-01   0.0000000e+00
   6.9379511e-02   3.8755743e-02   1.2310267e-01  -2.2079668e-01   1.9619659e-01   0.0000000e+00
   5.1928813e-02   1.7775343e-02   1.4010403e-01  -1.8808242e-01   1.7088531e-01   0.0000000e+00
   3.5237990e-02  -3.0516421e-03   1.5573693e-01  -1.5822141e-01   1.4777189e-01   0.0000000e+00
   2.0566070e-02  -2.2048168e-02   1.6887903e-01  -1.3306813e-01   1.2828021e-01   0.0000000e+00
   7.9197211e-03  -3.9073167e-02   1.7969262e-01  -1.1213462e-01   1.1203360e-01   0.0000000e+00
  -2.6236969e-03  -5.3865446e-02   1.8829734e-01  -9.5148594e-02   9.8828671e-02   0.0000000e+00
  -1.0446817e-02  -6.5341432e-02   1.9441732e-01  -8.2749481e-02   8.9174415e-02   0.0000000e+00
  -1.5373658e-02  -7.2883386e-02   1.9814747e-01  -7.4984906e-02   8.3121159e-02   0.0000000e+00
  -1.7551574e-02  -7.6273452e-02   1.9975909e-01  -7.1580491e-02   8.0465293e-02   0.0000000e+00
  -1.8536829e-02  -7.7411878e-02   2.0043645e-01  -7.0296440e-02   7.9465344e-02   0.0000000e+00
  -1.5595129e-02  -7.1253210e-02   1.9807915e-01  -7.5876506e-02   8.3826788e-02   0.0000000e+00
  -1.0265987e-02  -5.9871746e-02   1.9357052e-01  -8.6413575e-02   9.2057836e-02   0.0000000e+00
  -3.7043484e-03  -4.4535835e-02   1.8743492e-01  -1.0081248e-01   1.0330085e-01   0.0000000e+00
   3.7162356e-03  -2.5260861e-02   1.7957580e-01  -1.1930025e-01   1.1773076e-01   0.0000000e+00
   1.1290013e-02  -3.0737636e-03   1.7030340e-01  -1.4116712e-01   1.3479450e-01   0.0000000e+00
   1.8729994e-02   2.1958769e-02   1.5956651e-01  -1.6661361e-01   1.5465537e-01   0.0000000e+00
   2.5474438e-02   4.8672991e-02   1.4783269e-01  -1.9467778e-01   1.7657705e-01   0.0000000e+00
   3.0883134e-02   7.4602285e-02   1.3623516e-01  -2.2279851e-01   1.9857726e-01   0.0000000e+00
   3.5220323e-02   1.0083862e-01   1.2436268e-01  -2.5211181e-01   2.2156554e-01   0.0000000e+00
   3.8383939e-02   1.2692752e-01   1.1248881e-01  -2.8209535e-01   2.4515862e-01   0.0000000e+00
   4.0301776e-02   1.5089581e-01   1.0154898e-01  -3.1039669e-01   2.6752053e-01   0.0000000e+00
   4.1720236e-02   1.7325946e-01   9.1076959e-02  -3.3782977e-01   2.8928330e-01   0.0000000e+00
   4.1532222e-02   1.9350930e-01   8.2039681e-02  -3.6269553e-01   3.0914366e-01   0.0000000e+00
   3.9360973e-02   2.1140882e-01   7.4824875e-02  -3.8408525e-01   3.2638019e-01   0.0000000e+00
   3.6101496e-02   2.2644016e-01   6.9269645e-02  -4.0165872e-01   3.4066161e-01   0.0000000e+00
   3.1718386e-02   2.3953157e-01   6.5003303e-02  -4.1636523e-01   3.5273058e-01   0.0000000e+00
   2.6524471e-02   2.5001482e-01   6.2239919e-02  -4.2732380e-01   3.6183912e-01   0.0000000e+00
   2.0641412e-02   2.5807970e-01   6.0869969e-02  -4.3471307e-01   3.6810350e-01   0.0000000e+00
   1.4151987e-02   2.6388731e-01   6.0806421e-02  -4.3871158e-01   3.7164836e-01   0.0000000e+00
   7.0907654e-03   2.6756084e-01   6.1996209e-02  -4.3946846e-01   3.7258396e-01   0.0000000e+00
  -5.5868018e-04   2.6916134e-01   6.4434750e-02  -4.3706133e-01   3.7097170e-01   0.0000000e+00
  -8.1258625e-03   2.6885462e-01   6.7769584e-02  -4.3215938e-01   3.6732890e-01   0.0000000e+00
  -1.5729581e-02   2.6758983e-01   7.1552072e-02  -4.2606910e-01   3.6272603e-01   0.0000000e+00
  -2.3273809e-02   2.6460939e-01   7.6184275e-02  -4.1779873e-01   3.5636307e-01   0.0000000e+00
  -3.0875345e-02   2.5806627e-01   8.2772075e-02  -4.0478656e-01   3.4619250e-01   0.0000000e+00
  -3.8381216e-02   2.4917903e-01   9.0579845e-02  -3.8898643e-01   3.3380675e-01   0.0000000e+00
  -4.5264948e-02   2.3864929e-01   9.9016627e-02  -3.7173130e-01   3.2026919e-01   0.0000000e+00
  -5.1620829e-02   2.2634612e-01   1.0818316e-01  -3.5289742e-01   3.0549328e-01   0.0000000e+00
  -5.7399774e-02   2.1220185e-01   1.1807585e-01  -3.3253977e-01   2.8952862e-01   0.0000000e+00
  -6.2509604e-02   1.9611918e-01   1.2867400e-01  -3.1071590e-01   2.7242332e-01   0.0000000e+00
  -6.6828931e-02   1.7797853e-01   1.3993466e-01  -2.8749447e-01   2.5423130e-01   0.0000000e+00
  -7.0215891e-02   1.5769097e-01   1.5175852e-01  -2.6301923e-01   2.3506284e-01   0.0000000e+00
  -7.2462774e-02   1.3626350e-01   1.6343355e-01  -2.3866868e-01   2.1599338e-01   0.0000000e+00
  -7.3806766e-02   1.1367236e-01   1.7493530e-01  -2.1443007e-01   1.9701215e-01   0.0000000e+00
  -7.4599247e-02   8.9829733e-02   1.8628441e-01  -1.9021491e-01   1.7805148e-01   0.0000000e+00
  -7.2685407e-02   6.5220831e-02   1.9634067e-01  -1.6742201e-01   1.6015545e-01   0.0000000e+00
  -6.8996521e-02   4.0716287e-02   2.0486199e-01  -1.4661122e-01   1.4378051e-01   0.0000000e+00
  -6.3751148e-02   1.6440880e-02   2.1172236e-01  -1.2785284e-01   1.2898550e-01   0.0000000e+00
  -5.7569214e-02  -5.5218540e-03   2.1637367e-01  -1.1259286e-01   1.1691589e-01   0.0000000e+00
  -5.0543226e-02  -2.5715062e-02   2.1911941e-01  -1.0016426e-01   1.0705249e-01   0.0000000e+00
  -4.2949324e-02  -4.3838557e-02   2.2008699e-01  -9.0524303e-02   9.9368448e-02   0.0000000e+00
  -3.5826350e-02  -5.8244046e-02   2.1961590e-01  -8.4094878e-02   9.4212542e-02   0.0000000e+00
  -2.9461315e-02  -6.9353089e-02   2.1830736e-01  -8.0071693e-02   9.0958219e-02   0.0000000e+00
  -2.4158427e-02  -7.7385527e-02   2.1667589e-01  -7.7843323e-02   8.9129915e-02   0.0000000e+00
  -2.0682441e-02  -8.1949300e-02   2.1536088e-01  -7.6966061e-02   8.8390195e-02   0.0000000e+00
  -1.9003311e-02  -8.3796017e-02   2.1464456e-01  -7.6797470e-02   8.8233676e-02   0.0000000e+00
  -1.8866704e-02  -8.3416618e-02   2.1452252e-01  -7.7106207e-02   8.8475065e-02   0.0000000e+00
  -2.3376439e-02  -7.8813944e-02   2.1644381e-01  -7.7387928e-02   8.8760407e-02   0.0000000e+00
  -3.1078911e-02  -7.1804999e-02   2.1954194e-01  -7.7640456e-02   8.9065025e-02   0.0000000e+00
  -4.2018222e-02  -6.2671705e-02   2.2349494e-01  -7.8051533e-02   8.9534027e-02   0.0000000e+00
  -5.4974190e-02  -5.2667703e-02   2.2753832e-01  -7.8782801e-02   9.0275636e-02   0.0000000e+00
  -7.0545020e-02  -4.1507986e-02   2.3156038e-01  -8.0072637e-02   9.1483019e-02   0.0000000e+00
  -8.6977878e-02  -3.0601697e-02   2.3491791e-01  -8.1883076e-02   9.3103674e-02   0.0000000e+00
  -1.0507078e-01  -1.9558683e-02   2.3768826e-01  -8.4314103e-02   9.5225750e-02   0.0000000e+00
  -1.2273437e-01  -9.7503035e-03   2.3958167e-01  -8.7008964e-02   9.7545010e-02   0.0000000e+00
  -1.4129178e-01  -5.4480288e-04   2.4084636e-01  -9.0020665e-02   1.0011899e-01   0.0000000e+00
  -1.5841422e-01   6.8449400e-03   2.4148180e-01  -9.2796128e-02   1.0248789e-01   0.0000000e+00
  -1.7519313e-01   1.2919069e-02   2.4173250e-01  -9.5334047e-02   1.0466360e-01   0.0000000e+00
  -1.9084165e-01   1.7381939e-02   2.4174712e-01  -9.7359529e-02   1.0642215e-01   0.0000000e+00
  -2.0547555e-01   2.0348782e-02   2.4166554e-01  -9.8792975e-02   1.0770271e-01   0.0000000e+00
  -2.1911786e-01   2.1984302e-02   2.4155851e-01  -9.9642581e-02   1.0851212e-01   0.0000000e+00
  -2.3105210e-01   2.3049966e-02   2.4123461e-01  -1.0044019e-01   1.0926013e-01   0.0000000e+00
  -2.4209240e-01   2.2159076e-02   2.4137845e-01  -9.9895106e-02   1.0894454e-01   0.0000000e+00
  -2.5160192e-01   1.8963782e-02   2.4222677e-01  -9.7622561e-02   1.0725675e-01   0.0000000e+00
  -2.5967155e-01   1.4531257e-02   2.4342771e-01  -9.4451310e-02   1.0484723e-01   0.0000000e+00
  -2.6643630e-01   9.1117426e-03   2.4493198e-01  -9.0546749e-02   1.0184739e-01   0.0000000e+00
  -2.7237911e-01   2.3169390e-03   2.4686964e-01  -8.5613706e-02   9.8030349e-02   0.0000000e+00
  -2.7675104e-01  -4.8585168e-03   2.4896821e-01  -8.0369240e-02   9.3952414e-02   0.0000000e+00
  -2.7996682e-01  -1.2660358e-02   2.5129830e-01  -7.4638984e-02   8.9481084e-02   0.0000000e+00
  -2.8207928e-01  -2.1036405e-02   2.5384023e-01  -6.8470239e-02   8.4654407e-02   0.0000000e+00
  -2.8323189e-01  -2.9934469e-02   2.5655110e-01  -6.1931748e-02   7.9527799e-02   0.0000000e+00
  -2.8396960e-01  -3.9290617e-02   2.5931566e-01  -5.5163544e-02   7.4215034e-02   0.0000000e+00
  -2.8204358e-01  -4.9232154e-02   2.6247815e-01  -4.7793691e-02   6.8410945e-02   0.0000000e+00
  -2.7817047e-01  -5.8983742e-02   2.6567187e-01  -4.0513840e-02   6.2664821e-02   0.0000000e+00
  -2.7274612e-01  -6.8309726e-02   2.6874052e-01  -3.3570786e-02   5.7174393e-02   0.0000000e+00
  -2.6523136e-01  -7.7837296e-02   2.7183306e-01  -2.6548735e-02   5.1611141e-02   0.0000000e+00
  -2.5590614e-01  -8.6801572e-02   2.7462286e-01  -2.0079323e-02   4.6475080e-02   0.0000000e+00
  -2.4465733e-01  -9.5111366e-02   2.7697898e-01  -1.4312367e-02   4.1885229e-02   0.0000000e+00
  -2.3135670e-01  -1.0261693e-01   2.7871817e-01  -9.4682921e-03   3.8016098e-02   0.0000000e+00
  -2.1583112e-01  -1.0911812e-01   2.7959917e-01  -5.8403369e-03   3.5099107e-02   0.0000000e+00
  -1.9884668e-01  -1.1413514e-01   2.7935716e-01  -3.8667950e-03   3.3482518e-02   0.0000000e+00
  -1.8039942e-01  -1.1761201e-01   2.7782261e-01  -3.7233133e-03   3.3303264e-02   0.0000000e+00
  -1.6041179e-01  -1.1945592e-01   2.7478583e-01  -5.6510938e-03   3.4747842e-02   0.0000000e+00
  -1.3977407e-01  -1.1956546e-01   2.7024237e-01  -9.7280645e-03   3.7875725e-02   0.0000000e+00
  -1.1890985e-01  -1.1809149e-01   2.6426782e-01  -1.5864568e-02   4.2611618e-02   0.0000000e+00
  -9.7877858e-02  -1.1554408e-01   2.5693227e-01  -2.3826466e-02   4.8764216e-02   0.0000000e+00
  -7.8104561e-02  -1.1158903e-01   2.4879358e-01  -3.3306465e-02   5.6095635e-02   0.0000000e+00
  -5.9851928e-02  -1.0579169e-01   2.4014516e-01  -4.4277556e-02   6.4584888e-02   0.0000000e+00
  -4.4209012e-02  -9.9562006e-02   2.3191124e-01  -5.5222911e-02   7.3049747e-02   0.0000000e+00
  -3.2053135e-02  -9.3821028e-02   2.2497845e-01  -6.4806844e-02   8.0457994e-02   0.0000000e+00
  -2.3877791e-02  -8.9346456e-02   2.2003208e-01  -7.1903520e-02   8.5942718e-02   0.0000000e+00
  -1.9850965e-02  -8.6740120e-02   2.1748502e-01  -7.5729647e-02   8.8901336e-02   0.0000000e+00
  -1.8279537e-02  -8.5279438e-02   2.1642703e-01  -7.7507231e-02   9.0279389e-02   0.0000000e+00
  -2.2838276e-02  -8.7442230e-02   2.1923742e-01  -7.3623355e-02   8.7283996e-02   0.0000000e+00
  -3.2166005e-02  -9.3922900e-02   2.2505314e-01  -6.4689921e-02   8.0368190e-02   0.0000000e+00
  -4.4873893e-02  -1.0341732e-01   2.3264156e-01  -5.2685056e-02   7.1055769e-02   0.0000000e+00
  -5.9978281e-02  -1.1531083e-01   2.4106662e-01  -3.8916509e-02   6.0350077e-02   0.0000000e+00
  -7.6366713e-02  -1.2882979e-01   2.4939119e-01  -2.4697496e-02   4.9264753e-02   0.0000000e+00
  -9.3708560e-02  -1.4381641e-01   2.5716897e-01  -1.0522636e-02   3.8182085e-02   0.0000000e+00
  -1.1059444e-01  -1.5915622e-01   2.6359781e-01   2.3871602e-03   2.8058916e-02   0.0000000e+00
  -1.2720148e-01  -1.7513524e-01   2.6865990e-01   1.4205534e-02   1.8765243e-02   0.0000000e+00
  -1.4207773e-01  -1.9042177e-01   2.7195044e-01   2.4023552e-02   1.1024592e-02   0.0000000e+00
  -1.5551918e-01  -2.0533846e-01   2.7369792e-01   3.2243746e-02   4.5294364e-03   0.0000000e+00
  -1.6754120e-01  -2.2001646e-01   2.7400448e-01   3.9047939e-02  -8.5646982e-04   0.0000000e+00
  -1.7750698e-01  -2.3371651e-01   2.7302928e-01   4.4267938e-02  -4.9936380e-03   0.0000000e+00
  -1.8547281e-01  -2.4641089e-01   2.7104238e-01   4.8139415e-02  -8.0639751e-03   0.0000000e+00
  -1.9151728e-01  -2.5804552e-01   2.6830796e-01   5.0873135e-02  -1.0231717e-02   0.0000000e+00
  -1.9585277e-01  -2.6881834e-01   2.6499303e-01   5.2701564e-02  -1.1679771e-02   0.0000000e+00
  -1.9860716e-01  -2.7876267e-01   2.6125495e-01   5.3774132e-02  -1.2526122e-02   0.0000000e+00
  -1.9995489e-01  -2.8731525e-01   2.5751094e-01   5.4209837e-02  -1.2865812e-02   0.0000000e+00
  -2.0083277e-01  -2.9522432e-01   2.5365107e-01   5.4241313e-02  -1.2884212e-02   0.0000000e+00
  -1.9971020e-01  -3.0188844e-01   2.4992393e-01   5.3817616e-02  -1.2539743e-02   0.0000000e+00
  -1.9675746e-01  -3.0787686e-01   2.4611147e-01   5.2991154e-02  -1.1874111e-02   0.0000000e+00
  -1.9278174e-01  -3.1277191e-01   2.4258640e-01   5.1916839e-02  -1.1012126e-02   0.0000000e+00
  -1.8761507e-01  -3.1693550e-01   2.3913176e-01   5.0554131e-02  -9.9214651e-03   0.0000000e+00
  -1.8172211e-01  -3.2003819e-01   2.3604097e-01   4.9028339e-02  -8.7027065e-03   0.0000000e+00
  -1.7467601e-01  -3.2228736e-01   2.3309733e-01   4.7226268e-02  -7.2658091e-03   0.0000000e+00
  -1.6702410e-01  -3.2345894e-01   2.3054157e-01   4.5275201e-02  -5.7126886e-03   0.0000000e+00
  -1.5883074e-01  -3.2366599e-01   2.2829342e-01   4.3151078e-02  -4.0244238e-03   0.0000000e+00
  -1.5015184e-01  -3.2340355e-01   2.2597662e-01   4.0720013e-02  -2.0950758e-03   0.0000000e+00
  -1.4102871e-01  -3.2138353e-01   2.2450353e-01   3.8263695e-02  -1.4834975e-04   0.0000000e+00
  -1.3146721e-01  -3.1750133e-01   2.2387320e-01   3.5736057e-02   1.8525284e-03   0.0000000e+00
  -1.2156130e-01  -3.1202915e-01   2.2380052e-01   3.2988899e-02   4.0250198e-03   0.0000000e+00
  -1.1146469e-01  -3.0492934e-01   2.2422595e-01   2.9948012e-02   6.4278730e-03   0.0000000e+00
  -1.0132216e-01  -2.9615512e-01   2.2507251e-01   2.6517967e-02   9.1365855e-03   0.0000000e+00
  -9.0580292e-02  -2.8490851e-01   2.2630705e-01   2.2283371e-02   1.2479091e-02   0.0000000e+00
  -8.0535713e-02  -2.7232027e-01   2.2765872e-01   1.7530794e-02   1.6229077e-02   0.0000000e+00
  -7.0601656e-02  -2.5755602e-01   2.2903801e-01   1.1774314e-02   2.0769685e-02   0.0000000e+00
  -6.0860188e-02  -2.4038873e-01   2.3023760e-01   4.7082380e-03   2.6341185e-02   0.0000000e+00
  -5.1844033e-02  -2.2149469e-01   2.3099254e-01  -3.5978156e-03   3.2887463e-02   0.0000000e+00
  -4.3916841e-02  -2.0172435e-01   2.3112764e-01  -1.2910058e-02   4.0222990e-02   0.0000000e+00
  -3.7151116e-02  -1.8164736e-01   2.3058349e-01  -2.3022540e-02   4.8184452e-02   0.0000000e+00
  -3.1431781e-02  -1.6133485e-01   2.2936413e-01  -3.3909089e-02   5.6750526e-02   0.0000000e+00
  -2.6896821e-02  -1.4183371e-01   2.2760366e-01  -4.4951607e-02   6.5434931e-02   0.0000000e+00
  -2.3602061e-02  -1.2452017e-01   2.2559434e-01  -5.5213870e-02   7.3502522e-02   0.0000000e+00
  -2.1317991e-02  -1.0970740e-01   2.2357431e-01  -6.4311494e-02   8.0652777e-02   0.0000000e+00
  -1.9905992e-02  -9.8366362e-02   2.2185938e-01  -7.1459491e-02   8.6270112e-02   0.0000000e+00
  -1.9132506e-02  -9.1028267e-02   2.2066847e-01  -7.6173766e-02   8.9974569e-02   0.0000000e+00
  -1.8798207e-02  -8.7875337e-02   2.2011772e-01  -7.8240685e-02   9.1598216e-02   0.0000000e+00
  -1.8739005e-02  -8.7881574e-02   2.2008494e-01  -7.8270635e-02   9.1620938e-02   0.0000000e+00
  -1.8725250e-02  -9.4933986e-02   2.2084990e-01  -7.4116385e-02   8.8347187e-02   0.0000000e+00
  -1.8028503e-02  -1.0631339e-01   2.2143064e-01  -6.8070908e-02   8.3570688e-02   0.0000000e+00
  -1.6203427e-02  -1.2079465e-01   2.2109753e-01  -6.1444059e-02   7.8315635e-02   0.0000000e+00
  -1.3118872e-02  -1.3719701e-01   2.1931257e-01  -5.5326290e-02   7.3439238e-02   0.0000000e+00
  -8.7822339e-03  -1.5420785e-01   2.1573181e-01  -5.0688287e-02   6.9707534e-02   0.0000000e+00
  -2.9763489e-03  -1.7163376e-01   2.0992002e-01  -4.8079289e-02   6.7550209e-02   0.0000000e+00
   4.1958127e-03  -1.8828878e-01   2.0183653e-01  -4.8177768e-02   6.7502999e-02   0.0000000e+00
   1.2063993e-02  -2.0258937e-01   1.9230835e-01  -5.1011252e-02   6.9596382e-02   0.0000000e+00
   2.1125477e-02  -2.1539091e-01   1.8089847e-01  -5.6741543e-02   7.3944696e-02   0.0000000e+00
   3.0392995e-02  -2.2544044e-01   1.6903918e-01  -6.4602763e-02   7.9958001e-02   0.0000000e+00
   4.0346121e-02  -2.3352972e-01   1.5632734e-01  -7.4752843e-02   8.7747698e-02   0.0000000e+00
   5.0425048e-02  -2.3936770e-01   1.4366552e-01  -8.6433204e-02   9.6725289e-02   0.0000000e+00
   6.0595944e-02  -2.4321290e-01   1.3124424e-01  -9.9348848e-02   1.0665917e-01   0.0000000e+00
   7.0886813e-02  -2.4526754e-01   1.1914872e-01  -1.1333726e-01   1.1742195e-01   0.0000000e+00
   8.1219225e-02  -2.4565703e-01   1.0756574e-01  -1.2812918e-01   1.2880595e-01   0.0000000e+00
   9.1329396e-02  -2.4453610e-01   9.6840738e-02  -1.4318594e-01   1.4039750e-01   0.0000000e+00
   1.0092044e-01  -2.4217019e-01   8.7268356e-02  -1.5790197e-01   1.5173190e-01   0.0000000e+00
   1.1000885e-01  -2.3881400e-01   7.8752560e-02  -1.7217721e-01   1.6273355e-01   0.0000000e+00
   1.1855677e-01  -2.3487060e-01   7.1106065e-02  -1.8594339e-01   1.7334975e-01   0.0000000e+00
   1.2651783e-01  -2.3050649e-01   6.4317242e-02  -1.9904734e-01   1.8346368e-01   0.0000000e+00
   1.3378692e-01  -2.2469816e-01   5.9358235e-02  -2.1066962e-01   1.9245397e-01   0.0000000e+00
   1.3992755e-01  -2.1863954e-01   5.5887313e-02  -2.2035740e-01   1.9996294e-01   0.0000000e+00
   1.4540536e-01  -2.1207138e-01   5.3497677e-02  -2.2884222e-01   2.0655567e-01   0.0000000e+00
   1.5013238e-01  -2.0503019e-01   5.2257242e-02  -2.3594167e-01   2.1209153e-01   0.0000000e+00
   1.5395582e-01  -1.9759771e-01   5.2277074e-02  -2.4138364e-01   2.1636021e-01   0.0000000e+00
   1.5661057e-01  -1.9028313e-01   5.3535783e-02  -2.4480541e-01   2.1907686e-01   0.0000000e+00
   1.5827381e-01  -1.8261617e-01   5.6066109e-02  -2.4650420e-01   2.2047598e-01   0.0000000e+00
   1.5917512e-01  -1.7483602e-01   5.9355930e-02  -2.4710733e-01   2.2103841e-01   0.0000000e+00
   1.5896266e-01  -1.6657017e-01   6.4007266e-02  -2.4601072e-01   2.2030664e-01   0.0000000e+00
   1.5596795e-01  -1.5930920e-01   7.1297069e-02  -2.4035679e-01   2.1606843e-01   0.0000000e+00
   1.5106971e-01  -1.5243346e-01   8.0301230e-02  -2.3213298e-01   2.0986398e-01   0.0000000e+00
   1.4409135e-01  -1.4572179e-01   9.1168564e-02  -2.2146190e-01   2.0179596e-01   0.0000000e+00
   1.3520618e-01  -1.3938332e-01   1.0342196e-01  -2.0904873e-01   1.9240536e-01   0.0000000e+00
   1.2433422e-01  -1.3331200e-01   1.1698905e-01  -1.9520976e-01   1.8193773e-01   0.0000000e+00
   1.1132537e-01  -1.2739146e-01   1.3181283e-01  -1.8022577e-01   1.7060995e-01   0.0000000e+00
   9.6765169e-02  -1.2180941e-01   1.4701885e-01  -1.6514742e-01   1.5921834e-01   0.0000000e+00
   8.0615115e-02  -1.1644982e-01   1.6248642e-01  -1.5019181e-01   1.4792709e-01   0.0000000e+00
   6.3626129e-02  -1.1146459e-01   1.7739349e-01  -1.3618059e-01   1.3735569e-01   0.0000000e+00
   4.6627337e-02  -1.0698757e-01   1.9106498e-01  -1.2368564e-01   1.2793374e-01   0.0000000e+00
   3.0670068e-02  -1.0318683e-01   2.0286829e-01  -1.1315994e-01   1.2000047e-01   0.0000000e+00
   1.5435348e-02  -9.9914661e-02   2.1327801e-01  -1.0405385e-01   1.1313941e-01   0.0000000e+00
   2.4827647e-03  -9.7428111e-02   2.2151392e-01  -9.6938503e-02   1.0777898e-01   0.0000000e+00
  -7.4615525e-03  -9.5727991e-02   2.2747774e-01  -9.1812874e-02   1.0391721e-01   0.0000000e+00
  -1.4020986e-02  -9.4688827e-02   2.3124611e-01  -8.8589388e-02   1.0148864e-01   0.0000000e+00
  -1.7365909e-02  -9.4046860e-02   2.3310112e-01  -8.7072426e-02   1.0034854e-01   0.0000000e+00
  -1.7765982e-02  -9.3294504e-02   2.3323425e-01  -8.7292778e-02   1.0052844e-01   0.0000000e+00
  -1.1542886e-02  -9.2478318e-02   2.2951994e-01  -9.1317114e-02   1.0359474e-01   0.0000000e+00
  -6.6307800e-04  -9.1431876e-02   2.2282525e-01  -9.8444734e-02   1.0901797e-01   0.0000000e+00
   1.3795953e-02  -8.9226269e-02   2.1334603e-01  -1.0904532e-01   1.1709283e-01   0.0000000e+00
   3.0823036e-02  -8.5484764e-02   2.0136327e-01  -1.2319941e-01   1.2788464e-01   0.0000000e+00
   5.0159742e-02  -7.9816766e-02   1.8672444e-01  -1.4151042e-01   1.4185599e-01   0.0000000e+00
   7.0569834e-02  -7.2289596e-02   1.7013334e-01  -1.6351272e-01   1.5865501e-01   0.0000000e+00
   9.1575133e-02  -6.3328486e-02   1.5190883e-01  -1.8896684e-01   1.7810054e-01   0.0000000e+00
   1.1186764e-01  -5.2570169e-02   1.3318460e-01  -2.1709018e-01   1.9962636e-01   0.0000000e+00
   1.3114366e-01  -3.9565540e-02   1.1438008e-01  -2.4788473e-01   2.2327111e-01   0.0000000e+00
   1.4945713e-01  -2.5002158e-02   9.5651816e-02  -2.8101495e-01   2.4880376e-01   0.0000000e+00
   1.6610549e-01  -9.6464696e-03   7.7919854e-02  -3.1497628e-01   2.7510647e-01   0.0000000e+00
   1.8122728e-01   6.3874594e-03   6.1248156e-02  -3.4965828e-01   3.0213781e-01   0.0000000e+00
   1.9489718e-01   2.3000925e-02   4.5727973e-02  -3.8490664e-01   3.2982911e-01   0.0000000e+00
   2.0657549e-01   3.9251147e-02   3.2140219e-02  -4.1875937e-01   3.5667709e-01   0.0000000e+00
   2.1645904e-01   5.5015381e-02   2.0404790e-02  -4.5097192e-01   3.8250204e-01   0.0000000e+00
   2.2473515e-01   7.0251144e-02   1.0400132e-02  -4.8141675e-01   4.0720702e-01   0.0000000e+00
   2.3152476e-01   8.4927784e-02   2.0387457e-03  -5.0990908e-01   4.3063869e-01   0.0000000e+00
   2.3659887e-01   9.8148124e-02  -4.3605163e-03  -5.3461534e-01   4.5124528e-01   0.0000000e+00
   2.4045563e-01   1.1089291e-01  -9.4210335e-03  -5.5722193e-01   4.7038036e-01   0.0000000e+00
   2.4285146e-01   1.2188357e-01  -1.2820678e-02  -5.7541116e-01   4.8600911e-01   0.0000000e+00
   2.4436719e-01   1.3245079e-01  -1.5313595e-02  -5.9173951e-01   5.0024172e-01   0.0000000e+00
   2.4524012e-01   1.4172857e-01  -1.7083555e-02  -6.0551026e-01   5.1239883e-01   0.0000000e+00
   2.4362063e-01   1.4824617e-01  -1.6128695e-02  -6.1040682e-01   5.1696071e-01   0.0000000e+00
   2.4031836e-01   1.5284886e-01  -1.3368731e-02  -6.0927687e-01   5.1631097e-01   0.0000000e+00
   2.3553845e-01   1.5542457e-01  -8.9365282e-03  -6.0258945e-01   5.1085848e-01   0.0000000e+00
   2.2965564e-01   1.5589493e-01  -3.0996017e-03  -5.9130022e-01   5.0147258e-01   0.0000000e+00
   2.2232231e-01   1.5430989e-01   4.5865898e-03  -5.7515160e-01   4.8804549e-01   0.0000000e+00
   2.1342468e-01   1.5046910e-01   1.4366923e-02  -5.5420567e-01   4.7074590e-01   0.0000000e+00
   2.0342679e-01   1.4457907e-01   2.5786087e-02  -5.3008760e-01   4.5102108e-01   0.0000000e+00
   1.9172403e-01   1.3639252e-01   3.9514703e-02  -5.0203354e-01   4.2833375e-01   0.0000000e+00
   1.7890433e-01   1.2705405e-01   5.4597724e-02  -4.7282186e-01   4.0499700e-01   0.0000000e+00
   1.6498806e-01   1.1554552e-01   7.1243244e-02  -4.4165322e-01   3.8033504e-01   0.0000000e+00
   1.4990990e-01   1.0072938e-01   8.9770478e-02  -4.0762298e-01   3.5360989e-01   0.0000000e+00
   1.3367717e-01   8.3659306e-02   1.0968804e-01  -3.7230860e-01   3.2608860e-01   0.0000000e+00
   1.1625260e-01   6.4386376e-02   1.3081914e-01  -3.3608214e-01   2.9803374e-01   0.0000000e+00
   9.8477487e-02   4.3896220e-02   1.5194334e-01  -3.0091287e-01   2.7092509e-01   0.0000000e+00
   8.0007866e-02   2.1823628e-02   1.7328392e-01  -2.6621521e-01   2.4426361e-01   0.0000000e+00
   6.1908711e-02  -5.5411020e-04   1.9347199e-01  -2.3394262e-01   2.1950800e-01   0.0000000e+00
   4.5285048e-02  -2.1782179e-02   2.1128276e-01  -2.0572678e-01   1.9787504e-01   0.0000000e+00
   2.9308266e-02  -4.2858425e-02   2.2765289e-01  -1.7982148e-01   1.7800568e-01   0.0000000e+00
   1.5270376e-02  -6.2038640e-02   2.4136572e-01  -1.5796508e-01   1.6122457e-01   0.0000000e+00
   3.3447925e-03  -7.8956941e-02   2.5247332e-01  -1.3999558e-01   1.4740876e-01   0.0000000e+00
  -5.8466001e-03  -9.2537002e-02   2.6066880e-01  -1.2645426e-01   1.3698213e-01   0.0000000e+00
  -1.2386092e-02  -1.0261600e-01   2.6629703e-01  -1.1692533e-01   1.2963494e-01   0.0000000e+00
  -1.5983778e-02  -1.0835769e-01   2.6931823e-01  -1.1170019e-01   1.2560203e-01   0.0000000e+00
  -1.7775200e-02  -1.1129851e-01   2.7080481e-01  -1.0908795e-01   1.2358450e-01   0.0000000e+00
  -1.7124440e-02  -1.0910450e-01   2.7009536e-01  -1.1067361e-01   1.2481778e-01   0.0000000e+00
  -1.2827007e-02  -1.0000596e-01   2.6611570e-01  -1.1821439e-01   1.3065568e-01   0.0000000e+00
  -6.6785984e-03  -8.5945903e-02   2.5991020e-01  -1.3000280e-01   1.3978232e-01   0.0000000e+00
   5.4727581e-04  -6.7675232e-02   2.5171419e-01  -1.4560206e-01   1.5186053e-01   0.0000000e+00
   8.1012174e-03  -4.6276802e-02   2.4188227e-01  -1.6432928e-01   1.6636394e-01   0.0000000e+00
   1.5662134e-02  -2.1919787e-02   2.3038040e-01  -1.8627733e-01   1.8337066e-01   0.0000000e+00
   2.2624966e-02   4.0673223e-03   2.1777190e-01  -2.1044639e-01   2.0211711e-01   0.0000000e+00
   2.8890371e-02   3.1915198e-02   2.0393239e-01  -2.3719981e-01   2.2290282e-01   0.0000000e+00
   3.3827158e-02   5.8984181e-02   1.9021949e-01  -2.6403759e-01   2.4380502e-01   0.0000000e+00
   3.7620347e-02   8.6074461e-02   1.7631348e-01  -2.9169376e-01   2.6541515e-01   0.0000000e+00
   4.0178813e-02   1.1218048e-01   1.6279793e-01  -3.1908876e-01   2.8690972e-01   0.0000000e+00
   4.1730906e-02   1.3640611e-01   1.5010652e-01  -3.4526464e-01   3.0754152e-01   0.0000000e+00
   4.2780432e-02   1.5900465e-01   1.3798434e-01  -3.7056764e-01   3.2757585e-01   0.0000000e+00
   4.1421847e-02   1.7894639e-01   1.2819975e-01  -3.9232197e-01   3.4496710e-01   0.0000000e+00
   3.8560654e-02   1.9664746e-01   1.2010079e-01  -4.1128782e-01   3.6026663e-01   0.0000000e+00
   3.4661708e-02   2.1135166e-01   1.1393331e-01  -4.2660407e-01   3.7274396e-01   0.0000000e+00
   2.9919253e-02   2.2327682e-01   1.0955917e-01  -4.3840415e-01   3.8247155e-01   0.0000000e+00
   2.4474356e-02   2.3265033e-01   1.0683814e-01  -4.4687627e-01   3.8957182e-01   0.0000000e+00
   1.8431377e-02   2.3965958e-01   1.0565412e-01  -4.5220041e-01   3.9416783e-01   0.0000000e+00
   1.1864759e-02   2.4444894e-01   1.0591880e-01  -4.5453616e-01   3.9637376e-01   0.0000000e+00
   4.7840911e-03   2.4715585e-01   1.0756867e-01  -4.5404085e-01   3.9631122e-01   0.0000000e+00
  -2.8189445e-03   2.4783415e-01   1.1058938e-01  -4.5079355e-01   3.9404496e-01   0.0000000e+00
  -1.0844264e-02   2.4670568e-01   1.1480522e-01  -4.4517884e-01   3.8988600e-01   0.0000000e+00
  -1.8543035e-02   2.4502909e-01   1.1911150e-01  -4.3922512e-01   3.8544106e-01   0.0000000e+00
  -2.6026913e-02   2.3980614e-01   1.2547766e-01  -4.2908656e-01   3.7762865e-01   0.0000000e+00
  -3.3547337e-02   2.3177663e-01   1.3354521e-01  -4.1571442e-01   3.6724556e-01   0.0000000e+00
  -4.0582609e-02   2.2192934e-01   1.4247417e-01  -4.0069425e-01   3.5555526e-01   0.0000000e+00
  -4.7542300e-02   2.0950849e-01   1.5287807e-01  -3.8306290e-01   3.4182028e-01   0.0000000e+00
  -5.3873892e-02   1.9515250e-01   1.6411019e-01  -3.6395991e-01   3.2693648e-01   0.0000000e+00
  -5.9514072e-02   1.7877251e-01   1.7615538e-01  -3.4343517e-01   3.1094747e-01   0.0000000e+00
  -6.4354747e-02   1.6025532e-01   1.8897160e-01  -3.2155295e-01   2.9390457e-01   0.0000000e+00
  -6.8081137e-02   1.4064909e-01   2.0174193e-01  -2.9967392e-01   2.7686590e-01   0.0000000e+00
  -7.0858472e-02   1.1880245e-01   2.1509022e-01  -2.7665969e-01   2.5894122e-01   0.0000000e+00
  -7.2562482e-02   9.5886946e-02   2.2817256e-01  -2.5388152e-01   2.4119597e-01   0.0000000e+00
  -7.3830104e-02   7.1853696e-02   2.4110873e-01  -2.3117792e-01   2.2351514e-01   0.0000000e+00
  -7.3108161e-02   4.6997278e-02   2.5305517e-01  -2.0942907e-01   2.0653831e-01   0.0000000e+00
  -7.0083546e-02   2.1180115e-02   2.6375389e-01  -1.8873207e-01   1.9032974e-01   0.0000000e+00
  -6.5545904e-02  -3.7106189e-03   2.7246727e-01  -1.7045583e-01   1.7597395e-01   0.0000000e+00
  -5.9606636e-02  -2.7791395e-02   2.7921261e-01  -1.5442739e-01   1.6333778e-01   0.0000000e+00
  -5.2835897e-02  -4.9451639e-02   2.8363688e-01  -1.4153917e-01   1.5313086e-01   0.0000000e+00
  -4.5345242e-02  -6.9086287e-02   2.8604849e-01  -1.3128809e-01   1.4496460e-01   0.0000000e+00
  -3.7822188e-02  -8.5595695e-02   2.8664052e-01  -1.2392456e-01   1.3905106e-01   0.0000000e+00
  -3.0972067e-02  -9.8404265e-02   2.8596273e-01  -1.1919615e-01   1.3520969e-01   0.0000000e+00
  -2.5110702e-02  -1.0785280e-01   2.8462638e-01  -1.1643200e-01   1.3292408e-01   0.0000000e+00
  -2.1088517e-02  -1.1345892e-01   2.8334373e-01  -1.1521839e-01   1.3188979e-01   0.0000000e+00
  -1.8948012e-02  -1.1598958e-01   2.8252679e-01  -1.1487955e-01   1.3157975e-01   0.0000000e+00
  -1.7871964e-02  -1.1676321e-01   2.8202520e-01  -1.1499879e-01   1.3165112e-01   0.0000000e+00
  -2.1457555e-02  -1.1279208e-01   2.8344242e-01  -1.1541119e-01   1.3204881e-01   0.0000000e+00
  -2.8566883e-02  -1.0609248e-01   2.8619244e-01  -1.1578767e-01   1.3248785e-01   0.0000000e+00
  -3.8401223e-02  -9.7615558e-02   2.8965070e-01  -1.1627981e-01   1.3306678e-01   0.0000000e+00
  -5.0821713e-02  -8.7703663e-02   2.9345025e-01  -1.1706345e-01   1.3391660e-01   0.0000000e+00
  -6.5904071e-02  -7.6540770e-02   2.9727634e-01  -1.1833034e-01   1.3518498e-01   0.0000000e+00
  -8.1890946e-02  -6.5563084e-02   3.0047966e-01  -1.2004684e-01   1.3681137e-01   0.0000000e+00
  -9.9503259e-02  -5.4390802e-02   3.0311043e-01  -1.2231939e-01   1.3889118e-01   0.0000000e+00
  -1.1783060e-01  -4.3779740e-02   3.0498420e-01  -1.2499693e-01   1.4129023e-01   0.0000000e+00
  -1.3613747e-01  -3.4271874e-02   3.0612136e-01  -1.2784520e-01   1.4381398e-01   0.0000000e+00
  -1.5394319e-01  -2.6167970e-02   3.0666207e-01  -1.3062836e-01   1.4627163e-01   0.0000000e+00
  -1.7087765e-01  -1.9644009e-02   3.0679172e-01  -1.3312310e-01   1.4848429e-01   0.0000000e+00
  -1.8674090e-01  -1.4742808e-02   3.0669686e-01  -1.3515777e-01   1.5031609e-01   0.0000000e+00
  -2.0160286e-01  -1.1380733e-02   3.0652772e-01  -1.3664068e-01   1.5169751e-01   0.0000000e+00
  -2.1547756e-01  -9.4319470e-03   3.0637342e-01  -1.3754755e-01   1.5261051e-01   0.0000000e+00
  -2.2763051e-01  -8.3735420e-03   3.0612268e-01  -1.3818111e-01   1.5328095e-01   0.0000000e+00
  -2.3889257e-01  -8.4191758e-03   3.0600741e-01  -1.3826030e-01   1.5350323e-01   0.0000000e+00
  -2.4862225e-01  -1.1221526e-02   3.0684800e-01  -1.3643385e-01   1.5221563e-01   0.0000000e+00
  -2.5693120e-01  -1.5357470e-02   3.0810713e-01  -1.3372564e-01   1.5021766e-01   0.0000000e+00
  -2.6443405e-01  -2.0953575e-02   3.0984269e-01  -1.3004040e-01   1.4744371e-01   0.0000000e+00
  -2.7059791e-01  -2.7587376e-02   3.1194624e-01  -1.2564220e-01   1.4409300e-01   0.0000000e+00
  -2.7526575e-01  -3.4740174e-02   3.1426266e-01  -1.2087106e-01   1.4042959e-01   0.0000000e+00
  -2.7876962e-01  -4.2541839e-02   3.1683455e-01  -1.1564350e-01   1.3639334e-01   0.0000000e+00
  -2.8116656e-01  -5.0943341e-02   3.1964316e-01  -1.0999870e-01   1.3201613e-01   0.0000000e+00
  -2.8254641e-01  -5.9891418e-02   3.2265265e-01  -1.0399151e-01   1.2734225e-01   0.0000000e+00
  -2.8349879e-01  -6.9308896e-02   3.2573594e-01  -9.7760299e-02   1.2248611e-01   0.0000000e+00
  -2.8238361e-01  -7.9292810e-02   3.2914519e-01  -9.1063466e-02   1.1724325e-01   0.0000000e+00
  -2.7892176e-01  -8.9504750e-02   3.3277245e-01  -8.4127640e-02   1.1178917e-01   0.0000000e+00
  -2.7379649e-01  -9.9339242e-02   3.3628608e-01  -7.7459728e-02   1.0652769e-01   0.0000000e+00
  -2.6709122e-01  -1.0871579e-01   3.3960368e-01  -7.1154132e-02   1.0153442e-01   0.0000000e+00
  -2.5812326e-01  -1.1819190e-01   3.4285007e-01  -6.4891632e-02   9.6554315e-02   0.0000000e+00
  -2.4722850e-01  -1.2698359e-01   3.4564890e-01  -5.9272014e-02   9.2060457e-02   0.0000000e+00
  -2.3425818e-01  -1.3495502e-01   3.4782376e-01  -5.4479445e-02   8.8196223e-02   0.0000000e+00
  -2.1992561e-01  -1.4157479e-01   3.4909208e-01  -5.0932870e-02   8.5295770e-02   0.0000000e+00
  -2.0334015e-01  -1.4708700e-01   3.4931834e-01  -4.8638032e-02   8.3355173e-02   0.0000000e+00
  -1.8529056e-01  -1.5103028e-01   3.4823931e-01  -4.7977655e-02   8.2679091e-02   0.0000000e+00
  -1.6573947e-01  -1.5331952e-01   3.4565590e-01  -4.9148497e-02   8.3418057e-02   0.0000000e+00
  -1.4445702e-01  -1.5382000e-01   3.4128524e-01  -5.2447872e-02   8.5797508e-02   0.0000000e+00
  -1.2311911e-01  -1.5253067e-01   3.3535812e-01  -5.7727672e-02   8.9711393e-02   0.0000000e+00
  -1.0185544e-01  -1.4991835e-01   3.2800574e-01  -6.4745628e-02   9.4965769e-02   0.0000000e+00
  -8.1861819e-02  -1.4626431e-01   3.1979334e-01  -7.2975813e-02   1.0115992e-01   0.0000000e+00
  -6.3076040e-02  -1.4040605e-01   3.1075032e-01  -8.2900304e-02   1.0867140e-01   0.0000000e+00
  -4.6849440e-02  -1.3393068e-01   3.0196836e-01  -9.2993830e-02   1.1632667e-01   0.0000000e+00
  -3.4065698e-02  -1.2784909e-01   2.9440236e-01  -1.0200881e-01   1.2317225e-01   0.0000000e+00
  -2.5183862e-02  -1.2296388e-01   2.8878297e-01  -1.0892675e-01   1.2843086e-01   0.0000000e+00
  -2.0194423e-02  -1.1978248e-01   2.8546307e-01  -1.1316566e-01   1.3165741e-01   0.0000000e+00
  -1.8003775e-02  -1.1809917e-01   2.8393862e-01  -1.1521242e-01   1.3321872e-01   0.0000000e+00
  -2.0441707e-02  -1.1869439e-01   2.8543793e-01  -1.1364300e-01   1.3203746e-01   0.0000000e+00
  -2.8304410e-02  -1.2413028e-01   2.9070268e-01  -1.0676915e-01   1.2679952e-01   0.0000000e+00
  -3.9479102e-02  -1.3258842e-01   2.9796844e-01  -9.6979044e-02   1.1932395e-01   0.0000000e+00
  -5.3764379e-02  -1.4398399e-01   3.0674779e-01  -8.4811839e-02   1.1001504e-01   0.0000000e+00
  -7.0312743e-02  -1.5780723e-01   3.1611399e-01  -7.1331500e-02   9.9678212e-02   0.0000000e+00
  -8.7126955e-02  -1.7248657e-01   3.2465429e-01  -5.8368384e-02   8.9713525e-02   0.0000000e+00
  -1.0491200e-01  -1.8875390e-01   3.3249875e-01  -4.5495008e-02   7.9791893e-02   0.0000000e+00
  -1.2133175e-01  -2.0458716e-01   3.3852199e-01  -3.4388096e-02   7.1208655e-02   0.0000000e+00
  -1.3673534e-01  -2.2035720e-01   3.4294934e-01  -2.4661511e-02   6.3672506e-02   0.0000000e+00
  -1.5070219e-01  -2.3570550e-01   3.4575300e-01  -1.6435748e-02   5.7282968e-02   0.0000000e+00
  -1.6326390e-01  -2.5074976e-01   3.4705937e-01  -9.5336427e-03   5.1908127e-02   0.0000000e+00
  -1.7375599e-01  -2.6472781e-01   3.4699161e-01  -4.1359738e-03   4.7694078e-02   0.0000000e+00
  -1.8234549e-01  -2.7777114e-01   3.4581622e-01   2.7679447e-05   4.4434602e-02   0.0000000e+00
  -1.8917380e-01  -2.9002553e-01   3.4373326e-01   3.1734731e-03   4.1963936e-02   0.0000000e+00
  -1.9420206e-01  -3.0130483e-01   3.4097274e-01   5.4073724e-03   4.0201597e-02   0.0000000e+00
  -1.9758759e-01  -3.1170013e-01   3.3770215e-01   6.8925166e-03   3.9021445e-02   0.0000000e+00
  -1.9950595e-01  -3.2126648e-01   3.3406119e-01   7.7557091e-03   3.8325300e-02   0.0000000e+00
  -2.0045869e-01  -3.2949794e-01   3.3045727e-01   8.1183005e-03   3.8021588e-02   0.0000000e+00
  -2.0028129e-01  -3.3700350e-01   3.2672340e-01   8.0823792e-03   3.8028033e-02   0.0000000e+00
  -1.9781911e-01  -3.4326544e-01   3.2308108e-01   7.6158910e-03   3.8366852e-02   0.0000000e+00
  -1.9516670e-01  -3.4731696e-01   3.2043857e-01   7.0743038e-03   3.8769803e-02   0.0000000e+00
