   0.0000000e+00   0.0000000e+00   0.0000000e+00   0.0000000e+00   0.0000000e+00   0.0000000e+00
  -2.4436816e-01  -6.8640490e-02   4.8573519e-02   1.4099047e-01  -1.1416681e-01   0.0000000e+00
  -2.6527094e-01  -6.4747878e-02   4.7806101e-02   1.3674821e-01  -1.1098206e-01   0.0000000e+00
  -2.8693175e-01  -6.1349076e-02   4.5700987e-02   1.3071463e-01  -1.0634449e-01   0.0000000e+00
  -3.0779818e-01  -5.8789355e-02   4.2414759e-02   1.2336168e-01  -1.0062032e-01   0.0000000e+00
  -3.2774275e-01  -5.6910666e-02   3.8147804e-02   1.1483479e-01  -9.3931412e-02   0.0000000e+00
  -3.4866265e-01  -5.5492588e-02   3.2505512e-02   1.0421991e-01  -8.5563691e-02   0.0000000e+00
  -3.6798233e-01  -5.4678957e-02   2.6238905e-02   9.2800438e-02  -7.6534175e-02   0.0000000e+00
  -3.8279576e-01  -5.4412911e-02   2.0740663e-02   8.2937109e-02  -6.8722520e-02   0.0000000e+00
  -3.9388660e-01  -5.4464834e-02   1.6219578e-02   7.4903879e-02  -6.2355382e-02   0.0000000e+00
  -4.0150751e-01  -5.4655869e-02   1.2904272e-02   6.9056860e-02  -5.7719352e-02   0.0000000e+00
  -4.0543893e-01  -5.4775100e-02   1.1133578e-02   6.5917906e-02  -5.5230175e-02   0.0000000e+00
  -4.0440830e-01  -5.4470520e-02   1.1663508e-02   6.6622396e-02  -5.5789182e-02   0.0000000e+00
  -3.9921229e-01  -5.3536490e-02   1.4154114e-02   7.0350435e-02  -5.8746271e-02   0.0000000e+00
  -3.9020461e-01  -5.1596727e-02   1.8364393e-02   7.6259096e-02  -6.3432196e-02   0.0000000e+00
  -3.7731873e-01  -4.7971944e-02   2.4151245e-02   8.3412343e-02  -6.9101763e-02   0.0000000e+00
  -3.6297270e-01  -4.2814444e-02   3.0195561e-02   8.9578321e-02  -7.3980434e-02   0.0000000e+00
  -3.4734581e-01  -3.5920822e-02   3.6204065e-02   9.4133549e-02  -7.7568052e-02   0.0000000e+00
  -3.3031482e-01  -2.6877385e-02   4.1957774e-02   9.6454282e-02  -7.9362827e-02   0.0000000e+00
  -3.1402655e-01  -1.6618503e-02   4.6576062e-02   9.5929869e-02  -7.8883101e-02   0.0000000e+00
  -2.9686354e-01  -3.8236792e-03   5.0376251e-02   9.2141031e-02  -7.5789705e-02   0.0000000e+00
  -2.8235603e-01   8.9467031e-03   5.2607402e-02   8.5918036e-02  -7.0764572e-02   0.0000000e+00
  -2.6906985e-01   2.2698704e-02   5.3720549e-02   7.7221136e-02  -6.3776671e-02   0.0000000e+00
  -2.5736509e-01   3.7146677e-02   5.3792719e-02   6.6377933e-02  -5.5095350e-02   0.0000000e+00
  -2.4815831e-01   5.0880688e-02   5.3056597e-02   5.4795275e-02  -4.5848241e-02   0.0000000e+00
  -2.4050660e-01   6.5051405e-02   5.1653304e-02   4.1789781e-02  -3.5489844e-02   0.0000000e+00
  -2.3499916e-01   7.8379736e-02   4.9857723e-02   2.8742151e-02  -2.5118694e-02   0.0000000e+00
  -2.3136205e-01   9.0860313e-02   4.7837141e-02   1.5909822e-02  -1.4934796e-02   0.0000000e+00
  -2.2937693e-01   1.0248800e-01   4.5707819e-02   3.4790215e-03  -5.0813349e-03   0.0000000e+00
  -2.2886472e-01   1.1325623e-01   4.3550971e-02  -8.4114297e-03   4.3359669e-03   0.0000000e+00
  -2.2979562e-01   1.2394188e-01   4.1248568e-02  -2.0560445e-02   1.3953237e-02   0.0000000e+00
  -2.3212236e-01   1.3358285e-01   3.9031869e-02  -3.1832293e-02   2.2874849e-02   0.0000000e+00
  -2.3539298e-01   1.4152428e-01   3.7093683e-02  -4.1367281e-02   3.0423424e-02   0.0000000e+00
  -2.3964786e-01   1.4850585e-01   3.5281801e-02  -4.9982848e-02   3.7247997e-02   0.0000000e+00
  -2.4481074e-01   1.5447281e-01   3.3614736e-02  -5.7588995e-02   4.3278827e-02   0.0000000e+00
  -2.5081695e-01   1.5935366e-01   3.2109227e-02  -6.4084389e-02   4.8436698e-02   0.0000000e+00
  -2.5761246e-01   1.6305746e-01   3.0781295e-02  -6.9352703e-02   5.2630069e-02   0.0000000e+00
  -2.6515363e-01   1.6547037e-01   2.9646602e-02  -7.3259568e-02   5.5752692e-02   0.0000000e+00
  -2.7340766e-01   1.6645086e-01   2.8720102e-02  -7.5649665e-02   5.7681350e-02   0.0000000e+00
  -2.8235402e-01   1.6582224e-01   2.8014882e-02  -7.6343229e-02   5.8273108e-02   0.0000000e+00
  -2.9198778e-01   1.6336019e-01   2.7539909e-02  -7.5130396e-02   5.7360851e-02   0.0000000e+00
  -3.0143800e-01   1.5924171e-01   2.7307941e-02  -7.2129291e-02   5.5032326e-02   0.0000000e+00
  -3.1152118e-01   1.5302474e-01   2.7260538e-02  -6.7073570e-02   5.1079104e-02   0.0000000e+00
  -3.2133692e-01   1.4515028e-01   2.7354168e-02  -6.0403614e-02   4.5843689e-02   0.0000000e+00
  -3.3169750e-01   1.3481083e-01   2.7528106e-02  -5.1558836e-02   3.8883982e-02   0.0000000e+00
  -3.4226218e-01   1.2199171e-01   2.7679230e-02  -4.0705660e-02   3.0327576e-02   0.0000000e+00
  -3.5246298e-01   1.0718941e-01   2.7668617e-02  -2.8489184e-02   2.0681149e-02   0.0000000e+00
  -3.6219852e-01   9.0563030e-02   2.7336023e-02  -1.5304204e-02   1.0255966e-02   0.0000000e+00
  -3.7130975e-01   7.2323995e-02   2.6526917e-02  -1.5699568e-03  -6.1616526e-04   0.0000000e+00
  -3.7960886e-01   5.2947984e-02   2.5093710e-02   1.2092369e-02  -1.1441751e-02   0.0000000e+00
  -3.8702625e-01   3.2597504e-02   2.2913342e-02   2.5364322e-02  -2.1965301e-02   0.0000000e+00
  -3.9289598e-01   1.3637862e-02   2.0219035e-02   3.6676979e-02  -3.0938194e-02   0.0000000e+00
  -3.9735873e-01  -3.4295587e-03   1.7235047e-02   4.5976105e-02  -3.8313266e-02   0.0000000e+00
  -4.0101305e-01  -2.0339660e-02   1.3754492e-02   5.4357555e-02  -4.4956944e-02   0.0000000e+00
  -4.0341861e-01  -3.4370158e-02   1.0487398e-02   6.0708889e-02  -4.9986604e-02   0.0000000e+00
  -4.0483996e-01  -4.5166043e-02   7.7562925e-03   6.5250872e-02  -5.3579286e-02   0.0000000e+00
  -4.0543439e-01  -5.1123584e-02   6.1808587e-03   6.7650815e-02  -5.5475777e-02   0.0000000e+00
  -4.0562446e-01  -5.1914285e-02   5.9144111e-03   6.7862830e-02  -5.5642927e-02   0.0000000e+00
  -4.0577621e-01  -4.8341257e-02   6.6573672e-03   6.6041228e-02  -5.4202663e-02   0.0000000e+00
  -4.0615339e-01  -4.0914747e-02   8.0577470e-03   6.2003018e-02  -5.1008009e-02   0.0000000e+00
  -4.0728646e-01  -2.8261255e-02   9.8769991e-03   5.4116900e-02  -4.4764381e-02   0.0000000e+00
  -4.0929666e-01  -1.3532018e-02   1.1162068e-02   4.3459641e-02  -3.6322085e-02   0.0000000e+00
  -4.1284776e-01   6.0470108e-03   1.1661535e-02   2.7128541e-02  -2.3382595e-02   0.0000000e+00
  -4.1759327e-01   2.7145741e-02   1.0826174e-02   7.0001052e-03  -7.4365720e-03   0.0000000e+00
  -4.2366768e-01   4.9816502e-02   8.4778635e-03  -1.7438329e-02   1.1917199e-02   0.0000000e+00
  -4.3037154e-01   7.1491798e-02   4.9412749e-03  -4.3490913e-02   3.2542210e-02   0.0000000e+00
  -4.3765065e-01   9.2238878e-02   4.3244487e-04  -7.0976775e-02   5.4298840e-02   0.0000000e+00
  -4.4623809e-01   1.1395851e-01  -5.4198829e-03  -1.0259336e-01   7.9330736e-02   0.0000000e+00
  -4.5452604e-01   1.3260435e-01  -1.1373001e-02  -1.3232183e-01   1.0288456e-01   0.0000000e+00
  -4.6324980e-01   1.5011798e-01  -1.7786477e-02  -1.6277511e-01   1.2704272e-01   0.0000000e+00
  -4.7244100e-01   1.6646387e-01  -2.4571945e-02  -1.9388154e-01   1.5176534e-01   0.0000000e+00
  -4.8123152e-01   1.8018817e-01  -3.0991819e-02  -2.2257417e-01   1.7462538e-01   0.0000000e+00
  -4.8948373e-01   1.9142376e-01  -3.6895452e-02  -2.4844277e-01   1.9529353e-01   0.0000000e+00
  -4.9758495e-01   2.0089357e-01  -4.2533396e-02  -2.7266711e-01   2.1470840e-01   0.0000000e+00
  -5.0563353e-01   2.0872423e-01  -4.7951359e-02  -2.9537855e-01   2.3297317e-01   0.0000000e+00
  -5.1303916e-01   2.1445941e-01  -5.2758699e-02  -3.1484580e-01   2.4868432e-01   0.0000000e+00
  -5.2036457e-01   2.1862316e-01  -5.7338636e-02  -3.3245776e-01   2.6294815e-01   0.0000000e+00
  -5.2706006e-01   2.2094370e-01  -6.1371287e-02  -3.4676281e-01   2.7457303e-01   0.0000000e+00
  -5.3314675e-01   2.2161204e-01  -6.4915610e-02  -3.5787122e-01   2.8362756e-01   0.0000000e+00
  -5.3862756e-01   2.2075846e-01  -6.8016147e-02  -3.6581680e-01   2.9012128e-01   0.0000000e+00
  -5.4349562e-01   2.1849212e-01  -7.0709693e-02  -3.7062766e-01   2.9406294e-01   0.0000000e+00
  -5.4800392e-01   2.1457125e-01  -7.3168797e-02  -3.7226773e-01   2.9541425e-01   0.0000000e+00
  -5.5173902e-01   2.0916566e-01  -7.5201019e-02  -3.7023178e-01   2.9375710e-01   0.0000000e+00
  -5.5464170e-01   2.0230898e-01  -7.6805931e-02  -3.6446086e-01   2.8904633e-01   0.0000000e+00
  -5.5662924e-01   1.9400327e-01  -7.7964189e-02  -3.5486552e-01   2.8121973e-01   0.0000000e+00
  -5.5759279e-01   1.8422664e-01  -7.8637676e-02  -3.4134331e-01   2.7021189e-01   0.0000000e+00
  -5.5739282e-01   1.7293540e-01  -7.8769390e-02  -3.2378671e-01   2.5595953e-01   0.0000000e+00
  -5.5599805e-01   1.6096726e-01  -7.8335517e-02  -3.0365153e-01   2.3966663e-01   0.0000000e+00
  -5.5323538e-01   1.4753692e-01  -7.7277191e-02  -2.7976531e-01   2.2040539e-01   0.0000000e+00
  -5.4885166e-01   1.3252756e-01  -7.5492974e-02  -2.5197131e-01   1.9807404e-01   0.0000000e+00
  -5.4302532e-01   1.1705045e-01  -7.3072342e-02  -2.2248720e-01   1.7446672e-01   0.0000000e+00
  -5.3510960e-01   9.9910617e-02  -6.9783073e-02  -1.8921093e-01   1.4790726e-01   0.0000000e+00
  -5.2541875e-01   8.2333989e-02  -6.5813988e-02  -1.5468503e-01   1.2042571e-01   0.0000000e+00
  -5.1375504e-01   6.4260760e-02  -6.1164729e-02  -1.1898523e-01   9.2070546e-02   0.0000000e+00
  -5.0115737e-01   4.7318884e-02  -5.6327243e-02  -8.5482805e-02   6.5500163e-02   0.0000000e+00
  -4.8620884e-01   2.9714151e-02  -5.0860058e-02  -5.0775961e-02   3.7999509e-02   0.0000000e+00
  -4.7093967e-01   1.3906208e-02  -4.5590823e-02  -1.9763068e-02   1.3436293e-02   0.0000000e+00
  -4.5509889e-01  -6.0603004e-04  -4.0464038e-02   8.5542997e-03  -8.9903828e-03   0.0000000e+00
  -4.4081074e-01  -1.2284219e-02  -3.6134055e-02   3.1239454e-02  -2.6958303e-02   0.0000000e+00
  -4.2683588e-01  -2.2524095e-02  -3.2156807e-02   5.1119200e-02  -4.2706220e-02   0.0000000e+00
  -4.1583359e-01  -2.9796938e-02  -2.9192262e-02   6.5307878e-02  -5.3946694e-02   0.0000000e+00
  -4.0876200e-01  -3.4076652e-02  -2.7349842e-02   7.3774899e-02  -6.0654376e-02   0.0000000e+00
  -4.0575398e-01  -3.5859550e-02  -2.6594454e-02   7.7254355e-02  -6.3410701e-02   0.0000000e+00
  -4.0686405e-01  -3.5488721e-02  -2.6945205e-02   7.6112941e-02  -6.2506191e-02   0.0000000e+00
  -4.1295812e-01  -3.2819080e-02  -2.8753329e-02   6.9411913e-02  -5.7196605e-02   0.0000000e+00
  -4.2330467e-01  -2.8492145e-02  -3.2058777e-02   5.7596173e-02  -4.7833755e-02   0.0000000e+00
  -4.3599775e-01  -2.3616129e-02  -3.6523815e-02   4.2373100e-02  -3.5771033e-02   0.0000000e+00
  -4.5165724e-01  -1.8106133e-02  -4.2589625e-02   2.2370685e-02  -1.9923416e-02   0.0000000e+00
  -4.6936505e-01  -1.2371631e-02  -5.0109321e-02  -2.0674111e-03  -5.6632335e-04   0.0000000e+00
  -4.8768939e-01  -6.9267338e-03  -5.8569261e-02  -2.9601234e-02   2.1237462e-02   0.0000000e+00
  -5.0614532e-01  -1.9343972e-03  -6.7735312e-02  -5.9902987e-02   4.5231063e-02   0.0000000e+00
  -5.2460913e-01   2.5170184e-03  -7.7508750e-02  -9.3119213e-02   7.1538827e-02   0.0000000e+00
  -5.4118188e-01   5.9395003e-03  -8.6767276e-02  -1.2572797e-01   9.7383703e-02   0.0000000e+00
  -5.5741517e-01   8.6061997e-03  -9.6260933e-02  -1.6060349e-01   1.2506052e-01   0.0000000e+00
  -5.7171339e-01   1.0167973e-02  -1.0497136e-01  -1.9408508e-01   1.5168185e-01   0.0000000e+00
  -5.8424685e-01   1.0685648e-02  -1.1288737e-01  -2.2590936e-01   1.7704747e-01   0.0000000e+00
  -5.9516052e-01   1.0211269e-02  -1.2002664e-01  -2.5582011e-01   2.0095721e-01   0.0000000e+00
  -6.0426082e-01   8.6397730e-03  -1.2629818e-01  -2.8250463e-01   2.2235311e-01   0.0000000e+00
  -6.1164331e-01   6.0112313e-03  -1.3179123e-01  -3.0546356e-01   2.4081421e-01   0.0000000e+00
  -6.1703316e-01   2.7691698e-03  -1.3625145e-01  -3.2307095e-01   2.5500312e-01   0.0000000e+00
  -6.2124168e-01  -1.2533542e-03  -1.4031467e-01  -3.3737778e-01   2.6654410e-01   0.0000000e+00
  -6.2422264e-01  -5.8944535e-03  -1.4397656e-01  -3.4784356e-01   2.7497757e-01   0.0000000e+00
  -6.2602682e-01  -1.0919832e-02  -1.4724825e-01  -3.5433403e-01   2.8017687e-01   0.0000000e+00
  -6.2679115e-01  -1.6168476e-02  -1.5019565e-01  -3.5713438e-01   2.8236297e-01   0.0000000e+00
  -6.2659059e-01  -2.2015330e-02  -1.5310771e-01  -3.5641370e-01   2.8165993e-01   0.0000000e+00
  -6.2545051e-01  -2.7826402e-02  -1.5572076e-01  -3.5223742e-01   2.7813422e-01   0.0000000e+00
  -6.2325731e-01  -3.4065756e-02  -1.5826989e-01  -3.4424140e-01   2.7148743e-01   0.0000000e+00
  -6.2014985e-01  -4.0133012e-02  -1.6049972e-01  -3.3305280e-01   2.6225731e-01   0.0000000e+00
  -6.1617129e-01  -4.5963068e-02  -1.6237701e-01  -3.1899433e-01   2.5072433e-01   0.0000000e+00
  -6.1133634e-01  -5.1493670e-02  -1.6384755e-01  -3.0232075e-01   2.3711328e-01   0.0000000e+00
  -6.0512175e-01  -5.7074749e-02  -1.6489955e-01  -2.8154337e-01   2.2023394e-01   0.0000000e+00
  -5.9785016e-01  -6.2139819e-02  -1.6527816e-01  -2.5813410e-01   2.0130719e-01   0.0000000e+00
  -5.8945435e-01  -6.6590889e-02  -1.6485436e-01  -2.3226549e-01   1.8048608e-01   0.0000000e+00
  -5.7983439e-01  -7.0308567e-02  -1.6347622e-01  -2.0407825e-01   1.5789304e-01   0.0000000e+00
  -5.6884855e-01  -7.3130337e-02  -1.6095735e-01  -1.7368157e-01   1.3361989e-01   0.0000000e+00
  -5.5732827e-01  -7.4761482e-02  -1.5742929e-01  -1.4374877e-01   1.0979094e-01   0.0000000e+00
  -5.4425760e-01  -7.5230500e-02  -1.5252283e-01  -1.1207090e-01   8.4633585e-02   0.0000000e+00
  -5.3064310e-01  -7.4363747e-02  -1.4657047e-01  -8.1534518e-02   6.0424584e-02   0.0000000e+00
  -5.1558266e-01  -7.1972044e-02  -1.3917237e-01  -5.0561157e-02   3.5894007e-02   0.0000000e+00
  -4.9907539e-01  -6.7779148e-02  -1.3028836e-01  -1.9895352e-02   1.1615070e-02   0.0000000e+00
  -4.8275272e-01  -6.2100965e-02  -1.2089118e-01   7.1118960e-03  -9.7739221e-03   0.0000000e+00
  -4.6687428e-01  -5.5147015e-02  -1.1132894e-01   3.0224140e-02  -2.8092367e-02   0.0000000e+00
  -4.5250348e-01  -4.7610187e-02  -1.0243700e-01   4.8409780e-02  -4.2520518e-02   0.0000000e+00
  -4.3895416e-01  -3.9357135e-02  -9.3940384e-02   6.3093686e-02  -5.4182628e-02   0.0000000e+00
  -4.2630978e-01  -3.0531424e-02  -8.5978472e-02   7.4515636e-02  -6.3263081e-02   0.0000000e+00
  -4.1673430e-01  -2.2989669e-02  -7.9954476e-02   8.1574148e-02  -6.8879197e-02   0.0000000e+00
  -4.1049938e-01  -1.7577183e-02  -7.6033940e-02   8.5348171e-02  -7.1883785e-02   0.0000000e+00
  -4.0679680e-01  -1.4186188e-02  -7.3720449e-02   8.7272201e-02  -7.3415987e-02   0.0000000e+00
  -4.0635286e-01  -1.3988946e-02  -7.3511090e-02   8.7589152e-02  -7.3667591e-02   0.0000000e+00
  -4.0890934e-01  -1.7256880e-02  -7.5390781e-02   8.6708045e-02  -7.2962398e-02   0.0000000e+00
  -4.1383625e-01  -2.3804605e-02  -7.9209886e-02   8.4763189e-02  -7.1405141e-02   0.0000000e+00
  -4.2047759e-01  -3.3482348e-02  -8.4909520e-02   8.1644555e-02  -6.8905620e-02   0.0000000e+00
  -4.2787923e-01  -4.5695864e-02  -9.2190567e-02   7.7278094e-02  -6.5403924e-02   0.0000000e+00
  -4.3507564e-01  -5.9217492e-02  -1.0040705e-01   7.1696765e-02  -6.0929608e-02   0.0000000e+00
  -4.4177592e-01  -7.3633048e-02  -1.0935152e-01   6.4758818e-02  -5.5373559e-02   0.0000000e+00
  -4.4775023e-01  -8.8664597e-02  -1.1883853e-01   5.6436749e-02  -4.8718229e-02   0.0000000e+00
  -4.5291025e-01  -1.0444939e-01  -1.2891076e-01   4.6561095e-02  -4.0832914e-02   0.0000000e+00
  -4.5676552e-01  -1.1980822e-01  -1.3873588e-01   3.5979573e-02  -3.2397778e-02   0.0000000e+00
  -4.5928350e-01  -1.3471906e-01  -1.4821031e-01   2.5013589e-02  -2.3669949e-02   0.0000000e+00
  -4.6036743e-01  -1.4804707e-01  -1.5655443e-01   1.4885621e-02  -1.5620774e-02   0.0000000e+00
  -4.6017823e-01  -1.6095998e-01  -1.6446266e-01   5.0958907e-03  -7.8507765e-03   0.0000000e+00
  -4.5876907e-01  -1.7247520e-01  -1.7131904e-01  -3.2729902e-03  -1.2169143e-03   0.0000000e+00
  -4.5629516e-01  -1.8273159e-01  -1.7723163e-01  -1.0078316e-02   4.1708364e-03   0.0000000e+00
  -4.5286768e-01  -1.9183457e-01  -1.8229238e-01  -1.5209272e-02   8.2273027e-03   0.0000000e+00
  -4.4857762e-01  -1.9985606e-01  -1.8657515e-01  -1.8590136e-02   1.0894682e-02   0.0000000e+00
  -4.4350371e-01  -2.0684334e-01  -1.9013777e-01  -2.0177478e-02   1.2140407e-02   0.0000000e+00
  -4.3770726e-01  -2.1282384e-01  -1.9302120e-01  -1.9940962e-02   1.1942003e-02   0.0000000e+00
  -4.3175211e-01  -2.1744845e-01  -1.9509406e-01  -1.8063746e-02   1.0446494e-02   0.0000000e+00
  -4.2524511e-01  -2.2119203e-01  -1.9659897e-01  -1.4558067e-02   7.6635450e-03   0.0000000e+00
  -4.1880537e-01  -2.2380812e-01  -1.9745729e-01  -9.8572700e-03   3.9371598e-03   0.0000000e+00
  -4.1189491e-01  -2.2558107e-01  -1.9777514e-01  -3.6390864e-03  -9.8832211e-04   0.0000000e+00
  -4.0514637e-01  -2.2637230e-01  -1.9752990e-01   3.4893948e-03  -6.6325265e-03   0.0000000e+00
  -3.9847305e-01  -2.2631926e-01  -1.9678539e-01   1.1439390e-02  -1.2926187e-02   0.0000000e+00
  -3.9157886e-01  -2.2528415e-01  -1.9541341e-01   2.0721982e-02  -2.0275606e-02   0.0000000e+00
  -3.8480083e-01  -2.2287907e-01  -1.9319064e-01   3.1440014e-02  -2.8765847e-02   0.0000000e+00
  -3.7827526e-01  -2.1908194e-01  -1.9009754e-01   4.3346116e-02  -3.8205230e-02   0.0000000e+00
  -3.7245063e-01  -2.1412986e-01  -1.8631765e-01   5.5532680e-02  -4.7878881e-02   0.0000000e+00
  -3.6728681e-01  -2.0794845e-01  -1.8179413e-01   6.8014351e-02  -5.7803297e-02   0.0000000e+00
  -3.6288445e-01  -2.0051354e-01  -1.7652655e-01   8.0553423e-02  -6.7795037e-02   0.0000000e+00
  -3.5933546e-01  -1.9176831e-01  -1.7050648e-01   9.2914441e-02  -7.7672233e-02   0.0000000e+00
  -3.5674473e-01  -1.8164231e-01  -1.6373750e-01   1.0480690e-01  -8.7208540e-02   0.0000000e+00
  -3.5523107e-01  -1.7005161e-01  -1.5624309e-01   1.1587196e-01  -9.6121831e-02   0.0000000e+00
  -3.5492962e-01  -1.5689792e-01  -1.4807631e-01   1.2566685e-01  -1.0406083e-01   0.0000000e+00
  -3.5599576e-01  -1.4206610e-01  -1.3933134e-01   1.3364677e-01  -1.1058982e-01   0.0000000e+00
  -3.5861164e-01  -1.2541831e-01  -1.3015640e-01   1.3914298e-01  -1.1517039e-01   0.0000000e+00
  -3.6255757e-01  -1.0840970e-01  -1.2154767e-01   1.4130132e-01  -1.1709341e-01   0.0000000e+00
  -3.6761499e-01  -9.1380702e-02  -1.1376879e-01   1.4019092e-01  -1.1640039e-01   0.0000000e+00
  -3.7357287e-01  -7.4509961e-02  -1.0694098e-01   1.3604567e-01  -1.1327034e-01   0.0000000e+00
  -3.8021554e-01  -5.8080179e-02  -1.0117595e-01   1.2920134e-01  -1.0796709e-01   0.0000000e+00
  -3.8741666e-01  -4.2158964e-02  -9.6455555e-02   1.1998418e-01  -1.0075259e-01   0.0000000e+00
  -3.9378963e-01  -2.9268845e-02  -9.3275280e-02   1.1067916e-01  -9.3433843e-02   0.0000000e+00
  -3.9927561e-01  -1.8980690e-02  -9.1170896e-02   1.0202509e-01  -8.6610163e-02   0.0000000e+00
  -4.0356107e-01  -1.1375986e-02  -8.9866516e-02   9.4921865e-02  -8.1001828e-02   0.0000000e+00
  -4.0595540e-01  -7.2863339e-03  -8.9256533e-02   9.0843652e-02  -7.7779706e-02   0.0000000e+00
  -4.0553638e-01  -7.5762953e-03  -8.9221478e-02   9.1369508e-02  -7.8195747e-02   0.0000000e+00
  -4.0259592e-01  -1.1399054e-02  -8.9579822e-02   9.5820443e-02  -8.1713750e-02   0.0000000e+00
  -3.9653788e-01  -1.8936770e-02  -9.0339690e-02   1.0445895e-01  -8.8538523e-02   0.0000000e+00
  -3.8765215e-01  -2.8993766e-02  -9.1409472e-02   1.1586830e-01  -9.7544926e-02   0.0000000e+00
  -3.7657779e-01  -4.0205201e-02  -9.2707548e-02   1.2834277e-01  -1.0737847e-01   0.0000000e+00
  -3.6287436e-01  -5.2589472e-02  -9.4352258e-02   1.4158011e-01  -1.1778922e-01   0.0000000e+00
  -3.4816056e-01  -6.4425075e-02  -9.6200439e-02   1.5349121e-01  -1.2712253e-01   0.0000000e+00
  -3.3039233e-01  -7.6999099e-02  -9.8532569e-02   1.6512883e-01  -1.3618706e-01   0.0000000e+00
  -3.1228977e-01  -8.8085985e-02  -1.0097558e-01   1.7428792e-01  -1.4325061e-01   0.0000000e+00
  -2.9449950e-01  -9.7382743e-02  -1.0336430e-01   1.8096265e-01  -1.4831771e-01   0.0000000e+00
  -2.7669925e-01  -1.0514151e-01  -1.0565826e-01   1.8560701e-01  -1.5174888e-01   0.0000000e+00
  -2.6041061e-01  -1.1086195e-01  -1.0758239e-01   1.8828250e-01  -1.5362235e-01   0.0000000e+00
  -2.4416814e-01  -1.1519262e-01  -1.0924176e-01   1.8962854e-01  -1.5443064e-01   0.0000000e+00
  -2.2938114e-01  -1.1783769e-01  -1.1043036e-01   1.8984392e-01  -1.5436054e-01   0.0000000e+00
  -2.1595513e-01  -1.1903592e-01  -1.1114787e-01   1.8930885e-01  -1.5371796e-01   0.0000000e+00
  -2.0286443e-01  -1.1892138e-01  -1.1140542e-01   1.8820263e-01  -1.5263281e-01   0.0000000e+00
  -1.9122175e-01  -1.1752048e-01  -1.1113890e-01   1.8679873e-01  -1.5134308e-01   0.0000000e+00
  -1.8097656e-01  -1.1500003e-01  -1.1037780e-01   1.8527736e-01  -1.4999207e-01   0.0000000e+00
  -1.7209386e-01  -1.1150098e-01  -1.0915466e-01   1.8376377e-01  -1.4867883e-01   0.0000000e+00
  -1.6509657e-01  -1.0749373e-01  -1.0763665e-01   1.8245322e-01  -1.4756313e-01   0.0000000e+00
  -1.5925848e-01  -1.0282403e-01  -1.0577076e-01   1.8127496e-01  -1.4657866e-01   0.0000000e+00
  -1.5460529e-01  -9.7559789e-02  -1.0357835e-01   1.8026396e-01  -1.4575296e-01   0.0000000e+00
  -1.5118594e-01  -9.1759494e-02  -1.0107816e-01   1.7944626e-01  -1.4510691e-01   0.0000000e+00
  -1.4907926e-01  -8.5472065e-02  -9.8285335e-02   1.7884236e-01  -1.4465748e-01   0.0000000e+00
  -1.4840359e-01  -7.9310742e-02  -9.5475864e-02   1.7849118e-01  -1.4443106e-01   0.0000000e+00
  -1.4906617e-01  -7.2790749e-02  -9.2432778e-02   1.7834332e-01  -1.4439171e-01   0.0000000e+00
  -1.5127625e-01  -6.5905452e-02  -8.9147873e-02   1.7840601e-01  -1.4454838e-01   0.0000000e+00
  -1.5491120e-01  -5.9282182e-02  -8.5927461e-02   1.7864394e-01  -1.4486412e-01   0.0000000e+00
  -1.6066456e-01  -5.2110746e-02  -8.2387074e-02   1.7905001e-01  -1.4535195e-01   0.0000000e+00
  -1.6810604e-01  -4.5305154e-02  -7.9000010e-02   1.7950269e-01  -1.4589755e-01   0.0000000e+00
  -1.7771810e-01  -3.8571219e-02  -7.5664872e-02   1.7989280e-01  -1.4642234e-01   0.0000000e+00
  -1.8886228e-01  -3.2455290e-02  -7.2711244e-02   1.8002912e-01  -1.4675595e-01   0.0000000e+00
  -2.0182876e-01  -2.6785575e-02  -7.0131394e-02   1.7972001e-01  -1.4674808e-01   0.0000000e+00
  -2.1654580e-01  -2.1626757e-02  -6.8052827e-02   1.7871805e-01  -1.4619506e-01   0.0000000e+00
  -2.3303457e-01  -1.7011550e-02  -6.6604017e-02   1.7673625e-01  -1.4486240e-01   0.0000000e+00
  -2.5126543e-01  -1.2988283e-02  -6.5936464e-02   1.7344322e-01  -1.4247873e-01   0.0000000e+00
  -2.7116188e-01  -9.6040122e-03  -6.6210561e-02   1.6846892e-01  -1.3874129e-01   0.0000000e+00
  -2.9085637e-01  -7.1107731e-03  -6.7437871e-02   1.6206982e-01  -1.3383187e-01   0.0000000e+00
  -3.1207335e-01  -5.2476443e-03  -6.9766767e-02   1.5346032e-01  -1.2714120e-01   0.0000000e+00
  -3.3245079e-01  -4.1410739e-03  -7.2935171e-02   1.4341207e-01  -1.1926818e-01   0.0000000e+00
  -3.5139873e-01  -3.6876857e-03  -7.6678712e-02   1.3242854e-01  -1.1061940e-01   0.0000000e+00
  -3.6842453e-01  -3.7603710e-03  -8.0688344e-02   1.2114613e-01  -1.0170863e-01   0.0000000e+00
  -3.8354351e-01  -4.2347021e-03  -8.4761135e-02   1.0995568e-01  -9.2854797e-02   0.0000000e+00
  -3.9597880e-01  -4.9835741e-03  -8.8488178e-02   9.9909171e-02  -8.4897938e-02   0.0000000e+00
  -4.0277513e-01  -5.5467184e-03  -9.0672971e-02   9.4086523e-02  -8.0284111e-02   0.0000000e+00
  -4.0551783e-01  -5.7331682e-03  -9.1560790e-02   9.1634027e-02  -7.8340574e-02   0.0000000e+00
  -4.0278078e-01  -5.0639477e-03  -9.0518122e-02   9.3852815e-02  -8.0099960e-02   0.0000000e+00
  -3.9572018e-01  -3.3909651e-03  -8.7902696e-02   9.9362293e-02  -8.4467784e-02   0.0000000e+00
  -3.8547208e-01  -5.1423245e-04  -8.4118707e-02   1.0652677e-01  -9.0145869e-02   0.0000000e+00
  -3.7104273e-01   4.4762495e-03  -7.8842353e-02   1.1489414e-01  -9.6770801e-02   0.0000000e+00
  -3.5496503e-01   1.1242664e-02  -7.3134688e-02   1.2183127e-01  -1.0224789e-01   0.0000000e+00
  -3.3752634e-01   1.9959507e-02  -6.7271761e-02   1.2644795e-01  -1.0586222e-01   0.0000000e+00
  -3.2075958e-01   2.9769049e-02  -6.2055407e-02   1.2786374e-01  -1.0691533e-01   0.0000000e+00
  -3.0477562e-01   4.0592492e-02  -5.7549932e-02   1.2619368e-01  -1.0549971e-01   0.0000000e+00
  -2.8964293e-01   5.2422706e-02  -5.3777670e-02   1.2152954e-01  -1.0169219e-01   0.0000000e+00
  -2.7486572e-01   6.5902621e-02  -5.0627991e-02   1.1349213e-01  -9.5193254e-02   0.0000000e+00
  -2.6298436e-01   7.8634594e-02  -4.8541409e-02   1.0384882e-01  -8.7435020e-02   0.0000000e+00
  -2.5254888e-01   9.1904290e-02  -4.7099347e-02   9.2127308e-02  -7.8038363e-02   0.0000000e+00
  -2.4377052e-01   1.0554910e-01  -4.6243541e-02   7.8643353e-02  -6.7261153e-02   0.0000000e+00
  -2.3729629e-01   1.1836402e-01  -4.5907945e-02   6.4896400e-02  -5.6301301e-02   0.0000000e+00
  -2.3281533e-01   1.3036171e-01  -4.5930154e-02   5.1227810e-02  -4.5426013e-02   0.0000000e+00
  -2.3008485e-01   1.4154865e-01  -4.6196193e-02   3.7880013e-02  -3.4823087e-02   0.0000000e+00
  -2.2890814e-01   1.5192683e-01  -4.6625668e-02   2.5029258e-02  -2.4627631e-02   0.0000000e+00
  -2.2919484e-01   1.6225533e-01  -4.7210226e-02   1.1819037e-02  -1.4156625e-02   0.0000000e+00
  -2.3094297e-01   1.7161665e-01  -4.7870441e-02  -5.1793538e-04  -4.3835932e-03   0.0000000e+00
  -2.3372833e-01   1.7937729e-01  -4.8517502e-02  -1.1030890e-02   3.9425112e-03   0.0000000e+00
  -2.3753750e-01   1.8626147e-01  -4.9181921e-02  -2.0616288e-02   1.1534547e-02   0.0000000e+00
  -2.4228808e-01   1.9222503e-01  -4.9851197e-02  -2.9184270e-02   1.8323262e-02   0.0000000e+00
  -2.4790989e-01   1.9720893e-01  -5.0516950e-02  -3.6635695e-02   2.4231482e-02   0.0000000e+00
  -2.5434374e-01   2.0113707e-01  -5.1174070e-02  -4.2857746e-02   2.9170670e-02   0.0000000e+00
  -2.6154086e-01   2.0391344e-01  -5.1820535e-02  -4.7720415e-02   3.3038185e-02   0.0000000e+00
  -2.6946297e-01   2.0541840e-01  -5.2457932e-02  -5.1073444e-02   3.5714907e-02   0.0000000e+00
  -2.7808322e-01   2.0550291e-01  -5.3092867e-02  -5.2743153e-02   3.7062754e-02   0.0000000e+00
  -2.8738836e-01   2.0397939e-01  -5.3739613e-02  -5.2528032e-02   3.6921221e-02   0.0000000e+00
  -2.9652463e-01   2.0096371e-01  -5.4365262e-02  -5.0472069e-02   3.5321243e-02   0.0000000e+00
  -3.0626442e-01   1.9614603e-01  -5.5058424e-02  -4.6412356e-02   3.2134781e-02   0.0000000e+00
  -3.1668115e-01   1.8916845e-01  -5.5880780e-02  -4.0057817e-02   2.7129669e-02   0.0000000e+00
  -3.2685439e-01   1.8048302e-01  -5.6830896e-02  -3.1933211e-02   2.0717290e-02   0.0000000e+00
  -3.3740156e-01   1.6941385e-01  -5.8063000e-02  -2.1584674e-02   1.2537737e-02   0.0000000e+00
  -3.4770552e-01   1.5639458e-01  -5.9635414e-02  -9.6527250e-03   3.0955327e-03   0.0000000e+00
  -3.5753587e-01   1.4167656e-01  -6.1637264e-02   3.3690799e-03  -7.2191958e-03   0.0000000e+00
  -3.6688026e-01   1.2526472e-01  -6.4202199e-02   1.7181586e-02  -1.8169120e-02   0.0000000e+00
  -3.7556131e-01   1.0741718e-01  -6.7428456e-02   3.1264150e-02  -2.9340033e-02   0.0000000e+00
  -3.8340609e-01   8.8512410e-02  -7.1376379e-02   4.5028474e-02  -4.0262294e-02   0.0000000e+00
  -3.8969266e-01   7.0738231e-02  -7.5603899e-02   5.6833234e-02  -4.9629298e-02   0.0000000e+00
  -3.9514144e-01   5.2498408e-02  -8.0467586e-02   6.7766779e-02  -5.8300602e-02   0.0000000e+00
  -3.9919477e-01   3.6169191e-02  -8.5270437e-02   7.6521573e-02  -6.5236617e-02   0.0000000e+00
  -4.0203941e-01   2.2146227e-02  -8.9720349e-02   8.3271667e-02  -7.0576166e-02   0.0000000e+00
  -4.0383432e-01   1.0980511e-02  -9.3458994e-02   8.8179837e-02  -7.4451636e-02   0.0000000e+00
  -4.0486625e-01   2.7721569e-03  -9.6309068e-02   9.1542580e-02  -7.7102108e-02   0.0000000e+00
  -4.0534134e-01  -1.9315355e-03  -9.7978657e-02   9.3380860e-02  -7.8548992e-02   0.0000000e+00
  -4.0550202e-01  -1.9531592e-03  -9.8032759e-02   9.3239945e-02  -7.8437298e-02   0.0000000e+00
  -4.0567387e-01   2.0637548e-03  -9.6771758e-02   9.1139455e-02  -7.6781364e-02   0.0000000e+00
  -4.0620204e-01   1.0735312e-02  -9.4220233e-02   8.6120244e-02  -7.2819714e-02   0.0000000e+00
  -4.0761014e-01   2.3766845e-02  -9.0885735e-02   7.7163149e-02  -6.5739462e-02   0.0000000e+00
  -4.0993034e-01   3.8403588e-02  -8.7809787e-02   6.5255499e-02  -5.6316821e-02   0.0000000e+00
  -4.1363873e-01   5.6407958e-02  -8.4917469e-02   4.8190274e-02  -4.2804669e-02   0.0000000e+00
  -4.1852307e-01   7.5746316e-02  -8.2831663e-02   2.7082989e-02  -2.6087992e-02   0.0000000e+00
  -4.2466321e-01   9.6284722e-02  -8.1707172e-02   1.6115015e-03  -5.9147271e-03   0.0000000e+00
  -4.3142839e-01   1.1587157e-01  -8.1628646e-02  -2.5620634e-02   1.5652693e-02   0.0000000e+00
  -4.3948719e-01   1.3633240e-01  -8.2536632e-02  -5.7250374e-02   4.0707439e-02   0.0000000e+00
  -4.4816698e-01   1.5570336e-01  -8.4307113e-02  -9.0452231e-02   6.7022717e-02   0.0000000e+00
  -4.5659890e-01   1.7236979e-01  -8.6540826e-02  -1.2189105e-01   9.1967261e-02   0.0000000e+00
  -4.6546676e-01   1.8791695e-01  -8.9244691e-02  -1.5406246e-01   1.1753404e-01   0.0000000e+00
  -4.7475675e-01   2.0220706e-01  -9.2322781e-02  -1.8667742e-01   1.4351179e-01   0.0000000e+00
  -4.8325666e-01   2.1358942e-01  -9.5268901e-02  -2.1543146e-01   1.6647752e-01   0.0000000e+00
  -4.9191597e-01   2.2355189e-01  -9.8338695e-02  -2.4349395e-01   1.8896163e-01   0.0000000e+00
  -5.0040082e-01   2.3169635e-01  -1.0137965e-01  -2.6958165e-01   2.0993850e-01   0.0000000e+00
  -5.0818298e-01   2.3770334e-01  -1.0418601e-01  -2.9205132e-01   2.2807380e-01   0.0000000e+00
  -5.1535493e-01   2.4191834e-01  -1.0679250e-01  -3.1127676e-01   2.4364745e-01   0.0000000e+00
  -5.2245286e-01   2.4472352e-01  -1.0941208e-01  -3.2859865e-01   2.5772947e-01   0.0000000e+00
  -5.2893747e-01   2.4593411e-01  -1.1187572e-01  -3.4256544e-01   2.6912264e-01   0.0000000e+00
  -5.3482473e-01   2.4571416e-01  -1.1421928e-01  -3.5327954e-01   2.7788858e-01   0.0000000e+00
  -5.4011328e-01   2.4417733e-01  -1.1647553e-01  -3.6076848e-01   2.8403138e-01   0.0000000e+00
  -5.4510263e-01   2.4117779e-01  -1.1882808e-01  -3.6523691e-01   2.8770532e-01   0.0000000e+00
  -5.4936060e-01   2.3685417e-01  -1.2114050e-01  -3.6599614e-01   2.8833542e-01   0.0000000e+00
  -5.5283846e-01   2.3125872e-01  -1.2343123e-01  -3.6298931e-01   2.8587200e-01   0.0000000e+00
  -5.5547091e-01   2.2442191e-01  -1.2570872e-01  -3.5614696e-01   2.8026335e-01   0.0000000e+00
  -5.5717225e-01   2.1635273e-01  -1.2797013e-01  -3.4538683e-01   2.7145552e-01   0.0000000e+00
  -5.5782727e-01   2.0703469e-01  -1.3019997e-01  -3.3059718e-01   2.5937808e-01   0.0000000e+00
  -5.5728660e-01   1.9643111e-01  -1.3236977e-01  -3.1165182e-01   2.4395532e-01   0.0000000e+00
  -5.5553484e-01   1.8532462e-01  -1.3430500e-01  -2.9009886e-01   2.2647170e-01   0.0000000e+00
  -5.5237068e-01   1.7298219e-01  -1.3610979e-01  -2.6466830e-01   2.0591966e-01   0.0000000e+00
  -5.4752234e-01   1.5931194e-01  -1.3773254e-01  -2.3518104e-01   1.8218161e-01   0.0000000e+00
  -5.4119321e-01   1.4532389e-01  -1.3902456e-01  -2.0396921e-01   1.5714854e-01   0.0000000e+00
  -5.3266028e-01   1.2990811e-01  -1.4005849e-01  -1.6870667e-01   1.2896325e-01   0.0000000e+00
  -5.2225210e-01   1.1418193e-01  -1.4073193e-01  -1.3207627e-01   9.9772526e-02   0.0000000e+00
  -5.0972389e-01   9.8082042e-02  -1.4106369e-01  -9.4108879e-02   6.9589657e-02   0.0000000e+00
  -4.9603201e-01   8.2900570e-02  -1.4108577e-01  -5.8046801e-02   4.0972631e-02   0.0000000e+00
  -4.8092311e-01   6.8303769e-02  -1.4087112e-01  -2.3228094e-02   1.3375474e-02   0.0000000e+00
  -4.6523666e-01   5.5019483e-02  -1.4049657e-01   8.5357162e-03  -1.1781364e-02   0.0000000e+00
  -4.5083757e-01   4.4206096e-02  -1.4007707e-01   3.4430263e-02  -3.2280753e-02   0.0000000e+00
  -4.3633657e-01   3.4487957e-02  -1.3960712e-01   5.7781126e-02  -5.0761059e-02   0.0000000e+00
  -4.2415973e-01   2.7164253e-02  -1.3918125e-01   7.5499513e-02  -6.4780154e-02   0.0000000e+00
  -4.1368009e-01   2.1475701e-02  -1.3877848e-01   8.9466861e-02  -7.5828540e-02   0.0000000e+00
  -4.0737257e-01   1.8331250e-02  -1.3851354e-01   9.7330882e-02  -8.2047641e-02   0.0000000e+00
  -4.0544287e-01   1.7345507e-02  -1.3845314e-01   9.9688612e-02  -8.3911819e-02   0.0000000e+00
  -4.0796477e-01   1.8163471e-02  -1.3870704e-01   9.6822633e-02  -8.1644835e-02   0.0000000e+00
  -4.1540892e-01   2.0717089e-02  -1.3944998e-01   8.8046799e-02  -7.4702281e-02   0.0000000e+00
  -4.2653504e-01   2.4231371e-02  -1.4079273e-01   7.4368374e-02  -6.3878031e-02   0.0000000e+00
  -4.4257531e-01   2.8648157e-02  -1.4319913e-01   5.3451892e-02  -4.7321230e-02   0.0000000e+00
  -4.5837320e-01   3.2417094e-02  -1.4601812e-01   3.1331883e-02  -2.9808464e-02   0.0000000e+00
  -4.7744803e-01   3.6357718e-02  -1.4990635e-01   2.3948413e-03  -6.8950968e-03   0.0000000e+00
  -4.9715437e-01   3.9758458e-02  -1.5439807e-01  -3.0316421e-02   1.9013793e-02   0.0000000e+00
  -5.1480564e-01   4.2205121e-02  -1.5876166e-01  -6.2324697e-02   4.4379250e-02   0.0000000e+00
  -5.3250797e-01   4.3987486e-02  -1.6340758e-01  -9.7303998e-02   7.2124760e-02   0.0000000e+00
  -5.4836432e-01   4.4886198e-02  -1.6774948e-01  -1.3140477e-01   9.9212168e-02   0.0000000e+00
  -5.6383785e-01   4.4919737e-02  -1.7211636e-01  -1.6756025e-01   1.2798997e-01   0.0000000e+00
  -5.7740293e-01   4.4026698e-02  -1.7602373e-01  -2.0195546e-01   1.5543979e-01   0.0000000e+00
  -5.8927158e-01   4.2269919e-02  -1.7949318e-01  -2.3446177e-01   1.8146440e-01   0.0000000e+00
  -5.9942843e-01   3.9647629e-02  -1.8256181e-01  -2.6433264e-01   2.0546275e-01   0.0000000e+00
  -6.0775437e-01   3.6163868e-02  -1.8530992e-01  -2.9040301e-01   2.2648023e-01   0.0000000e+00
  -6.1391392e-01   3.2323075e-02  -1.8764351e-01  -3.1075161e-01   2.4293374e-01   0.0000000e+00
  -6.1884218e-01   2.7868798e-02  -1.8994360e-01  -3.2778204e-01   2.5673317e-01   0.0000000e+00
  -6.2259470e-01   2.2864027e-02  -1.9231229e-01  -3.4128669e-01   2.6768437e-01   0.0000000e+00
  -6.2509215e-01   1.7601524e-02  -1.9475003e-01  -3.5061329e-01   2.7523275e-01   0.0000000e+00
  -6.2647229e-01   1.2252545e-02  -1.9729195e-01  -3.5599070e-01   2.7954710e-01   0.0000000e+00
  -6.2686554e-01   6.4471848e-03  -2.0021428e-01  -3.5776615e-01   2.8089226e-01   0.0000000e+00
  -6.2625530e-01   8.3681913e-04  -2.0326299e-01  -3.5577797e-01   2.7914329e-01   0.0000000e+00
  -6.2459783e-01  -5.0176538e-03  -2.0673182e-01  -3.4990169e-01   2.7419261e-01   0.0000000e+00
  -6.2200345e-01  -1.0544254e-02  -2.1032082e-01  -3.4060860e-01   2.6645080e-01   0.0000000e+00
  -6.1853221e-01  -1.5690585e-02  -2.1398050e-01  -3.2826085e-01   2.5623222e-01   0.0000000e+00
  -6.1421308e-01  -2.0404643e-02  -2.1764860e-01  -3.1314171e-01   2.4378761e-01   0.0000000e+00
  -6.0858290e-01  -2.4963055e-02  -2.2154894e-01  -2.9389837e-01   2.2803040e-01   0.0000000e+00
  -6.0193834e-01  -2.8873925e-02  -2.2527183e-01  -2.7188135e-01   2.1009496e-01   0.0000000e+00
  -5.9422862e-01  -3.2046764e-02  -2.2870131e-01  -2.4726243e-01   1.9013949e-01   0.0000000e+00
  -5.8537692e-01  -3.4377828e-02  -2.3170927e-01  -2.2018683e-01   1.6829622e-01   0.0000000e+00
  -5.7527274e-01  -3.5736909e-02  -2.3415023e-01  -1.9076793e-01   1.4466675e-01   0.0000000e+00
  -5.6376331e-01  -3.5944318e-02  -2.3584937e-01  -1.5909115e-01   1.1932510e-01   0.0000000e+00
  -5.5171015e-01  -3.4913168e-02  -2.3658031e-01  -1.2790684e-01   9.4461095e-02   0.0000000e+00
  -5.3803370e-01  -3.2446554e-02  -2.3629642e-01  -9.4869565e-02   6.8190588e-02   0.0000000e+00
  -5.2384651e-01  -2.8627172e-02  -2.3491823e-01  -6.3124142e-02   4.2998152e-02   0.0000000e+00
  -5.0823322e-01  -2.3109063e-02  -2.3229241e-01  -3.1060567e-02   1.7586425e-02   0.0000000e+00
  -4.9267492e-01  -1.6370018e-02  -2.2866765e-01  -2.0412234e-03  -5.3981020e-03   0.0000000e+00
  -4.7576476e-01  -7.7007175e-03  -2.2371185e-01   2.6204408e-02  -2.7769176e-02   0.0000000e+00
  -4.5924562e-01   2.0743509e-03  -2.1796910e-01   5.0440325e-02  -4.6973260e-02   0.0000000e+00
  -4.4532561e-01   1.1351151e-02  -2.1249675e-01   6.8202177e-02  -6.1057514e-02   0.0000000e+00
  -4.3232714e-01   2.0943807e-02  -2.0689465e-01   8.2470771e-02  -7.2380613e-02   0.0000000e+00
  -4.2193150e-01   2.9368992e-02  -2.0206794e-01   9.2146751e-02  -8.0064919e-02   0.0000000e+00
  -4.1324785e-01   3.7018310e-02  -1.9778756e-01   9.8931988e-02  -8.5456993e-02   0.0000000e+00
  -4.0816303e-01   4.1809451e-02  -1.9516476e-01   1.0229982e-01  -8.8134723e-02   0.0000000e+00
  -4.0607261e-01   4.3779471e-02  -1.9409214e-01   1.0357832e-01  -8.9151168e-02   0.0000000e+00
  -4.0751663e-01   4.1816127e-02  -1.9509141e-01   1.0296543e-01  -8.8660900e-02   0.0000000e+00
  -4.1129721e-01   3.6795643e-02  -1.9767144e-01   1.0110018e-01  -8.7170348e-02   0.0000000e+00
  -4.1673562e-01   2.9081978e-02  -2.0163403e-01   9.8051684e-02  -8.4732573e-02   0.0000000e+00
  -4.2342096e-01   1.8527086e-02  -2.0703857e-01   9.3625259e-02  -8.1189990e-02   0.0000000e+00
  -4.3099604e-01   4.9276593e-03  -2.1397218e-01   8.7342890e-02  -7.6161021e-02   0.0000000e+00
  -4.3801099e-01  -9.5340987e-03  -2.2129669e-01   7.9804484e-02  -7.0129907e-02   0.0000000e+00
  -4.4504040e-01  -2.6483709e-02  -2.2978295e-01   6.9787114e-02  -6.2124169e-02   0.0000000e+00
  -4.5047760e-01  -4.2236700e-02  -2.3753486e-01   5.9380868e-02  -5.3818620e-02   0.0000000e+00
  -4.5514335e-01  -5.9323049e-02  -2.4575275e-01   4.7069348e-02  -4.4005827e-02   0.0000000e+00
  -4.5815772e-01  -7.4526616e-02  -2.5287075e-01   3.5386763e-02  -3.4706761e-02   0.0000000e+00
  -4.5995120e-01  -8.9431535e-02  -2.5965752e-01   2.3508186e-02  -2.5263022e-02   0.0000000e+00
  -4.6042504e-01  -1.0386712e-01  -2.6605290e-01   1.1890102e-02  -1.6036767e-02   0.0000000e+00
  -4.5960147e-01  -1.1671908e-01  -2.7161884e-01   1.7652528e-03  -8.0046332e-03   0.0000000e+00
  -4.5764458e-01  -1.2814444e-01  -2.7650015e-01  -6.7161174e-03  -1.2827540e-03   0.0000000e+00
  -4.5468177e-01  -1.3824840e-01  -2.8081043e-01  -1.3442242e-02   4.0426713e-03   0.0000000e+00
  -4.5081878e-01  -1.4710858e-01  -2.8464119e-01  -1.8345072e-02   7.9196557e-03   0.0000000e+00
  -4.4613990e-01  -1.5478196e-01  -2.8806524e-01  -2.1383376e-02   1.0317173e-02   0.0000000e+00
  -4.4070638e-01  -1.6129782e-01  -2.9113595e-01  -2.2514185e-02   1.1202663e-02   0.0000000e+00
  -4.3506688e-01  -1.6629251e-01  -2.9368757e-01  -2.1839796e-02   1.0659297e-02   0.0000000e+00
  -4.2886191e-01  -1.7029432e-01  -2.9598200e-01  -1.9486981e-02   8.7878320e-03   0.0000000e+00
  -4.2211130e-01  -1.7326423e-01  -2.9801893e-01  -1.5405816e-02   5.5498135e-03   0.0000000e+00
  -4.1544384e-01  -1.7501780e-01  -2.9964661e-01  -1.0067744e-02   1.3196844e-03   0.0000000e+00
  -4.0828561e-01  -1.7574748e-01  -3.0101893e-01  -3.0650294e-03  -4.2254120e-03   0.0000000e+00
  -4.0120604e-01  -1.7539049e-01  -3.0201844e-01   5.0254878e-03  -1.0628744e-02   0.0000000e+00
  -3.9436167e-01  -1.7407678e-01  -3.0265210e-01   1.3854301e-02  -1.7614516e-02   0.0000000e+00
  -3.8784538e-01  -1.7153836e-01  -3.0281967e-01   2.3696493e-02  -2.5402635e-02   0.0000000e+00
  -3.8129513e-01  -1.6746941e-01  -3.0245407e-01   3.5238638e-02  -3.4539124e-02   0.0000000e+00
  -3.7513996e-01  -1.6201238e-01  -3.0150267e-01   4.7751977e-02  -4.4450896e-02   0.0000000e+00
  -3.6963863e-01  -1.5530864e-01  -2.9994496e-01   6.0705502e-02  -5.4722009e-02   0.0000000e+00
  -3.6485888e-01  -1.4734042e-01  -2.9773591e-01   7.3931704e-02  -6.5224878e-02   0.0000000e+00
  -3.6088512e-01  -1.3807338e-01  -2.9482042e-01   8.7228162e-02  -7.5804686e-02   0.0000000e+00
  -3.5781679e-01  -1.2746757e-01  -2.9113856e-01   1.0033767e-01  -8.6263234e-02   0.0000000e+00
  -3.5576578e-01  -1.1547600e-01  -2.8662744e-01   1.1294134e-01  -9.6352899e-02   0.0000000e+00
  -3.5485918e-01  -1.0204761e-01  -2.8122565e-01   1.2463954e-01  -1.0576079e-01   0.0000000e+00
  -3.5524242e-01  -8.7128106e-02  -2.7487897e-01   1.3493192e-01  -1.1409185e-01   0.0000000e+00
  -3.5708447e-01  -7.0658486e-02  -2.6754815e-01   1.4319338e-01  -1.2084873e-01   0.0000000e+00
  -3.6022657e-01  -5.4153163e-02  -2.5995656e-01   1.4831302e-01  -1.2512377e-01   0.0000000e+00
  -3.6495494e-01  -3.6187031e-02  -2.5152718e-01   1.5033285e-01  -1.2695841e-01   0.0000000e+00
  -3.7084458e-01  -1.8509719e-02  -2.4318180e-01   1.4867107e-01  -1.2585818e-01   0.0000000e+00
  -3.7770567e-01  -1.2955609e-03  -2.3512174e-01   1.4350127e-01  -1.2195177e-01   0.0000000e+00
  -3.8437083e-01   1.3262918e-02  -2.2844148e-01   1.3630678e-01  -1.1639225e-01   0.0000000e+00
  -3.9092963e-01   2.6088769e-02  -2.2271920e-01   1.2772927e-01  -1.0970429e-01   0.0000000e+00
  -3.9690376e-01   3.6768544e-02  -2.1810712e-01   1.1891818e-01  -1.0280187e-01   0.0000000e+00
  -4.0178376e-01   4.4832827e-02  -2.1473710e-01   1.1117404e-01  -9.6719143e-02   0.0000000e+00
  -4.0512306e-01   5.0063924e-02  -2.1260921e-01   1.0563182e-01  -9.2359578e-02   0.0000000e+00
  -4.0601172e-01   5.1564102e-02  -2.1200133e-01   1.0406331e-01  -9.1125267e-02   0.0000000e+00
  -4.0383898e-01   4.9092763e-02  -2.1295524e-01   1.0735956e-01  -9.3721117e-02   0.0000000e+00
  -3.9833053e-01   4.2875288e-02  -2.1539815e-01   1.1536374e-01  -1.0002009e-01   0.0000000e+00
  -3.8987802e-01   3.4153879e-02  -2.1889050e-01   1.2646719e-01  -1.0874738e-01   0.0000000e+00
  -3.7891890e-01   2.4031636e-02  -2.2304508e-01   1.3908510e-01  -1.1864565e-01   0.0000000e+00
  -3.6541524e-01   1.2895980e-02  -2.2775177e-01   1.5236643e-01  -1.2903252e-01   0.0000000e+00
  -3.5088306e-01   2.1761277e-03  -2.3242051e-01   1.6429835e-01  -1.3832149e-01   0.0000000e+00
  -3.3332634e-01  -9.3264616e-03  -2.3757340e-01   1.7590755e-01  -1.4729502e-01   0.0000000e+00
  -3.1501494e-01  -1.9817156e-02  -2.4238754e-01   1.8518037e-01  -1.5438002e-01   0.0000000e+00
  -2.9695346e-01  -2.8767579e-02  -2.4656463e-01   1.9186364e-01  -1.5939261e-01   0.0000000e+00
  -2.7893139e-01  -3.6326875e-02  -2.5012696e-01   1.9641300e-01  -1.6269625e-01   0.0000000e+00
  -2.6249666e-01  -4.2000817e-02  -2.5280969e-01   1.9895340e-01  -1.6442335e-01   0.0000000e+00
  -2.4610697e-01  -4.6412185e-02  -2.5489054e-01   2.0016633e-01  -1.6509435e-01   0.0000000e+00
  -2.3119017e-01  -4.9232596e-02  -2.5620920e-01   2.0028520e-01  -1.6492516e-01   0.0000000e+00
  -2.1764190e-01  -5.0668319e-02  -2.5686533e-01   1.9970425e-01  -1.6423054e-01   0.0000000e+00
  -2.0441996e-01  -5.0847797e-02  -2.5692226e-01   1.9861422e-01  -1.6314711e-01   0.0000000e+00
  -1.9263822e-01  -4.9771160e-02  -2.5638769e-01   1.9729240e-01  -1.6191549e-01   0.0000000e+00
  -1.8224336e-01  -4.7573442e-02  -2.5533041e-01   1.9592299e-01  -1.6068123e-01   0.0000000e+00
  -1.7320186e-01  -4.4373916e-02  -2.5380987e-01   1.9463264e-01  -1.5954384e-01   0.0000000e+00
  -1.6604105e-01  -4.0630013e-02  -2.5204272e-01   1.9358331e-01  -1.5863571e-01   0.0000000e+00
  -1.6002346e-01  -3.6199374e-02  -2.4996042e-01   1.9271905e-01  -1.5790198e-01   0.0000000e+00
  -1.5517258e-01  -3.1145861e-02  -2.4759191e-01   1.9207252e-01  -1.5736827e-01   0.0000000e+00
  -1.5153454e-01  -2.5525141e-02  -2.4496147e-01   1.9166776e-01  -1.5705383e-01   0.0000000e+00
  -1.4918416e-01  -1.9384393e-02  -2.4208869e-01   1.9152369e-01  -1.5697443e-01   0.0000000e+00
  -1.4823495e-01  -1.2760614e-02  -2.3898774e-01   1.9165634e-01  -1.5714438e-01   0.0000000e+00
  -1.4873926e-01  -6.2862373e-03  -2.3595175e-01   1.9203267e-01  -1.5753072e-01   0.0000000e+00
  -1.5076329e-01   5.8136062e-04  -2.3272348e-01   1.9266203e-01  -1.5814870e-01   0.0000000e+00
  -1.5419174e-01   7.2025652e-03  -2.2960155e-01   1.9345773e-01  -1.5891964e-01   0.0000000e+00
  -1.5962595e-01   1.4332488e-02  -2.2622841e-01   1.9447326e-01  -1.5990517e-01   0.0000000e+00
  -1.6692407e-01   2.1318108e-02  -2.2291330e-01   1.9555129e-01  -1.6096912e-01   0.0000000e+00
  -1.7561275e-01   2.7690637e-02  -2.1988439e-01   1.9650453e-01  -1.6194781e-01   0.0000000e+00
  -1.8640743e-01   3.3920721e-02  -2.1692863e-01   1.9723850e-01  -1.6278148e-01   0.0000000e+00
  -1.9911811e-01   3.9710160e-02  -2.1420401e-01   1.9749889e-01  -1.6325786e-01   0.0000000e+00
  -2.1360466e-01   4.4905235e-02  -2.1180593e-01   1.9701481e-01  -1.6315314e-01   0.0000000e+00
  -2.2989954e-01   4.9454409e-02  -2.0978800e-01   1.9547185e-01  -1.6221176e-01   0.0000000e+00
  -2.4799133e-01   5.3289883e-02  -2.0821774e-01   1.9249770e-01  -1.6013025e-01   0.0000000e+00
  -2.6781049e-01   5.6316444e-02  -2.0717839e-01   1.8768524e-01  -1.5657616e-01   0.0000000e+00
  -2.8739152e-01   5.8270698e-02  -2.0677448e-01   1.8130485e-01  -1.5173550e-01   0.0000000e+00
  -3.0863750e-01   5.9400674e-02  -2.0695641e-01   1.7248032e-01  -1.4493359e-01   0.0000000e+00
  -3.2900119e-01   5.9606632e-02  -2.0768945e-01   1.6209353e-01  -1.3684773e-01   0.0000000e+00
  -3.4801098e-01   5.9077278e-02  -2.0883350e-01   1.5061681e-01  -1.2785884e-01   0.0000000e+00
  -3.6528577e-01   5.7991194e-02  -2.1024652e-01   1.3863687e-01  -1.1844001e-01   0.0000000e+00
  -3.8022064e-01   5.6552026e-02  -2.1175939e-01   1.2705013e-01  -1.0930859e-01   0.0000000e+00
  -3.9375618e-01   5.4802921e-02  -2.1337304e-01   1.1553180e-01  -1.0021715e-01   0.0000000e+00
  -4.0132230e-01   5.3601722e-02  -2.1438884e-01   1.0866796e-01  -9.4794731e-02   0.0000000e+00
  -4.0520461e-01   5.2949987e-02  -2.1492881e-01   1.0501041e-01  -9.1904218e-02   0.0000000e+00
  -4.0408344e-01   5.3399239e-02  -2.1465544e-01   1.0596183e-01  -9.2657026e-02   0.0000000e+00
  -3.9876883e-01   5.5010484e-02  -2.1359360e-01   1.1057252e-01  -9.6302736e-02   0.0000000e+00
  -3.8976200e-01   5.7977078e-02  -2.1169631e-01   1.1779981e-01  -1.0201561e-01   0.0000000e+00
  -3.7667768e-01   6.2934109e-02  -2.0868017e-01   1.2690422e-01  -1.0920704e-01   0.0000000e+00
  -3.6215309e-01   6.9269525e-02  -2.0502539e-01   1.3504761e-01  -1.1562816e-01   0.0000000e+00
  -3.4630176e-01   7.7102790e-02  -2.0074459e-01   1.4152580e-01  -1.2071528e-01   0.0000000e+00
  -3.2900603e-01   8.6741939e-02  -1.9578940e-01   1.4558451e-01  -1.2386256e-01   0.0000000e+00
  -3.1244158e-01   9.7134406e-02  -1.9080363e-01   1.4628785e-01  -1.2433234e-01   0.0000000e+00
  -2.9669261e-01   1.0826837e-01  -1.8585186e-01   1.4370869e-01  -1.2218404e-01   0.0000000e+00
  -2.8222373e-01   1.1986416e-01  -1.8110128e-01   1.3807142e-01  -1.1760286e-01   0.0000000e+00
  -2.6887984e-01   1.3211799e-01  -1.7650362e-01   1.2945845e-01  -1.1065907e-01   0.0000000e+00
  -2.5717603e-01   1.4467530e-01  -1.7220916e-01   1.1831727e-01  -1.0171872e-01   0.0000000e+00
  -2.4798370e-01   1.5641556e-01  -1.6854264e-01   1.0615965e-01  -9.1994721e-02   0.0000000e+00
  -2.4034710e-01   1.6840747e-01  -1.6511178e-01   9.2302525e-02  -8.0940389e-02   0.0000000e+00
  -2.3485929e-01   1.7959486e-01  -1.6216859e-01   7.8275415e-02  -6.9774681e-02   0.0000000e+00
  -2.3124425e-01   1.9001174e-01  -1.5962923e-01   6.4400369e-02  -5.8749036e-02   0.0000000e+00
  -2.2928225e-01   1.9967819e-01  -1.5743058e-01   5.0908349e-02  -4.8042189e-02   0.0000000e+00
  -2.2879325e-01   2.0860395e-01  -1.5552543e-01   3.7969206e-02  -3.7784476e-02   0.0000000e+00
  -2.2975455e-01   2.1743652e-01  -1.5375307e-01   2.4727928e-02  -2.7294908e-02   0.0000000e+00
  -2.3187886e-01   2.2480888e-01  -1.5235996e-01   1.3331289e-02  -1.8270567e-02   0.0000000e+00
  -2.3508317e-01   2.3140982e-01  -1.5118431e-01   2.8256095e-03  -9.9530356e-03   0.0000000e+00
  -2.3927665e-01   2.3720707e-01  -1.5021793e-01  -6.6971772e-03  -2.4130720e-03   0.0000000e+00
  -2.4438175e-01   2.4215539e-01  -1.4945904e-01  -1.5139944e-02   4.2738558e-03   0.0000000e+00
  -2.5033252e-01   2.4619493e-01  -1.4891197e-01  -2.2394896e-02   1.0023270e-02   0.0000000e+00
  -2.5707371e-01   2.4924919e-01  -1.4858737e-01  -2.8339338e-02   1.4738372e-02   0.0000000e+00
  -2.6456042e-01   2.5122225e-01  -1.4850301e-01  -3.2832289e-02   1.8307411e-02   0.0000000e+00
  -2.7275839e-01   2.5199476e-01  -1.4868542e-01  -3.5711514e-02   2.0601382e-02   0.0000000e+00
  -2.8164537e-01   2.5141759e-01  -1.4917275e-01  -3.6790228e-02   2.1471472e-02   0.0000000e+00
  -2.9121407e-01   2.4930129e-01  -1.5001969e-01  -3.5852086e-02   2.0745136e-02   0.0000000e+00
  -3.0059737e-01   2.4579801e-01  -1.5117974e-01  -3.3003146e-02   1.8503610e-02   0.0000000e+00
  -3.1060407e-01   2.4052881e-01  -1.5280111e-01  -2.8000572e-02   1.4554591e-02   0.0000000e+00
  -3.2031861e-01   2.3387793e-01  -1.5479712e-01  -2.1306827e-02   9.2620666e-03   0.0000000e+00
  -3.3067696e-01   2.2505299e-01  -1.5745287e-01  -1.2276558e-02   2.1146902e-03   0.0000000e+00
  -3.4114002e-01   2.1418094e-01  -1.6079640e-01  -1.2484005e-03  -6.6208476e-03   0.0000000e+00
  -3.5119751e-01   2.0168893e-01  -1.6477742e-01   1.1052663e-02  -1.6370440e-02   0.0000000e+00
  -3.6078184e-01   1.8761835e-01  -1.6946274e-01   2.4286287e-02  -2.6863528e-02   0.0000000e+00
  -3.6985531e-01   1.7200381e-01  -1.7492855e-01   3.8057761e-02  -3.7785580e-02   0.0000000e+00
  -3.7823774e-01   1.5504496e-01  -1.8118227e-01   5.1846083e-02  -4.8720551e-02   0.0000000e+00
  -3.8578391e-01   1.3704713e-01  -1.8817374e-01   6.5047420e-02  -5.9185610e-02   0.0000000e+00
  -3.9175453e-01   1.2014371e-01  -1.9505122e-01   7.6074075e-02  -6.7918642e-02   0.0000000e+00
  -3.9685014e-01   1.0283151e-01  -2.0238011e-01   8.5964067e-02  -7.5739183e-02   0.0000000e+00
  -4.0054622e-01   8.7400642e-02  -2.0912672e-01   9.3597405e-02  -8.1761153e-02   0.0000000e+00
  -4.0303360e-01   7.4304120e-02  -2.1498766e-01   9.9245785e-02  -8.6204004e-02   0.0000000e+00
  -4.0449384e-01   6.4245310e-02  -2.1955929e-01   1.0312130e-01  -8.9242655e-02   0.0000000e+00
  -4.0514673e-01   5.8317903e-02  -2.2227733e-01   1.0524409e-01  -9.0902673e-02   0.0000000e+00
  -4.0537323e-01   5.6999128e-02  -2.2288912e-01   1.0559448e-01  -9.1175375e-02   0.0000000e+00
  -4.0554549e-01   6.0497723e-02  -2.2130546e-01   1.0383547e-01  -8.9796560e-02   0.0000000e+00
  -4.0597695e-01   6.7753088e-02  -2.1805778e-01   9.9809158e-02  -8.6635242e-02   0.0000000e+00
  -4.0718196e-01   7.9112303e-02  -2.1310357e-01   9.2145363e-02  -8.0603637e-02   0.0000000e+00
  -4.0967732e-01   9.4165980e-02  -2.0681738e-01   7.9541966e-02  -7.0663444e-02   0.0000000e+00
  -4.1333031e-01   1.1051287e-01  -2.0039040e-01   6.2930807e-02  -5.7542503e-02   0.0000000e+00
  -4.1815075e-01   1.2786062e-01  -1.9406615e-01   4.2111464e-02  -4.1081088e-02   0.0000000e+00
  -4.2421780e-01   1.4608913e-01  -1.8800860e-01   1.6728046e-02  -2.0996592e-02   0.0000000e+00
  -4.3090693e-01   1.6331529e-01  -1.8285996e-01  -1.0620684e-02   6.5639195e-04   0.0000000e+00
  -4.3887760e-01   1.8116487e-01  -1.7812391e-01  -4.2569630e-02   2.5970594e-02   0.0000000e+00
  -4.4745988e-01   1.9793028e-01  -1.7423070e-01  -7.6242106e-02   5.2679767e-02   0.0000000e+00
  -4.5583981e-01   2.1232541e-01  -1.7131202e-01  -1.0839051e-01   7.8218539e-02   0.0000000e+00
  -4.6468587e-01   2.2570135e-01  -1.6894801e-01  -1.4148570e-01   1.0456181e-01   0.0000000e+00
  -4.7400144e-01   2.3794585e-01  -1.6708351e-01  -1.7527282e-01   1.3152641e-01   0.0000000e+00
  -4.8264608e-01   2.4771658e-01  -1.6581628e-01  -2.0551714e-01   1.5573894e-01   0.0000000e+00
  -4.9135309e-01   2.5604091e-01  -1.6492336e-01  -2.3472407e-01   1.7920277e-01   0.0000000e+00
  -4.9985639e-01   2.6268696e-01  -1.6439077e-01  -2.6181738e-01   2.0105342e-01   0.0000000e+00
  -5.0765324e-01   2.6744488e-01  -1.6419568e-01  -2.8518291e-01   2.1997345e-01   0.0000000e+00
  -5.1536896e-01   2.7081465e-01  -1.6430356e-01  -3.0663224e-01   2.3741211e-01   0.0000000e+00
  -5.2244142e-01   2.7262169e-01  -1.6471486e-01  -3.2450451e-01   2.5200004e-01   0.0000000e+00
  -5.2890725e-01   2.7305855e-01  -1.6542399e-01  -3.3897407e-01   2.6385288e-01   0.0000000e+00
  -5.3478071e-01   2.7226918e-01  -1.6643888e-01  -3.5013433e-01   2.7302330e-01   0.0000000e+00
  -5.4006324e-01   2.7036604e-01  -1.6777510e-01  -3.5803731e-01   2.7953385e-01   0.0000000e+00
  -5.4505151e-01   2.6718736e-01  -1.6958692e-01  -3.6289611e-01   2.8354502e-01   0.0000000e+00
  -5.4931642e-01   2.6291115e-01  -1.7181759e-01  -3.6401148e-01   2.8446926e-01   0.0000000e+00
  -5.5281067e-01   2.5759358e-01  -1.7449513e-01  -3.6133045e-01   2.8225888e-01   0.0000000e+00
  -5.5546817e-01   2.5127152e-01  -1.7764549e-01  -3.5477818e-01   2.7685688e-01   0.0000000e+00
  -5.5720346e-01   2.4396519e-01  -1.8129101e-01  -3.4427014e-01   2.6820716e-01   0.0000000e+00
  -5.5790640e-01   2.3567757e-01  -1.8545098e-01  -3.2970893e-01   2.5625130e-01   0.0000000e+00
  -5.5743078e-01   2.2639299e-01  -1.9014360e-01  -3.1096843e-01   2.4091451e-01   0.0000000e+00
  -5.5558730e-01   2.1608032e-01  -1.9538689e-01  -2.8790547e-01   2.2211361e-01   0.0000000e+00
  -5.5241661e-01   2.0548568e-01  -2.0079693e-01  -2.6233664e-01   2.0135628e-01   0.0000000e+00
  -5.4757427e-01   1.9389825e-01  -2.0673341e-01  -2.3269092e-01   1.7739084e-01   0.0000000e+00
  -5.4126351e-01   1.8217791e-01  -2.1275862e-01  -2.0130320e-01   1.5212163e-01   0.0000000e+00
  -5.3278313e-01   1.6943489e-01  -2.1934371e-01  -1.6591080e-01   1.2373923e-01   0.0000000e+00
  -5.2247203e-01   1.5660147e-01  -2.2603412e-01  -1.2920881e-01   9.4411488e-02   0.0000000e+00
  -5.1010366e-01   1.4362774e-01  -2.3289236e-01  -9.1244104e-02   6.4167893e-02   0.0000000e+00
  -4.9667662e-01   1.3159496e-01  -2.3937855e-01  -5.5387222e-02   3.5675066e-02   0.0000000e+00
  -4.8141180e-01   1.1979416e-01  -2.4590091e-01  -1.9734156e-02   7.4011747e-03   0.0000000e+00
  -4.6549467e-01   1.0912455e-01  -2.5197666e-01   1.2849746e-02  -1.8396462e-02   0.0000000e+00
  -4.5082761e-01   1.0051013e-01  -2.5703709e-01   3.9427020e-02  -3.9411253e-02   0.0000000e+00
  -4.3604012e-01   9.2844736e-02  -2.6168151e-01   6.3344061e-02  -5.8301684e-02   0.0000000e+00
  -4.2384029e-01   8.7241236e-02  -2.6517989e-01   8.1129295e-02  -7.2335049e-02   0.0000000e+00
  -4.1333971e-01   8.2921027e-02  -2.6795046e-01   9.5147864e-02  -8.3386693e-02   0.0000000e+00
  -4.0715558e-01   8.0598005e-02  -2.6947320e-01   1.0287639e-01  -8.9475372e-02   0.0000000e+00
  -4.0540707e-01   7.9899455e-02  -2.6992465e-01   1.0502317e-01  -9.1165858e-02   0.0000000e+00
  -4.0813451e-01   8.0497708e-02  -2.6946557e-01   1.0187306e-01  -8.8683829e-02   0.0000000e+00
  -4.1581600e-01   8.2232157e-02  -2.6814248e-01   9.2689473e-02  -8.1444941e-02   0.0000000e+00
  -4.2702333e-01   8.4401362e-02  -2.6637680e-01   7.8672848e-02  -7.0387718e-02   0.0000000e+00
  -4.4309376e-01   8.6796604e-02  -2.6415749e-01   5.7269581e-02  -5.3487250e-02   0.0000000e+00
  -4.6037170e-01   8.8626957e-02  -2.6205785e-01   3.2396480e-02  -3.3827712e-02   0.0000000e+00
  -4.7763884e-01   8.9790683e-02  -2.6016269e-01   5.4463576e-03  -1.2506421e-02   0.0000000e+00
  -4.9725120e-01   9.0348634e-02  -2.5816271e-01  -2.7940756e-02   1.3936419e-02   0.0000000e+00
  -5.1497203e-01   9.0103439e-02  -2.5642916e-01  -6.0897762e-02   4.0074335e-02   0.0000000e+00
  -5.3269302e-01   8.9056299e-02  -2.5468788e-01  -9.6817389e-02   6.8611281e-02   0.0000000e+00
  -5.4854709e-01   8.7287129e-02  -2.5306415e-01  -1.3177354e-01   9.6444158e-02   0.0000000e+00
  -5.6399950e-01   8.4598624e-02  -2.5135851e-01  -1.6876670e-01   1.2598079e-01   0.0000000e+00
  -5.7753672e-01   8.1190570e-02  -2.4972402e-01  -2.0389426e-01   1.5412278e-01   0.0000000e+00
  -5.8936628e-01   7.7128959e-02  -2.4815113e-01  -2.3701526e-01   1.8075876e-01   0.0000000e+00
  -5.9948284e-01   7.2460575e-02  -2.4673675e-01  -2.6740940e-01   2.0530201e-01   0.0000000e+00
  -6.0778095e-01   6.7237985e-02  -2.4568469e-01  -2.9395063e-01   2.2681971e-01   0.0000000e+00
  -6.1391605e-01   6.2054934e-02  -2.4513400e-01  -3.1466040e-01   2.4366693e-01   0.0000000e+00
  -6.1883527e-01   5.6509054e-02  -2.4505255e-01  -3.3206717e-01   2.5786274e-01   0.0000000e+00
  -6.2257732e-01   5.0629982e-02  -2.4557559e-01  -3.4590705e-01   2.6916202e-01   0.0000000e+00
  -6.2506588e-01   4.4785664e-02  -2.4674593e-01  -3.5554359e-01   2.7701728e-01   0.0000000e+00
  -6.2642888e-01   3.9130555e-02  -2.4855973e-01  -3.6117081e-01   2.8156734e-01   0.0000000e+00
  -6.2681174e-01   3.3281836e-02  -2.5122098e-01  -3.6322922e-01   2.8315451e-01   0.0000000e+00
  -6.2620648e-01   2.7861599e-02  -2.5450789e-01  -3.6157009e-01   2.8166229e-01   0.0000000e+00
  -6.2456450e-01   2.2451013e-02  -2.5873663e-01  -3.5608340e-01   2.7699340e-01   0.0000000e+00
  -6.2199447e-01   1.7587519e-02  -2.6356107e-01  -3.4720974e-01   2.6953609e-01   0.0000000e+00
  -6.1855507e-01   1.3307029e-02  -2.6889985e-01  -3.3530544e-01   2.5960265e-01   0.0000000e+00
  -6.1427482e-01   9.6500991e-03  -2.7467199e-01  -3.2064889e-01   2.4744250e-01   0.0000000e+00
  -6.0869290e-01   6.4484681e-03  -2.8132055e-01  -3.0191398e-01   2.3198425e-01   0.0000000e+00
  -6.0210684e-01   4.1031104e-03  -2.8828063e-01  -2.8042102e-01   2.1434816e-01   0.0000000e+00
  -5.9447086e-01   2.6961480e-03  -2.9544539e-01  -2.5634873e-01   1.9470178e-01   0.0000000e+00
  -5.8570644e-01   2.3394932e-03  -3.0270332e-01  -2.2981653e-01   1.7316059e-01   0.0000000e+00
  -5.7570798e-01   3.1701086e-03  -3.0993041e-01  -2.0093037e-01   1.4982487e-01   0.0000000e+00
  -5.6433454e-01   5.3576667e-03  -3.1698679e-01  -1.6978589e-01   1.2478184e-01   0.0000000e+00
  -5.5244262e-01   8.7799289e-03  -3.2320909e-01  -1.3908142e-01   1.0019381e-01   0.0000000e+00
  -5.3898288e-01   1.3809681e-02  -3.2898924e-01  -1.0651518e-01   7.4206666e-02   0.0000000e+00
  -5.2504318e-01   2.0113942e-02  -3.3370571e-01  -7.5133520e-02   4.9237994e-02   0.0000000e+00
  -5.0966033e-01   2.8193791e-02  -3.3754316e-01  -4.3175896e-02   2.3869337e-02   0.0000000e+00
  -4.9432689e-01   3.7302409e-02  -3.4003921e-01  -1.4043677e-02   7.8208159e-04   0.0000000e+00
  -4.7741634e-01   4.8447814e-02  -3.4134654e-01   1.4961099e-02  -2.2179201e-02   0.0000000e+00
  -4.6083053e-01   6.0469002e-02  -3.4119254e-01   4.0202955e-02  -4.2150076e-02   0.0000000e+00
  -4.4667685e-01   7.1572777e-02  -3.3994504e-01   5.9159657e-02  -5.7146043e-02   0.0000000e+00
  -4.3356749e-01   8.2602900e-02  -3.3784307e-01   7.4487975e-02  -6.9273059e-02   0.0000000e+00
  -4.2302299e-01   9.2062619e-02  -3.3545028e-01   8.5152407e-02  -7.7712273e-02   0.0000000e+00
  -4.1411582e-01   1.0056790e-01  -3.3287798e-01   9.2891046e-02  -8.3838178e-02   0.0000000e+00
  -4.0870952e-01   1.0602864e-01  -3.3102975e-01   9.6955731e-02  -8.7056980e-02   0.0000000e+00
  -4.0614392e-01   1.0862925e-01  -3.3011428e-01   9.8733755e-02  -8.8464922e-02   0.0000000e+00
  -4.0700147e-01   1.0732117e-01  -3.3066351e-01   9.8314812e-02  -8.8130814e-02   0.0000000e+00
  -4.1085229e-01   1.0207429e-01  -3.3274299e-01   9.6001143e-02  -8.6291306e-02   0.0000000e+00
  -4.1650138e-01   9.3798679e-02  -3.3597368e-01   9.2195986e-02  -8.3263808e-02   0.0000000e+00
  -4.2317133e-01   8.2834031e-02  -3.4017885e-01   8.6964674e-02  -7.9097952e-02   0.0000000e+00
  -4.3073128e-01   6.8673740e-02  -3.4543273e-01   7.9681859e-02  -7.3296543e-02   0.0000000e+00
  -4.3781293e-01   5.3377662e-02  -3.5084353e-01   7.1029987e-02  -6.6406181e-02   0.0000000e+00
  -4.4418143e-01   3.7360952e-02  -3.5618828e-01   6.1069092e-02  -5.8478053e-02   0.0000000e+00
  -4.4993864e-01   2.0019052e-02  -3.6159979e-01   4.9321097e-02  -4.9134763e-02   0.0000000e+00
  -4.5443153e-01   3.1135694e-03  -3.6650581e-01   3.7016743e-02  -3.9357208e-02   0.0000000e+00
  -4.5773050e-01  -1.3605280e-02  -3.7103120e-01   2.4205724e-02  -2.9185158e-02   0.0000000e+00
  -4.5976713e-01  -2.9974755e-02  -3.7519224e-01   1.1244655e-02  -1.8901764e-02   0.0000000e+00
  -4.6045138e-01  -4.4662693e-02  -3.7876148e-01  -5.0732621e-04  -9.5841403e-03   0.0000000e+00
  -4.5989395e-01  -5.8873050e-02  -3.8215144e-01  -1.1717119e-02  -7.0242325e-04   0.0000000e+00
  -4.5815760e-01  -7.1460707e-02  -3.8520777e-01  -2.1209644e-02   6.8130373e-03   0.0000000e+00
  -4.5538411e-01  -8.2533888e-02  -3.8805831e-01  -2.8893638e-02   1.2890986e-02   0.0000000e+00
  -4.5168534e-01  -9.2175392e-02  -3.9080346e-01  -3.4712677e-02   1.7487508e-02   0.0000000e+00
  -4.4714247e-01  -1.0044064e-01  -3.9352403e-01  -3.8618348e-02   2.0564966e-02   0.0000000e+00
  -4.4182382e-01  -1.0736320e-01  -3.9627942e-01  -4.0581829e-02   2.2101370e-02   0.0000000e+00
  -4.3627949e-01  -1.1257323e-01  -3.9888797e-01  -4.0659743e-02   2.2144279e-02   0.0000000e+00
  -4.3016031e-01  -1.1663762e-01  -4.0158231e-01  -3.9046978e-02   2.0847805e-02   0.0000000e+00
  -4.2349107e-01  -1.1951844e-01  -4.0437556e-01  -3.5704243e-02   1.8182195e-02   0.0000000e+00
  -4.1690362e-01  -1.2105789e-01  -4.0702865e-01  -3.1059212e-02   1.4488919e-02   0.0000000e+00
  -4.0983907e-01  -1.2144390e-01  -4.0977807e-01  -2.4782564e-02   9.5069529e-03   0.0000000e+00
  -4.0292141e-01  -1.2066122e-01  -4.1237962e-01  -1.7468679e-02   3.7088379e-03   0.0000000e+00
  -3.9603497e-01  -1.1883759e-01  -4.1487402e-01  -9.1789432e-03  -2.8568440e-03   0.0000000e+00
  -3.8926238e-01  -1.1567179e-01  -4.1722426e-01   3.6371024e-04  -1.0409689e-02   0.0000000e+00
  -3.8261276e-01  -1.1084404e-01  -4.1939800e-01   1.1475529e-02  -1.9200800e-02   0.0000000e+00
  -3.7632778e-01  -1.0448962e-01  -4.2126666e-01   2.3693331e-02  -2.8865380e-02   0.0000000e+00
  -3.7071418e-01  -9.6858571e-02  -4.2269151e-01   3.6395406e-02  -3.8914709e-02   0.0000000e+00
  -3.6580081e-01  -8.7913649e-02  -4.2361273e-01   4.9500302e-02  -4.9288396e-02   0.0000000e+00
  -3.6167584e-01  -7.7645938e-02  -4.2393922e-01   6.2816635e-02  -5.9839881e-02   0.0000000e+00
  -3.5843561e-01  -6.6036470e-02  -4.2356240e-01   7.6120577e-02  -7.0397587e-02   0.0000000e+00
  -3.5618881e-01  -5.3065131e-02  -4.2235324e-01   8.9134120e-02  -8.0747461e-02   0.0000000e+00
  -3.5505866e-01  -3.8715890e-02  -4.2016031e-01   1.0150719e-01  -9.0618392e-02   0.0000000e+00
  -3.5518593e-01  -2.2980591e-02  -4.1680847e-01   1.1279784e-01  -9.9665889e-02   0.0000000e+00
  -3.5673364e-01  -5.8614849e-03  -4.1209824e-01   1.2244757e-01  -1.0745172e-01   0.0000000e+00
  -3.5956557e-01   1.1032883e-02  -4.0639770e-01   1.2924827e-01  -1.1300394e-01   0.0000000e+00
  -3.6393188e-01   2.9051877e-02  -3.9918547e-01   1.3338648e-01  -1.1647937e-01   0.0000000e+00
  -3.6944036e-01   4.6478568e-02  -3.9111126e-01   1.3411472e-01  -1.1726106e-01   0.0000000e+00
  -3.7586655e-01   6.2997751e-02  -3.8246395e-01   1.3153694e-01  -1.1541952e-01   0.0000000e+00
  -3.8306434e-01   7.8600084e-02  -3.7341964e-01   1.2586326e-01  -1.1111440e-01   0.0000000e+00
  -3.9055931e-01   9.2616093e-02  -3.6457598e-01   1.1774656e-01  -1.0485070e-01   0.0000000e+00
  -3.9663576e-01   1.0266127e-01  -3.5781530e-01   1.0991926e-01  -9.8765198e-02   0.0000000e+00
  -4.0164468e-01   1.1023867e-01  -3.5248548e-01   1.0278769e-01  -9.3199459e-02   0.0000000e+00
  -4.0506634e-01   1.1502623e-01  -3.4900396e-01   9.7636645e-02  -8.9170509e-02   0.0000000e+00
  -4.0604945e-01   1.1650988e-01  -3.4793568e-01   9.6060141e-02  -8.7936615e-02   0.0000000e+00
  -4.0398524e-01   1.1449630e-01  -3.4955763e-01   9.8958065e-02  -9.0207066e-02   0.0000000e+00
  -3.9855958e-01   1.0912310e-01  -3.5382470e-01   1.0625960e-01  -9.5921326e-02   0.0000000e+00
  -3.9000415e-01   1.0137638e-01  -3.6002829e-01   1.1661165e-01  -1.0400788e-01   0.0000000e+00
  -3.7904647e-01   9.2483892e-02  -3.6719564e-01   1.2813956e-01  -1.1298732e-01   0.0000000e+00
  -3.6557286e-01   8.2662825e-02  -3.7507931e-01   1.4013110e-01  -1.2228883e-01   0.0000000e+00
  -3.5106847e-01   7.3115320e-02  -3.8261501e-01   1.5077546e-01  -1.3049630e-01   0.0000000e+00
  -3.3353654e-01   6.2735999e-02  -3.9055690e-01   1.6097205e-01  -1.3828841e-01   0.0000000e+00
  -3.1534158e-01   5.3166760e-02  -3.9754848e-01   1.6891018e-01  -1.4426866e-01   0.0000000e+00
  -2.9730706e-01   4.4838145e-02  -4.0328805e-01   1.7450900e-01  -1.4839113e-01   0.0000000e+00
  -2.7937342e-01   3.7694807e-02  -4.0787029e-01   1.7815889e-01  -1.5096888e-01   0.0000000e+00
  -2.6298386e-01   3.2227318e-02  -4.1109513e-01   1.8006946e-01  -1.5219786e-01   0.0000000e+00
  -2.4665325e-01   2.7891929e-02  -4.1339781e-01   1.8083127e-01  -1.5252387e-01   0.0000000e+00
  -2.3179032e-01   2.5039107e-02  -4.1469212e-01   1.8069983e-01  -1.5217586e-01   0.0000000e+00
  -2.1722044e-01   2.3430233e-02  -4.1518602e-01   1.7995928e-01  -1.5136156e-01   0.0000000e+00
  -2.0414499e-01   2.3192399e-02  -4.1492307e-01   1.7890260e-01  -1.5033291e-01   0.0000000e+00
  -1.9248747e-01   2.4176516e-02  -4.1405184e-01   1.7774821e-01  -1.4926081e-01   0.0000000e+00
  -1.8219437e-01   2.6267916e-02  -4.1268231e-01   1.7665209e-01  -1.4826693e-01   0.0000000e+00
  -1.7323266e-01   2.9362421e-02  -4.1090069e-01   1.7571967e-01  -1.4743311e-01   0.0000000e+00
  -1.6558687e-01   3.3359907e-02  -4.0877687e-01   1.7501837e-01  -1.4681133e-01   0.0000000e+00
  -1.5970235e-01   3.7778056e-02  -4.0655949e-01   1.7461587e-01  -1.4645622e-01   0.0000000e+00
  -1.5497216e-01   4.2837623e-02  -4.0412989e-01   1.7447550e-01  -1.4633243e-01   0.0000000e+00
  -1.5144608e-01   4.8488024e-02  -4.0151575e-01   1.7461588e-01  -1.4645496e-01   0.0000000e+00
  -1.4920333e-01   5.4686563e-02  -3.9873936e-01   1.7505218e-01  -1.4683670e-01   0.0000000e+00
  -1.4836299e-01   6.1400447e-02  -3.9581739e-01   1.7579817e-01  -1.4749023e-01   0.0000000e+00
  -1.4897510e-01   6.7992382e-02  -3.9301873e-01   1.7676545e-01  -1.4833952e-01   0.0000000e+00
  -1.5112337e-01   7.5008046e-02  -3.9010287e-01   1.7801462e-01  -1.4944035e-01   0.0000000e+00
  -1.5469031e-01   8.1798640e-02  -3.8732900e-01   1.7940334e-01  -1.5067124e-01   0.0000000e+00
  -1.6034377e-01   8.9170373e-02  -3.8435543e-01   1.8106289e-01  -1.5215579e-01   0.0000000e+00
  -1.6771756e-01   9.6226546e-02  -3.8152297e-01   1.8272537e-01  -1.5366616e-01   0.0000000e+00
  -1.7654865e-01   1.0273337e-01  -3.7889311e-01   1.8421896e-01  -1.5505911e-01   0.0000000e+00
  -1.8752059e-01   1.0906135e-01  -3.7627601e-01   1.8547830e-01  -1.5629668e-01   0.0000000e+00
  -2.0043099e-01   1.1489245e-01  -3.7374478e-01   1.8621437e-01  -1.5714137e-01   0.0000000e+00
  -2.1514900e-01   1.2004027e-01  -3.7131492e-01   1.8613771e-01  -1.5735713e-01   0.0000000e+00
  -2.3170866e-01   1.2440212e-01  -3.6895747e-01   1.8492366e-01  -1.5668246e-01   0.0000000e+00
  -2.5008582e-01   1.2785536e-01  -3.6664189e-01   1.8218784e-01  -1.5480660e-01   0.0000000e+00
  -2.7023077e-01   1.3027217e-01  -3.6433222e-01   1.7749374e-01  -1.5137642e-01   0.0000000e+00
  -2.9018275e-01   1.3142494e-01  -3.6220927e-01   1.7107604e-01  -1.4654715e-01   0.0000000e+00
  -3.1177027e-01   1.3143660e-01  -3.6002441e-01   1.6209077e-01  -1.3967180e-01   0.0000000e+00
  -3.3242868e-01   1.3035114e-01  -3.5798759e-01   1.5142677e-01  -1.3142598e-01   0.0000000e+00
  -3.5169899e-01   1.2841175e-01  -3.5610910e-01   1.3958306e-01  -1.2220726e-01   0.0000000e+00
  -3.6924281e-01   1.2586069e-01  -3.5441185e-01   1.2714419e-01  -1.1248311e-01   0.0000000e+00
  -3.8440144e-01   1.2301348e-01  -3.5296608e-01   1.1507787e-01  -1.0302256e-01   0.0000000e+00
  -3.9501723e-01   1.2062189e-01  -3.5198085e-01   1.0588000e-01  -9.5797605e-02   0.0000000e+00
  -4.0214382e-01   1.1880581e-01  -3.5134286e-01   9.9353167e-02  -9.0665078e-02   0.0000000e+00
  -4.0541096e-01   1.1796096e-01  -3.5103067e-01   9.6246611e-02  -8.8220901e-02   0.0000000e+00
  -4.0317147e-01   1.1890821e-01  -3.5103744e-01   9.8247476e-02  -8.9796636e-02   0.0000000e+00
  -3.9676080e-01   1.2143739e-01  -3.5110959e-01   1.0383178e-01  -9.4192050e-02   0.0000000e+00
  -3.8619336e-01   1.2590167e-01  -3.5089677e-01   1.1224167e-01  -1.0080714e-01   0.0000000e+00
  -3.7206894e-01   1.3247856e-01  -3.4993691e-01   1.2188353e-01  -1.0838196e-01   0.0000000e+00
  -3.5569851e-01   1.4087011e-01  -3.4790093e-01   1.3072445e-01  -1.1531056e-01   0.0000000e+00
  -3.3792537e-01   1.5081146e-01  -3.4461176e-01   1.3738540e-01  -1.2050175e-01   0.0000000e+00
  -3.2078408e-01   1.6124290e-01  -3.4035119e-01   1.4070196e-01  -1.2304114e-01   0.0000000e+00
  -3.0438378e-01   1.7210880e-01  -3.3520589e-01   1.4070831e-01  -1.2295636e-01   0.0000000e+00
  -2.8899881e-01   1.8328072e-01  -3.2931704e-01   1.3747675e-01  -1.2030755e-01   0.0000000e+00
  -2.7429287e-01   1.9518093e-01  -3.2253132e-01   1.3082078e-01  -1.1494769e-01   0.0000000e+00
  -2.6144820e-01   2.0700857e-01  -3.1541096e-01   1.2130781e-01  -1.0733683e-01   0.0000000e+00
  -2.5131677e-01   2.1785309e-01  -3.0866671e-01   1.1035707e-01  -9.8606958e-02   0.0000000e+00
  -2.4281892e-01   2.2875338e-01  -3.0177220e-01   9.7478566e-02  -8.8365315e-02   0.0000000e+00
  -2.3658974e-01   2.3881165e-01  -2.9537230e-01   8.4145913e-02  -7.7781902e-02   0.0000000e+00
  -2.3232601e-01   2.4810890e-01  -2.8946667e-01   7.0742070e-02  -6.7156360e-02   0.0000000e+00
  -2.2978990e-01   2.5669671e-01  -2.8404608e-01   5.7543855e-02  -5.6704157e-02   0.0000000e+00
  -2.2878826e-01   2.6460659e-01  -2.7909752e-01   4.4755632e-02  -4.6583577e-02   0.0000000e+00
  -2.2924775e-01   2.7242974e-01  -2.7425369e-01   3.1542765e-02  -3.6131440e-02   0.0000000e+00
  -2.3115496e-01   2.7947717e-01  -2.6993669e-01   1.9154026e-02  -2.6333048e-02   0.0000000e+00
  -2.3406992e-01   2.8528579e-01  -2.6641144e-01   8.5605134e-03  -1.7954079e-02   0.0000000e+00
  -2.3677813e-01   2.8901135e-01  -2.6416459e-01   1.5478546e-03  -1.2406321e-02   0.0000000e+00
