   0.0000000e+00   0.0000000e+00   0.0000000e+00   0.0000000e+00   0.0000000e+00   0.0000000e+00
  -2.1582823e-01  -7.3825771e-02   4.7789522e-02   1.4375784e-01  -1.1606135e-01   0.0000000e+00
  -1.9608210e-01  -7.8071619e-02   4.5856447e-02   1.4394537e-01  -1.1595920e-01   0.0000000e+00
  -1.7539618e-01  -8.0099313e-02   4.3277198e-02   1.4134605e-01  -1.1360826e-01   0.0000000e+00
  -1.5378357e-01  -8.0184410e-02   3.9921585e-02   1.3590778e-01  -1.0897322e-01   0.0000000e+00
  -1.3204955e-01  -7.8679363e-02   3.5806151e-02   1.2785826e-01  -1.0225603e-01   0.0000000e+00
  -1.1111439e-01  -7.5807989e-02   3.1162987e-02   1.1767739e-01  -9.3863870e-02   0.0000000e+00
  -9.2645341e-02  -7.2116739e-02   2.6544508e-02   1.0668804e-01  -8.4880782e-02   0.0000000e+00
  -7.5715244e-02  -6.7725012e-02   2.1914834e-02   9.4901350e-02  -7.5306570e-02   0.0000000e+00
  -6.2197628e-02  -6.3433300e-02   1.7978709e-02   8.4242507e-02  -6.6690751e-02   0.0000000e+00
  -5.2053172e-02  -5.9625896e-02   1.4918061e-02   7.5437231e-02  -5.9598909e-02   0.0000000e+00
  -4.6041972e-02  -5.6972028e-02   1.3097503e-02   6.9810828e-02  -5.5078820e-02   0.0000000e+00
  -4.3531915e-02  -5.5589719e-02   1.2377277e-02   6.7282482e-02  -5.3051236e-02   0.0000000e+00
  -4.4192756e-02  -5.5160780e-02   1.2747372e-02   6.7581708e-02  -5.3295237e-02   0.0000000e+00
  -5.1187324e-02  -5.8511475e-02   1.4832862e-02   7.4302316e-02  -5.8690572e-02   0.0000000e+00
  -6.1674570e-02  -6.4352306e-02   1.7566677e-02   8.4286007e-02  -6.6717298e-02   0.0000000e+00
  -7.5246618e-02  -7.2464210e-02   2.0568414e-02   9.6584939e-02  -7.6630113e-02   0.0000000e+00
  -9.1003572e-02  -8.2477393e-02   2.3271778e-02   1.0983920e-01  -8.7346105e-02   0.0000000e+00
  -1.0794230e-01  -9.3896370e-02   2.5158559e-02   1.2273636e-01  -9.7809177e-02   0.0000000e+00
  -1.2528534e-01  -1.0631155e-01   2.5864641e-02   1.3435295e-01  -1.0726627e-01   0.0000000e+00
  -1.4217194e-01  -1.1922000e-01   2.5177501e-02   1.4395968e-01  -1.1511293e-01   0.0000000e+00
  -1.5782756e-01  -1.3208910e-01   2.3109816e-02   1.5116900e-01  -1.2101873e-01   0.0000000e+00
  -1.7196840e-01  -1.4470256e-01   1.9804127e-02   1.5604594e-01  -1.2502425e-01   0.0000000e+00
  -1.8451198e-01  -1.5703826e-01   1.5407790e-02   1.5879666e-01  -1.2728921e-01   0.0000000e+00
  -1.9545189e-01  -1.6912942e-01   1.0057160e-02   1.5963575e-01  -1.2798438e-01   0.0000000e+00
  -2.0421725e-01  -1.8033412e-01   4.2477445e-03   1.5883423e-01  -1.2732918e-01   0.0000000e+00
  -2.1099899e-01  -1.9070428e-01  -1.7943601e-03   1.5679413e-01  -1.2565356e-01   0.0000000e+00
  -2.1623467e-01  -2.0091212e-01  -8.3085484e-03   1.5361223e-01  -1.2303740e-01   0.0000000e+00
  -2.1942081e-01  -2.0971733e-01  -1.4337995e-02   1.4995937e-01  -1.2003299e-01   0.0000000e+00
  -2.2106990e-01  -2.1779353e-01  -2.0175893e-02   1.4587892e-01  -1.1667664e-01   0.0000000e+00
  -2.2130569e-01  -2.2516220e-01  -2.5746125e-02   1.4153781e-01  -1.1310596e-01   0.0000000e+00
  -2.2023840e-01  -2.3184675e-01  -3.0999695e-02   1.3706109e-01  -1.0942390e-01   0.0000000e+00
  -2.1794956e-01  -2.3788186e-01  -3.5918485e-02   1.3252767e-01  -1.0569529e-01   0.0000000e+00
  -2.1447264e-01  -2.4329410e-01  -4.0497569e-02   1.2798356e-01  -1.0195770e-01   0.0000000e+00
  -2.0972466e-01  -2.4816286e-01  -4.4798451e-02   1.2338111e-01  -9.8171716e-02   0.0000000e+00
  -2.0406097e-01  -2.5224489e-01  -4.8600905e-02   1.1897507e-01  -9.4547535e-02   0.0000000e+00
  -1.9835368e-01  -2.5570166e-01  -5.1986749e-02   1.1477290e-01  -9.1097085e-02   0.0000000e+00
  -1.9137218e-01  -2.5796997e-01  -5.4531549e-02   1.1117704e-01  -8.8135700e-02   0.0000000e+00
  -1.8345575e-01  -2.5868629e-01  -5.5906874e-02   1.0860843e-01  -8.6004543e-02   0.0000000e+00
  -1.7478099e-01  -2.5822493e-01  -5.6463066e-02   1.0666755e-01  -8.4380404e-02   0.0000000e+00
  -1.6573768e-01  -2.5658227e-01  -5.6190517e-02   1.0538614e-01  -8.3290845e-02   0.0000000e+00
  -1.5633542e-01  -2.5371287e-01  -5.5089448e-02   1.0471304e-01  -8.2694350e-02   0.0000000e+00
  -1.4659896e-01  -2.4951782e-01  -5.3128517e-02   1.0460440e-01  -8.2556043e-02   0.0000000e+00
  -1.3660270e-01  -2.4391763e-01  -5.0305024e-02   1.0496262e-01  -8.2798463e-02   0.0000000e+00
  -1.2639278e-01  -2.3676703e-01  -4.6589984e-02   1.0567482e-01  -8.3332346e-02   0.0000000e+00
  -1.1604823e-01  -2.2792452e-01  -4.1985251e-02   1.0656024e-01  -8.4014367e-02   0.0000000e+00
  -1.0566548e-01  -2.1724895e-01  -3.6529405e-02   1.0736274e-01  -8.4640881e-02   0.0000000e+00
  -9.5866036e-02  -2.0523428e-01  -3.0599608e-02   1.0776773e-01  -8.4961495e-02   0.0000000e+00
  -8.6173378e-02  -1.9114548e-01  -2.4000438e-02   1.0745560e-01  -8.4720231e-02   0.0000000e+00
  -7.7157031e-02  -1.7556555e-01  -1.7190430e-02   1.0608891e-01  -8.3646756e-02   0.0000000e+00
  -6.9233693e-02  -1.5928435e-01  -1.0644731e-02   1.0352944e-01  -8.1628113e-02   0.0000000e+00
  -6.2190962e-02  -1.4203081e-01  -4.3562266e-03   9.9596476e-02  -7.8518912e-02   0.0000000e+00
  -5.6308603e-02  -1.2467405e-01   1.3087183e-03   9.4450368e-02  -7.4445036e-02   0.0000000e+00
  -5.1577373e-02  -1.0764473e-01   6.2442545e-03   8.8324283e-02  -6.9591556e-02   0.0000000e+00
  -4.8130939e-02  -9.2266372e-02   1.0200209e-02   8.1953055e-02  -6.4542060e-02   0.0000000e+00
  -4.5774969e-02  -7.8987025e-02   1.3261906e-02   7.5874335e-02  -5.9724054e-02   0.0000000e+00
  -4.4358351e-02  -6.8681164e-02   1.5434185e-02   7.0833094e-02  -5.5728762e-02   0.0000000e+00
  -4.3624825e-02  -6.1835270e-02   1.6787562e-02   6.7344993e-02  -5.2964747e-02   0.0000000e+00
  -4.3307820e-02  -5.8557548e-02   1.7400853e-02   6.5618843e-02  -5.1596802e-02   0.0000000e+00
  -4.3187631e-02  -5.7731558e-02   1.7533524e-02   6.5145258e-02  -5.1221068e-02   0.0000000e+00
  -4.3028877e-02  -6.3058720e-02   1.6248382e-02   6.7434329e-02  -5.3028504e-02   0.0000000e+00
  -4.2326607e-02  -7.2132755e-02   1.3672914e-02   7.0661079e-02  -5.5567335e-02   0.0000000e+00
  -4.0611084e-02  -8.3945970e-02   9.5730143e-03   7.3543443e-02  -5.7813281e-02   0.0000000e+00
  -3.7570953e-02  -9.8231652e-02   3.5459771e-03   7.5092837e-02  -5.8974269e-02   0.0000000e+00
  -3.3309332e-02  -1.1323180e-01  -4.0708926e-03   7.4278591e-02  -5.8235418e-02   0.0000000e+00
  -2.7686582e-02  -1.2868694e-01  -1.3403293e-02   7.0440161e-02  -5.5074452e-02   0.0000000e+00
  -2.1027132e-02  -1.4328484e-01  -2.3753120e-02   6.3453311e-02  -4.9409176e-02   0.0000000e+00
  -1.3294853e-02  -1.5695270e-01  -3.4989626e-02   5.3195026e-02  -4.1154462e-02   0.0000000e+00
  -4.3690991e-03  -1.6963396e-01  -4.7009404e-02   3.9437012e-02  -3.0143996e-02   0.0000000e+00
   5.2320995e-03  -1.8052010e-01  -5.8867907e-02   2.3090035e-02  -1.7120074e-02   0.0000000e+00
   1.4938037e-02  -1.8923674e-01  -6.9763991e-02   5.4823365e-03  -3.1436146e-03   0.0000000e+00
   2.5233733e-02  -1.9641738e-01  -8.0161620e-02  -1.3950128e-02   1.2233203e-02   0.0000000e+00
   3.5498441e-02  -2.0177463e-01  -8.9381281e-02  -3.3768247e-02   2.7874457e-02   0.0000000e+00
   4.5654101e-02  -2.0552070e-01  -9.7418160e-02  -5.3562120e-02   4.3464601e-02   0.0000000e+00
   5.5542749e-02  -2.0781965e-01  -1.0424091e-01  -7.2821963e-02   5.8610754e-02   0.0000000e+00
   6.5700084e-02  -2.0888348e-01  -1.1024552e-01  -9.2420966e-02   7.4006533e-02   0.0000000e+00
   7.5440888e-02  -2.0870678e-01  -1.1506138e-01  -1.1088960e-01   8.8504146e-02   0.0000000e+00
   8.4767486e-02  -2.0745460e-01  -1.1882025e-01  -1.2815791e-01   1.0205516e-01   0.0000000e+00
   9.3658180e-02  -2.0523161e-01  -1.2160614e-01  -1.4410766e-01   1.1457153e-01   0.0000000e+00
   1.0214736e-01  -2.0209817e-01  -1.2350440e-01  -1.5874108e-01   1.2605826e-01   0.0000000e+00
   1.0960500e-01  -1.9843793e-01  -1.2451109e-01  -1.7099957e-01   1.3568584e-01   0.0000000e+00
   1.1729552e-01  -1.9365771e-01  -1.2484552e-01  -1.8294847e-01   1.4507751e-01   0.0000000e+00
   1.2386314e-01  -1.8896574e-01  -1.2474769e-01  -1.9290030e-01   1.5290616e-01   0.0000000e+00
   1.2985326e-01  -1.8358498e-01  -1.2390952e-01  -2.0110481e-01   1.5936946e-01   0.0000000e+00
   1.3399030e-01  -1.7756807e-01  -1.2169979e-01  -2.0448326e-01   1.6204698e-01   0.0000000e+00
   1.3675212e-01  -1.7128021e-01  -1.1863994e-01  -2.0464566e-01   1.6220177e-01   0.0000000e+00
   1.3814112e-01  -1.6489014e-01  -1.1482754e-01  -2.0184658e-01   1.6003404e-01   0.0000000e+00
   1.3813819e-01  -1.5839953e-01  -1.1021863e-01  -1.9616658e-01   1.5560909e-01   0.0000000e+00
   1.3668291e-01  -1.5183366e-01  -1.0476062e-01  -1.8767878e-01   1.4898689e-01   0.0000000e+00
   1.3366892e-01  -1.4519037e-01  -9.8355121e-02  -1.7640391e-01   1.4018657e-01   0.0000000e+00
   1.2897038e-01  -1.3847933e-01  -9.0906371e-02  -1.6241859e-01   1.2927016e-01   0.0000000e+00
   1.2245153e-01  -1.3170589e-01  -8.2323651e-02  -1.4587067e-01   1.1635355e-01   0.0000000e+00
   1.1393182e-01  -1.2485740e-01  -7.2499462e-02  -1.2691269e-01   1.0155327e-01   0.0000000e+00
   1.0322766e-01  -1.1791949e-01  -6.1360492e-02  -1.0581043e-01   8.5070238e-02   0.0000000e+00
   9.0782884e-02  -1.1119775e-01  -4.9465525e-02  -8.3979897e-02   6.8000568e-02   0.0000000e+00
   7.6598610e-02  -1.0463528e-01  -3.6891992e-02  -6.1811537e-02   5.0638284e-02   0.0000000e+00
   6.1448626e-02  -9.8496918e-02  -2.4382712e-02  -4.0710116e-02   3.4074525e-02   0.0000000e+00
   4.5371789e-02  -9.2685169e-02  -1.2000972e-02  -2.0750631e-02   1.8363465e-02   0.0000000e+00
   2.7744261e-02  -8.6966758e-02   6.0780939e-04  -1.3229955e-03   3.0194017e-03   0.0000000e+00
   1.1103893e-02  -8.2089807e-02   1.1635146e-02   1.4967270e-02  -9.8950850e-03   0.0000000e+00
  -4.6435285e-03  -7.7910091e-02   2.1310571e-02   2.8773947e-02  -2.0882154e-02   0.0000000e+00
  -1.8223067e-02  -7.4651231e-02   2.9069555e-02   3.9562817e-02  -2.9498631e-02   0.0000000e+00
  -2.9485055e-02  -7.2216719e-02   3.5095141e-02   4.7809425e-02  -3.6105422e-02   0.0000000e+00
  -3.7167785e-02  -7.0697665e-02   3.8995879e-02   5.3098710e-02  -4.0353313e-02   0.0000000e+00
  -4.1334302e-02  -6.9842251e-02   4.1057210e-02   5.5822502e-02  -4.2544699e-02   0.0000000e+00
  -4.3067450e-02  -6.9287307e-02   4.1941737e-02   5.6836901e-02  -4.3362816e-02   0.0000000e+00
  -3.8469687e-02  -6.8627340e-02   4.0009597e-02   5.3136795e-02  -4.0395246e-02   0.0000000e+00
  -2.9051101e-02  -6.8479022e-02   3.5676703e-02   4.5809899e-02  -3.4523040e-02   0.0000000e+00
  -1.5405684e-02  -6.7745900e-02   2.9195910e-02   3.4219272e-02  -2.5262052e-02   0.0000000e+00
   9.2412134e-04  -6.6020193e-02   2.1169803e-02   1.8794414e-02  -1.2982737e-02   0.0000000e+00
   1.9433259e-02  -6.3005249e-02   1.1760463e-02  -7.5106440e-04   2.5168787e-03   0.0000000e+00
   4.0037075e-02  -5.8353248e-02   9.6701173e-04  -2.5154844e-02   2.1794860e-02   0.0000000e+00
   6.1029977e-02  -5.2186813e-02  -1.0283049e-02  -5.3024561e-02   4.3734388e-02   0.0000000e+00
   8.2176089e-02  -4.4443735e-02  -2.1761456e-02  -8.4377231e-02   6.8347528e-02   0.0000000e+00
   1.0183954e-01  -3.5746160e-02  -3.2452583e-02  -1.1674820e-01   9.3714543e-02   0.0000000e+00
   1.2034557e-01  -2.6093347e-02  -4.2416521e-02  -1.5034958e-01   1.2002790e-01   0.0000000e+00
   1.3790756e-01  -1.5446406e-02  -5.1671318e-02  -1.8539593e-01   1.4748626e-01   0.0000000e+00
   1.5372810e-01  -4.5255561e-03  -5.9758419e-02  -2.1992019e-01   1.7458045e-01   0.0000000e+00
   1.6725067e-01   6.2036174e-03  -6.6324232e-02  -2.5211124e-01   1.9991601e-01   0.0000000e+00
   1.7930144e-01   1.7677036e-02  -7.1651115e-02  -2.8362324e-01   2.2482131e-01   0.0000000e+00
   1.8937259e-01   2.8948155e-02  -7.5638427e-02  -3.1246914e-01   2.4773375e-01   0.0000000e+00
   1.9763939e-01   3.9843694e-02  -7.8465957e-02  -3.3844225e-01   2.6848117e-01   0.0000000e+00
   2.0424033e-01   5.0288179e-02  -8.0272177e-02  -3.6139491e-01   2.8692998e-01   0.0000000e+00
   2.0929234e-01   6.0253527e-02  -8.1174078e-02  -3.8123976e-01   3.0298839e-01   0.0000000e+00
   2.1267308e-01   6.9107166e-02  -8.1274212e-02  -3.9685679e-01   3.1571613e-01   0.0000000e+00
   2.1477271e-01   7.7485454e-02  -8.0697629e-02  -4.0947632e-01   3.2608325e-01   0.0000000e+00
   2.1558212e-01   8.5546484e-02  -7.9421498e-02  -4.1911429e-01   3.3408630e-01   0.0000000e+00
   2.1515006e-01   9.2178878e-02  -7.7723315e-02  -4.2471547e-01   3.3881975e-01   0.0000000e+00
   2.1372207e-01   9.8882078e-02  -7.5442196e-02  -4.2833052e-01   3.4197070e-01   0.0000000e+00
   2.1152875e-01   1.0471310e-01  -7.2905468e-02  -4.2955102e-01   3.4317263e-01   0.0000000e+00
   2.0700032e-01   1.0845078e-01  -6.9189163e-02  -4.2350169e-01   3.3846830e-01   0.0000000e+00
   2.0102176e-01   1.1039528e-01  -6.4750882e-02  -4.1272108e-01   3.2993086e-01   0.0000000e+00
   1.9378137e-01   1.1077119e-01  -5.9596735e-02  -3.9810772e-01   3.1832061e-01   0.0000000e+00
   1.8524921e-01   1.0955478e-01  -5.3627778e-02  -3.7985976e-01   3.0382976e-01   0.0000000e+00
   1.7534029e-01   1.0663342e-01  -4.6724132e-02  -3.5803209e-01   2.8653374e-01   0.0000000e+00
   1.6396020e-01   1.0185453e-01  -3.8774764e-02  -3.3269225e-01   2.6651435e-01   0.0000000e+00
   1.5174588e-01   9.5462969e-02  -3.0204428e-02  -3.0557585e-01   2.4515850e-01   0.0000000e+00
   1.3794240e-01   8.7028073e-02  -2.0491868e-02  -2.7534341e-01   2.2141798e-01   0.0000000e+00
   1.2324256e-01   7.6919488e-02  -1.0164342e-02  -2.4384875e-01   1.9674615e-01   0.0000000e+00
   1.0676453e-01   6.4466814e-02   1.3172650e-03  -2.0957761e-01   1.6994536e-01   0.0000000e+00
   9.0199900e-02   5.0943975e-02   1.2667026e-02  -1.7633487e-01   1.4397064e-01   0.0000000e+00
   7.2591296e-02   3.5608060e-02   2.4411842e-02  -1.4239678e-01   1.1745018e-01   0.0000000e+00
   5.4775858e-02   1.9176970e-02   3.5836766e-02  -1.0957268e-01   9.1774989e-02   0.0000000e+00
   3.7474163e-02   2.3856263e-03   4.6363849e-02  -7.9184917e-02   6.7964132e-02   0.0000000e+00
   2.0030726e-02  -1.5368620e-02   5.6269023e-02  -5.0067294e-02   4.5094864e-02   0.0000000e+00
   4.5958801e-03  -3.1827733e-02   6.4308705e-02  -2.5586773e-02   2.5815855e-02   0.0000000e+00
  -9.5454236e-03  -4.7609937e-02   7.0951805e-02  -4.2337141e-03   8.9540860e-03   0.0000000e+00
  -2.1534532e-02  -6.1629176e-02   7.5934192e-02   1.3055607e-02  -4.7336342e-03   0.0000000e+00
  -3.0776059e-02  -7.2971806e-02   7.9285116e-02   2.5886230e-02  -1.4913078e-02   0.0000000e+00
  -3.7057511e-02  -8.1059785e-02   8.1268988e-02   3.4380790e-02  -2.1662761e-02   0.0000000e+00
  -4.0796257e-02  -8.6070185e-02   8.2315990e-02   3.9359358e-02  -2.5622448e-02   0.0000000e+00
  -4.2545284e-02  -8.8437296e-02   8.2773312e-02   4.1653066e-02  -2.7447722e-02   0.0000000e+00
  -4.2280265e-02  -8.7151145e-02   8.2855658e-02   4.0882600e-02  -2.6836365e-02   0.0000000e+00
  -3.8055288e-02  -7.9506069e-02   8.1974125e-02   3.4328012e-02  -2.1626021e-02   0.0000000e+00
  -3.2233571e-02  -6.8147290e-02   8.0572586e-02   2.4429160e-02  -1.3766271e-02   0.0000000e+00
  -2.5368678e-02  -5.3323694e-02   7.8578511e-02   1.1216205e-02  -3.2899089e-03   0.0000000e+00
  -1.8197984e-02  -3.5944314e-02   7.5979892e-02  -4.7466807e-03   9.3477786e-03   0.0000000e+00
  -1.1035663e-02  -1.6151371e-02   7.2687537e-02  -2.3556530e-02   2.4217546e-02   0.0000000e+00
  -4.4907800e-03   4.9089379e-03   6.8837562e-02  -4.4277885e-02   4.0577381e-02   0.0000000e+00
   1.3257970e-03   2.7373320e-02   6.4401002e-02  -6.7128158e-02   5.8600578e-02   0.0000000e+00
   6.1340390e-03   5.0921837e-02   5.9473111e-02  -9.1819398e-02   7.8065698e-02   0.0000000e+00
   9.3713806e-03   7.2768564e-02   5.4734443e-02  -1.1530409e-01   9.6580678e-02   0.0000000e+00
   1.1259332e-02   9.3613004e-02   5.0155912e-02  -1.3811051e-01   1.1457301e-01   0.0000000e+00
   1.1810509e-02   1.1391385e-01   4.5742971e-02  -1.6055244e-01   1.3230156e-01   0.0000000e+00
   1.1046915e-02   1.3163031e-01   4.2030164e-02  -1.8016232e-01   1.4782398e-01   0.0000000e+00
   9.0648784e-03   1.4785198e-01   3.8854986e-02  -1.9794856e-01   1.6194062e-01   0.0000000e+00
   6.0767142e-03   1.6174990e-01   3.6424937e-02  -2.1284683e-01   1.7380605e-01   0.0000000e+00
   1.9775956e-03   1.7420730e-01   3.4621564e-02  -2.2567101e-01   1.8406608e-01   0.0000000e+00
  -2.9443101e-03   1.8450904e-01   3.3579607e-02  -2.3557526e-01   1.9204092e-01   0.0000000e+00
  -8.5734347e-03   1.9279943e-01   3.3266268e-02  -2.4268444e-01   1.9782257e-01   0.0000000e+00
  -1.4844181e-02   1.9922521e-01   3.3652601e-02  -2.4714201e-01   2.0151940e-01   0.0000000e+00
  -2.1721451e-02   2.0385417e-01   3.4735283e-02  -2.4900666e-01   2.0317416e-01   0.0000000e+00
  -2.8628522e-02   2.0656697e-01   3.6369217e-02  -2.4844270e-01   2.0290080e-01   0.0000000e+00
  -3.6290750e-02   2.0774845e-01   3.8714457e-02  -2.4552196e-01   2.0077390e-01   0.0000000e+00
  -4.3807850e-02   2.0745629e-01   4.1440494e-02  -2.4087095e-01   1.9726827e-01   0.0000000e+00
  -5.1665134e-02   2.0650074e-01   4.4431863e-02  -2.3533397e-01   1.9306563e-01   0.0000000e+00
  -5.9469979e-02   2.0274964e-01   4.8363206e-02  -2.2626264e-01   1.8605993e-01   0.0000000e+00
  -6.7145231e-02   1.9668364e-01   5.3044661e-02  -2.1442680e-01   1.7686209e-01   0.0000000e+00
  -7.4403394e-02   1.8888542e-01   5.8170335e-02  -2.0082785e-01   1.6626118e-01   0.0000000e+00
  -8.1082888e-02   1.7945797e-01   6.3649053e-02  -1.8574745e-01   1.5447869e-01   0.0000000e+00
  -8.7138062e-02   1.6831826e-01   6.9482298e-02  -1.6918509e-01   1.4151495e-01   0.0000000e+00
  -9.2467413e-02   1.5539319e-01   7.5634006e-02  -1.5120366e-01   1.2741874e-01   0.0000000e+00
  -9.6935390e-02   1.4058076e-01   8.2045985e-02  -1.3187443e-01   1.1224438e-01   0.0000000e+00
  -1.0037038e-01   1.2375703e-01   8.8625076e-02  -1.1129675e-01   9.6067384e-02   0.0000000e+00
  -1.0248142e-01   1.0584135e-01   9.4879461e-02  -9.0790471e-02   7.9924265e-02   0.0000000e+00
  -1.0324892e-01   8.6878118e-02   1.0067834e-01  -7.0533514e-02   6.3955785e-02   0.0000000e+00
  -1.0262829e-01   6.6983742e-02   1.0583603e-01  -5.0809157e-02   4.8386579e-02   0.0000000e+00
  -1.0055805e-01   4.6236342e-02   1.1014472e-01  -3.1887764e-02   3.3432600e-02   0.0000000e+00
  -9.6905519e-02   2.4503006e-02   1.1337753e-01  -1.3917428e-02   1.9214859e-02   0.0000000e+00
  -9.2008248e-02   3.7476058e-03   1.1509542e-01   1.3700614e-03   7.1105590e-03   0.0000000e+00
  -8.5602062e-02  -1.7201251e-02   1.1527441e-01   1.4756819e-02  -3.4913181e-03   0.0000000e+00
  -7.8345975e-02  -3.6365158e-02   1.1385201e-01   2.4968259e-02  -1.1574025e-02   0.0000000e+00
  -7.0713208e-02  -5.3146761e-02   1.1113022e-01   3.2030622e-02  -1.7154417e-02   0.0000000e+00
  -6.3116717e-02  -6.7342753e-02   1.0753559e-01   3.6347785e-02  -2.0552616e-02   0.0000000e+00
  -5.6257259e-02  -7.8406956e-02   1.0372907e-01   3.8401726e-02  -2.2154710e-02   0.0000000e+00
  -5.0426620e-02  -8.6603047e-02   1.0018691e-01   3.8960187e-02  -2.2573070e-02   0.0000000e+00
  -4.6185255e-02  -9.1805381e-02   9.7494827e-02   3.8710677e-02  -2.2357019e-02   0.0000000e+00
  -4.3914098e-02  -9.4179530e-02   9.6049903e-02   3.8298345e-02  -2.2020454e-02   0.0000000e+00
  -4.2950839e-02  -9.4812891e-02   9.5483848e-02   3.7938783e-02  -2.1731487e-02   0.0000000e+00
  -4.6647488e-02  -9.1206863e-02   9.7800801e-02   3.8733237e-02  -2.2376830e-02   0.0000000e+00
  -5.3931125e-02  -8.5059493e-02   1.0198226e-01   4.0389378e-02  -2.3720551e-02   0.0000000e+00
  -6.4066024e-02  -7.7195656e-02   1.0723197e-01   4.2343186e-02  -2.5313062e-02   0.0000000e+00
  -7.6958554e-02  -6.7918796e-02   1.1310054e-01   4.4178881e-02  -2.6824162e-02   0.0000000e+00
  -9.1808779e-02  -5.7977556e-02   1.1887308e-01   4.5437927e-02  -2.7885533e-02   0.0000000e+00
  -1.0849886e-01  -4.7600615e-02   1.2423591e-01   4.5878683e-02  -2.8302841e-02   0.0000000e+00
  -1.2597520e-01  -3.7564574e-02   1.2870683e-01   4.5390948e-02  -2.7982110e-02   0.0000000e+00
  -1.4442588e-01  -2.7871926e-02   1.3228659e-01   4.3999537e-02  -2.6941870e-02   0.0000000e+00
  -1.6279192e-01  -1.9211116e-02   1.3481106e-01   4.1928849e-02  -2.5355514e-02   0.0000000e+00
  -1.8104696e-01  -1.1683932e-02   1.3640982e-01   3.9404345e-02  -2.3401926e-02   0.0000000e+00
  -1.9799613e-01  -5.7952536e-03   1.3717935e-01   3.6843870e-02  -2.1410454e-02   0.0000000e+00
  -2.1399499e-01  -1.3834001e-03   1.3735844e-01   3.4440079e-02  -1.9536330e-02   0.0000000e+00
  -2.2906170e-01   1.5466737e-03   1.3711412e-01   3.2397482e-02  -1.7943104e-02   0.0000000e+00
  -2.4236837e-01   2.9245736e-03   1.3662367e-01   3.0974180e-02  -1.6835408e-02   0.0000000e+00
  -2.5487107e-01   2.9205772e-03   1.3598031e-01   3.0183982e-02  -1.6226855e-02   0.0000000e+00
  -2.6580465e-01   1.5963678e-03   1.3531614e-01   3.0154699e-02  -1.6218584e-02   0.0000000e+00
  -2.7528474e-01  -8.7130604e-04   1.3470091e-01   3.0869479e-02  -1.6798157e-02   0.0000000e+00
  -2.8343785e-01  -4.3324490e-03   1.3417543e-01   3.2291465e-02  -1.7937046e-02   0.0000000e+00
  -2.9037433e-01  -8.6738174e-03   1.3376301e-01   3.4383537e-02  -1.9606321e-02   0.0000000e+00
  -2.9618667e-01  -1.3827661e-02   1.3347659e-01   3.7122291e-02  -2.1787792e-02   0.0000000e+00
  -3.0102233e-01  -1.9883629e-02   1.3332035e-01   4.0567397e-02  -2.4529207e-02   0.0000000e+00
  -3.0464190e-01  -2.6340492e-02   1.3329319e-01   4.4416097e-02  -2.7589981e-02   0.0000000e+00
  -3.0777393e-01  -3.3597029e-02   1.3329221e-01   4.8780031e-02  -3.1059980e-02   0.0000000e+00
  -3.0945039e-01  -4.0685041e-02   1.3344088e-01   5.3230111e-02  -3.4596436e-02   0.0000000e+00
  -3.0890108e-01  -4.8224081e-02   1.3397500e-01   5.8427517e-02  -3.8722271e-02   0.0000000e+00
  -3.0690110e-01  -5.6175550e-02   1.3470186e-01   6.4105321e-02  -4.3226681e-02   0.0000000e+00
  -3.0315162e-01  -6.4834143e-02   1.3564348e-01   7.0463119e-02  -4.8266594e-02   0.0000000e+00
  -2.9778850e-01  -7.3364004e-02   1.3669273e-01   7.6862997e-02  -5.3334325e-02   0.0000000e+00
  -2.9070673e-01  -8.1728844e-02   1.3780710e-01   8.3229095e-02  -5.8367447e-02   0.0000000e+00
  -2.8181800e-01  -8.9821518e-02   1.3891335e-01   8.9407217e-02  -6.3240703e-02   0.0000000e+00
  -2.7099502e-01  -9.7521126e-02   1.3991319e-01   9.5206975e-02  -6.7799137e-02   0.0000000e+00
  -2.5807822e-01  -1.0468424e-01   1.4067187e-01   1.0038316e-01  -7.1843153e-02   0.0000000e+00
  -2.4293377e-01  -1.1113829e-01   1.4100305e-01   1.0461318e-01  -7.5110853e-02   0.0000000e+00
  -2.2628032e-01  -1.1648460e-01   1.4069646e-01   1.0741176e-01  -7.7216942e-02   0.0000000e+00
  -2.0813442e-01  -1.2092455e-01   1.3954880e-01   1.0865335e-01  -7.8059049e-02   0.0000000e+00
  -1.8845660e-01  -1.2388275e-01   1.3744547e-01   1.0784703e-01  -7.7246146e-02   0.0000000e+00
  -1.6700827e-01  -1.2480826e-01   1.3423268e-01   1.0444683e-01  -7.4344991e-02   0.0000000e+00
  -1.4537561e-01  -1.2392096e-01   1.2998725e-01   9.8627814e-02  -6.9515723e-02   0.0000000e+00
  -1.2375493e-01  -1.2138246e-01   1.2475421e-01   9.0475263e-02  -6.2837758e-02   0.0000000e+00
  -1.0393437e-01  -1.1764624e-01   1.1911446e-01   8.0935583e-02  -5.5088631e-02   0.0000000e+00
  -8.5477889e-02  -1.1293180e-01   1.1316616e-01   7.0224465e-02  -4.6441425e-02   0.0000000e+00
  -6.9640732e-02  -1.0785999e-01   1.0755300e-01   5.9555308e-02  -3.7869712e-02   0.0000000e+00
  -5.7297658e-02  -1.0313325e-01   1.0287649e-01   5.0213220e-02  -3.0391797e-02   0.0000000e+00
  -4.8938865e-02  -9.9396011e-02   9.9583793e-02   4.3293582e-02  -2.4867430e-02   0.0000000e+00
  -4.4693400e-02  -9.7147340e-02   9.7900610e-02   3.9508398e-02  -2.1850530e-02   0.0000000e+00
  -4.2832024e-02  -9.5895700e-02   9.7189395e-02   3.7704094e-02  -2.0413970e-02   0.0000000e+00
  -4.6606109e-02  -9.7121943e-02   9.8829305e-02   4.0760931e-02  -2.2850729e-02   0.0000000e+00
  -5.4936475e-02  -1.0187272e-01   1.0200169e-01   4.8197510e-02  -2.8781459e-02   0.0000000e+00
  -6.7069740e-02  -1.0940581e-01   1.0617318e-01   5.8713911e-02  -3.7185101e-02   0.0000000e+00
  -8.1580804e-02  -1.1896043e-01   1.1047577e-01   7.0584564e-02  -4.6696352e-02   0.0000000e+00
  -9.8227002e-02  -1.3050900e-01   1.1442818e-01   8.3133824e-02  -5.6782730e-02   0.0000000e+00
  -1.1513331e-01  -1.4285433e-01   1.1725582e-01   9.4611082e-02  -6.6037755e-02   0.0000000e+00
  -1.3197803e-01  -1.5581939e-01   1.1873066e-01   1.0466589e-01  -7.4171204e-02   0.0000000e+00
  -1.4827597e-01  -1.6912573e-01   1.1868096e-01   1.1295279e-01  -8.0893602e-02   0.0000000e+00
  -1.6351646e-01  -1.8244434e-01   1.1707095e-01   1.1925237e-01  -8.6016127e-02   0.0000000e+00
  -1.7709525e-01  -1.9528427e-01   1.1407068e-01   1.2348187e-01  -8.9461696e-02   0.0000000e+00
  -1.8905735e-01  -2.0774702e-01   1.0982956e-01   1.2588129e-01  -9.1418387e-02   0.0000000e+00
  -1.9938675e-01  -2.1987656e-01   1.0449182e-01   1.2663277e-01  -9.2030487e-02   0.0000000e+00
  -2.0753511e-01  -2.3103832e-01   9.8571186e-02   1.2596402e-01  -9.1481644e-02   0.0000000e+00
  -2.1368785e-01  -2.4130275e-01   9.2318519e-02   1.2421716e-01  -9.0050856e-02   0.0000000e+00
  -2.1800077e-01  -2.5072620e-01   8.5932981e-02   1.2166899e-01  -8.7964577e-02   0.0000000e+00
  -2.2060290e-01  -2.5934168e-01   7.9579714e-02   1.1854819e-01  -8.5410157e-02   0.0000000e+00
  -2.2164504e-01  -2.6721633e-01   7.3354981e-02   1.1502225e-01  -8.2525096e-02   0.0000000e+00
  -2.2121991e-01  -2.7436220e-01   6.7358429e-02   1.1123573e-01  -7.9427843e-02   0.0000000e+00
  -2.1941217e-01  -2.8080726e-01   6.1646874e-02   1.0729001e-01  -7.6201429e-02   0.0000000e+00
  -2.1623479e-01  -2.8664209e-01   5.6188051e-02   1.0320175e-01  -7.2859575e-02   0.0000000e+00
  -2.1219968e-01  -2.9130551e-01   5.1570348e-02   9.9474846e-02  -6.9813894e-02   0.0000000e+00
  -2.0687813e-01  -2.9551275e-01   4.7122191e-02   9.5607020e-02  -6.6654003e-02   0.0000000e+00
  -2.0149464e-01  -2.9871703e-01   4.3476445e-02   9.2200348e-02  -6.3873284e-02   0.0000000e+00
  -1.9558784e-01  -3.0159549e-01   3.9944487e-02   8.8678521e-02  -6.1002827e-02   0.0000000e+00
  -1.8854753e-01  -3.0283190e-01   3.7815089e-02   8.6135145e-02  -5.8920447e-02   0.0000000e+00
  -1.8042056e-01  -3.0296138e-01   3.6502818e-02   8.4050309e-02  -5.7206187e-02   0.0000000e+00
  -1.7184973e-01  -3.0199252e-01   3.6041559e-02   8.2498453e-02  -5.5922305e-02   0.0000000e+00
  -1.6289496e-01  -2.9991253e-01   3.6408607e-02   8.1437817e-02  -5.5034965e-02   0.0000000e+00
  -1.5356817e-01  -2.9664640e-01   3.7616605e-02   8.0831043e-02  -5.4514066e-02   0.0000000e+00
  -1.4389904e-01  -2.9207517e-01   3.9699197e-02   8.0636525e-02  -5.4326572e-02   0.0000000e+00
  -1.3396697e-01  -2.8609685e-01   4.2654203e-02   8.0763946e-02  -5.4400847e-02   0.0000000e+00
  -1.2383706e-01  -2.7856339e-01   4.6484346e-02   8.1093976e-02  -5.4642313e-02   0.0000000e+00
  -1.1359007e-01  -2.6931888e-01   5.1156987e-02   8.1446576e-02  -5.4908032e-02   0.0000000e+00
  -1.0331989e-01  -2.5819705e-01   5.6597869e-02   8.1575561e-02  -5.5002245e-02   0.0000000e+00
  -9.3650833e-02  -2.4572001e-01   6.2379566e-02   8.1215361e-02  -5.4713587e-02   0.0000000e+00
  -8.4106571e-02  -2.3108410e-01   6.8662773e-02   8.0040234e-02  -5.3781965e-02   0.0000000e+00
  -7.5247966e-02  -2.1486829e-01   7.4966879e-02   7.7782941e-02  -5.1993897e-02   0.0000000e+00
  -6.7462266e-02  -1.9783803e-01   8.0838374e-02   7.4361283e-02  -4.9282498e-02   0.0000000e+00
  -6.0873752e-02  -1.8059374e-01   8.6020446e-02   6.9859315e-02  -4.5713563e-02   0.0000000e+00
  -5.5293113e-02  -1.6298297e-01   9.0555436e-02   6.4259556e-02  -4.1273264e-02   0.0000000e+00
  -5.0824586e-02  -1.4570354e-01   9.4307756e-02   5.7861874e-02  -3.6199984e-02   0.0000000e+00
  -4.7643981e-02  -1.3039105e-01   9.7099301e-02   5.1512495e-02  -3.1165495e-02   0.0000000e+00
  -4.5500078e-02  -1.1729237e-01   9.9127966e-02   4.5629419e-02  -2.6501602e-02   0.0000000e+00
  -4.4238727e-02  -1.0730005e-01   1.0047911e-01   4.0897692e-02  -2.2751222e-02   0.0000000e+00
  -4.3635389e-02  -1.0127452e-01   1.0121706e-01   3.7949594e-02  -2.0414890e-02   0.0000000e+00
  -4.3371140e-02  -9.8502146e-02   1.0152496e-01   3.6552569e-02  -1.9307756e-02   0.0000000e+00
  -4.3269630e-02  -9.9032967e-02   1.0139296e-01   3.6720954e-02  -1.9440680e-02   0.0000000e+00
  -4.3037542e-02  -1.0564864e-01   1.0017858e-01   3.9408311e-02  -2.1567074e-02   0.0000000e+00
  -4.2068215e-02  -1.1609780e-01   9.7654488e-02   4.2847893e-02  -2.4283586e-02   0.0000000e+00
  -3.9920197e-02  -1.2933775e-01   9.3408269e-02   4.5802246e-02  -2.6605012e-02   0.0000000e+00
  -3.6452936e-02  -1.4428250e-01   8.7213787e-02   4.7220834e-02  -2.7695698e-02   0.0000000e+00
  -3.1685602e-02  -1.5974861e-01   7.9104339e-02   4.6280316e-02  -2.6903728e-02   0.0000000e+00
  -2.5769441e-02  -1.7470382e-01   6.9381650e-02   4.2565213e-02  -2.3905648e-02   0.0000000e+00
  -1.8706754e-02  -1.8884562e-01   5.8161927e-02   3.5835865e-02  -1.8519940e-02   0.0000000e+00
  -1.0514358e-02  -2.0185015e-01   4.5674967e-02   2.5951752e-02  -1.0647346e-02   0.0000000e+00
  -1.3004377e-03  -2.1336659e-01   3.2330101e-02   1.3001920e-02  -3.7263626e-04   0.0000000e+00
   8.5774296e-03  -2.2293664e-01   1.8898895e-02  -2.3717515e-03   1.1783880e-02   0.0000000e+00
   1.8555970e-02  -2.3029772e-01   6.2807631e-03  -1.8981452e-02   2.4878996e-02   0.0000000e+00
   2.9138162e-02  -2.3601895e-01  -6.0379029e-03  -3.7386332e-02   3.9352187e-02   0.0000000e+00
   3.9694364e-02  -2.3989691e-01  -1.7224826e-02  -5.6242730e-02   5.4148207e-02   0.0000000e+00
   5.0142928e-02  -2.4214758e-01  -2.7211972e-02  -7.5147378e-02   6.8956581e-02   0.0000000e+00
   6.0329053e-02  -2.4295671e-01  -3.5910399e-02  -9.3613399e-02   8.3402864e-02   0.0000000e+00
   7.0088518e-02  -2.4252779e-01  -4.3284882e-02  -1.1118768e-01   9.7139639e-02   0.0000000e+00
   7.9389241e-02  -2.4105165e-01  -4.9430010e-02  -1.2769932e-01   1.1003945e-01   0.0000000e+00
   8.8226141e-02  -2.3867970e-01  -5.4453951e-02  -1.4306260e-01   1.2204005e-01   0.0000000e+00
   9.6611566e-02  -2.3551582e-01  -5.8453784e-02  -1.5723837e-01   1.3311426e-01   0.0000000e+00
   1.0458454e-01  -2.3160919e-01  -6.1511172e-02  -1.7023713e-01   1.4327268e-01   0.0000000e+00
   1.1238256e-01  -2.2683467e-01  -6.3728535e-02  -1.8237630e-01   1.5276526e-01   0.0000000e+00
   1.1950405e-01  -2.2157494e-01  -6.5055188e-02  -1.9291750e-01   1.6101545e-01   0.0000000e+00
   1.2601195e-01  -2.1633536e-01  -6.6011538e-02  -2.0252891e-01   1.6854388e-01   0.0000000e+00
   1.3128504e-01  -2.1051582e-01  -6.5495250e-02  -2.0891072e-01   1.7355487e-01   0.0000000e+00
   1.3498903e-01  -2.0436005e-01  -6.3443122e-02  -2.1148956e-01   1.7559814e-01   0.0000000e+00
   1.3739948e-01  -1.9806769e-01  -6.0278369e-02  -2.1120729e-01   1.7540919e-01   0.0000000e+00
   1.3846475e-01  -1.9179349e-01  -5.6078274e-02  -2.0818369e-01   1.7308209e-01   0.0000000e+00
   1.3815252e-01  -1.8554210e-01  -5.0809413e-02  -2.0249286e-01   1.6867678e-01   0.0000000e+00
   1.3637704e-01  -1.7931734e-01  -4.4397118e-02  -1.9415666e-01   1.6221302e-01   0.0000000e+00
   1.3303331e-01  -1.7313250e-01  -3.6769157e-02  -1.8324172e-01   1.5374539e-01   0.0000000e+00
   1.2798935e-01  -1.6698747e-01  -2.7837725e-02  -1.6983533e-01   1.4334385e-01   0.0000000e+00
   1.2108384e-01  -1.6087294e-01  -1.7510915e-02  -1.5405999e-01   1.3110401e-01   0.0000000e+00
   1.1214779e-01  -1.5477153e-01  -5.7258714e-03  -1.3612829e-01   1.1718897e-01   0.0000000e+00
   1.0157555e-01  -1.4895420e-01   6.8817436e-03  -1.1730135e-01   1.0257261e-01   0.0000000e+00
   8.8719318e-02  -1.4305916e-01   2.0924041e-02  -9.6943637e-02   8.6753901e-02   0.0000000e+00
   7.4084092e-02  -1.3732589e-01   3.5635090e-02  -7.6396923e-02   7.0765686e-02   0.0000000e+00
   5.8455445e-02  -1.3196478e-01   5.0134775e-02  -5.6954420e-02   5.5607325e-02   0.0000000e+00
   4.1826187e-02  -1.2686573e-01   6.4381734e-02  -3.8633233e-02   4.1288800e-02   0.0000000e+00
   2.4513219e-02  -1.2207884e-01   7.8041632e-02  -2.1766306e-02   2.8069455e-02   0.0000000e+00
   8.0773633e-03  -1.1795483e-01   8.9978125e-02  -7.5582141e-03   1.6899862e-02   0.0000000e+00
  -7.2916080e-03  -1.1444809e-01   1.0027549e-01   4.3327055e-03   7.5232510e-03   0.0000000e+00
  -2.0499228e-02  -1.1172893e-01   1.0847790e-01   1.3601217e-02   1.9348233e-04   0.0000000e+00
  -3.0778617e-02  -1.0982126e-01   1.1445838e-01   2.0271472e-02  -5.0944013e-03   0.0000000e+00
  -3.8113745e-02  -1.0856981e-01   1.1851608e-01   2.4760777e-02  -8.6599724e-03   0.0000000e+00
  -4.1691181e-02  -1.0789727e-01   1.2044624e-01   2.6830511e-02  -1.0305888e-02   0.0000000e+00
  -4.3029209e-02  -1.0732616e-01   1.2120240e-01   2.7447762e-02  -1.0797546e-02   0.0000000e+00
  -3.7779977e-02  -1.0659592e-01   1.1862359e-01   2.3674382e-02  -7.7995914e-03   0.0000000e+00
  -2.8050377e-02  -1.0612116e-01   1.1354219e-01   1.6764766e-02  -2.3174837e-03   0.0000000e+00
  -1.4130664e-02  -1.0483505e-01   1.0596328e-01   5.9080494e-03   6.2753399e-03   0.0000000e+00
   2.4618357e-03  -1.0236076e-01   9.6490253e-02  -8.5559472e-03   1.7689737e-02   0.0000000e+00
   2.1392351e-02  -9.8346887e-02   8.5143866e-02  -2.7109703e-02   3.2285684e-02   0.0000000e+00
   4.1356690e-02  -9.2759784e-02   7.2617548e-02  -4.9128951e-02   4.9554576e-02   0.0000000e+00
   6.2801706e-02  -8.5179296e-02   5.8604369e-02  -7.5745553e-02   7.0370740e-02   0.0000000e+00
   8.3022079e-02  -7.6453423e-02   4.4950485e-02  -1.0387064e-01   9.2318828e-02   0.0000000e+00
   1.0253470e-01  -6.6457783e-02   3.1458986e-02  -1.3406551e-01   1.1585124e-01   0.0000000e+00
   1.2115038e-01  -5.5317951e-02   1.8389619e-02  -1.6598379e-01   1.4071813e-01   0.0000000e+00
   1.3801027e-01  -4.3705584e-02   6.4685945e-03  -1.9784659e-01   1.6555923e-01   0.0000000e+00
   1.5325834e-01  -3.1863555e-02  -4.3251918e-03  -2.2937775e-01   1.9018354e-01   0.0000000e+00
   1.6696764e-01  -1.9759814e-02  -1.3929393e-02  -2.6036410e-01   2.1445085e-01   0.0000000e+00
   1.7917566e-01  -6.9243901e-03  -2.2205096e-02  -2.9082030e-01   2.3840426e-01   0.0000000e+00
   1.8937153e-01   5.6069837e-03  -2.8863996e-02  -3.1880031e-01   2.6052067e-01   0.0000000e+00
   1.9773616e-01   1.7642910e-02  -3.4073831e-02  -3.4407191e-01   2.8060930e-01   0.0000000e+00
   2.0441253e-01   2.9101513e-02  -3.7967108e-02  -3.6646921e-01   2.9852410e-01   0.0000000e+00
   2.0952111e-01   3.9952500e-02  -4.0660958e-02  -3.8588903e-01   3.1416266e-01   0.0000000e+00
   2.1293967e-01   4.9514552e-02  -4.2165537e-02  -4.0121637e-01   3.2659500e-01   0.0000000e+00
   2.1506329e-01   5.8481280e-02  -4.2724196e-02  -4.1364324e-01   3.3675701e-01   0.0000000e+00
   2.1586737e-01   6.6294350e-02  -4.2398328e-02  -4.2247882e-01   3.4405789e-01   0.0000000e+00
   2.1544483e-01   7.3961653e-02  -4.1144431e-02  -4.2877221e-01   3.4934975e-01   0.0000000e+00
   2.1416978e-01   8.0171838e-02  -3.9430850e-02  -4.3207282e-01   3.5221416e-01   0.0000000e+00
   2.1224083e-01   8.6150029e-02  -3.7283606e-02  -4.3398308e-01   3.5396848e-01   0.0000000e+00
   2.0819341e-01   8.9866301e-02  -3.3559710e-02  -4.2938370e-01   3.5045876e-01   0.0000000e+00
   2.0231720e-01   9.1798586e-02  -2.8412220e-02  -4.1958528e-01   3.4276827e-01   0.0000000e+00
   1.9513445e-01   9.1946563e-02  -2.2225139e-02  -4.0591148e-01   3.3197999e-01   0.0000000e+00
   1.8665135e-01   9.0332448e-02  -1.4944254e-02  -3.8867790e-01   3.1837861e-01   0.0000000e+00
   1.7677039e-01   8.6855975e-02  -6.4426578e-03  -3.6794133e-01   3.0204034e-01   0.0000000e+00
   1.6539794e-01   8.1370413e-02   3.3852151e-03  -3.4379341e-01   2.8306532e-01   0.0000000e+00
   1.5318105e-01   7.4180990e-02   1.3976554e-02  -3.1793677e-01   2.6280774e-01   0.0000000e+00
   1.3934352e-01   6.4804826e-02   2.5970622e-02  -2.8907113e-01   2.4025647e-01   0.0000000e+00
   1.2460134e-01   5.3686954e-02   3.8681274e-02  -2.5903487e-01   2.1684667e-01   0.0000000e+00
   1.0895327e-01   4.0858113e-02   5.2016469e-02  -2.2811261e-01   1.9278728e-01   0.0000000e+00
   9.2373563e-02   2.6304850e-02   6.5875888e-02  -1.9652608e-01   1.6823341e-01   0.0000000e+00
   7.4766227e-02   9.9159587e-03   8.0180545e-02  -1.6436734e-01   1.4323620e-01   0.0000000e+00
   5.7055175e-02  -7.4415082e-03   9.4019583e-02  -1.3349150e-01   1.1921714e-01   0.0000000e+00
   3.8760421e-02  -2.6225054e-02   1.0759810e-01  -1.0317556e-01   9.5596425e-02   0.0000000e+00
   2.2109373e-02  -4.4087572e-02   1.1919442e-01  -7.6976939e-02   7.5139629e-02   0.0000000e+00
   6.3854862e-03  -6.1658159e-02   1.2935164e-01  -5.3470079e-02   5.6739592e-02   0.0000000e+00
  -8.1954441e-03  -7.8652467e-02   1.3795901e-01  -3.2741674e-02   4.0471931e-02   0.0000000e+00
  -2.0554999e-02  -9.3699120e-02   1.4453532e-01  -1.5976663e-02   2.7281557e-02   0.0000000e+00
  -3.0104086e-02  -1.0586789e-01   1.4908309e-01  -3.5103279e-03   1.7452218e-02   0.0000000e+00
  -3.6918753e-02  -1.1496753e-01   1.5199223e-01   5.1520660e-03   1.0610990e-02   0.0000000e+00
  -4.0933834e-02  -1.2055362e-01   1.5355247e-01   1.0177870e-02   6.6374942e-03   0.0000000e+00
  -4.2648517e-02  -1.2297595e-01   1.5418262e-01   1.2297530e-02   4.9607110e-03   0.0000000e+00
  -4.2235840e-02  -1.2139738e-01   1.5414283e-01   1.1353757e-02   5.7077002e-03   0.0000000e+00
  -3.7991149e-02  -1.1346054e-01   1.5269522e-01   5.1305191e-03   1.0629511e-02   0.0000000e+00
  -3.2152826e-02  -1.0166726e-01   1.5045191e-01  -4.2593390e-03   1.8048925e-02   0.0000000e+00
  -2.5285641e-02  -8.6334286e-02   1.4735501e-01  -1.6746606e-02   2.7904578e-02   0.0000000e+00
  -1.7728018e-02  -6.7336844e-02   1.4321421e-01  -3.2694942e-02   4.0476104e-02   0.0000000e+00
  -1.0560036e-02  -4.6713012e-02   1.3834951e-01  -5.0615263e-02   5.4584975e-02   0.0000000e+00
  -4.0146542e-03  -2.4749343e-02   1.3279236e-01  -7.0367475e-02   7.0120610e-02   0.0000000e+00
   1.8196920e-03  -1.2130469e-03   1.2647081e-01  -9.2254511e-02   8.7323534e-02   0.0000000e+00
   6.3641618e-03   2.1934626e-02   1.1997092e-01  -1.1443286e-01   1.0475139e-01   0.0000000e+00
   9.6290958e-03   4.4632408e-02   1.1341305e-01  -1.3672625e-01   1.2227508e-01   0.0000000e+00
   1.1554920e-02   6.6456060e-02   1.0703324e-01  -1.5856604e-01   1.3945798e-01   0.0000000e+00
   1.2128822e-02   8.6616150e-02   1.0117469e-01  -1.7897370e-01   1.5553905e-01   0.0000000e+00
   1.1431404e-02   1.0523622e-01   9.5899737e-02  -1.9788048e-01   1.7047042e-01   0.0000000e+00
   9.4943580e-03   1.2226473e-01   9.1312504e-02  -2.1504711e-01   1.8406786e-01   0.0000000e+00
   6.5286428e-03   1.3685643e-01   8.7693915e-02  -2.2946888e-01   1.9553484e-01   0.0000000e+00
   2.4348049e-03   1.4990288e-01   8.4868535e-02  -2.4189156e-01   2.0546222e-01   0.0000000e+00
  -2.5002395e-03   1.6066988e-01   8.3031284e-02  -2.5150839e-01   2.1320239e-01   0.0000000e+00
  -8.1610822e-03   1.6930893e-01   8.2138617e-02  -2.5843346e-01   2.1883861e-01   0.0000000e+00
  -1.4471894e-02   1.7595462e-01   8.2152907e-02  -2.6278331e-01   2.2245750e-01   0.0000000e+00
  -2.1405281e-02   1.8069907e-01   8.3059932e-02  -2.6463326e-01   2.2411516e-01   0.0000000e+00
  -2.8394666e-02   1.8342230e-01   8.4711464e-02  -2.6412317e-01   2.2390483e-01   0.0000000e+00
  -3.6238208e-02   1.8450740e-01   8.7285384e-02  -2.6128420e-01   2.2187256e-01   0.0000000e+00
  -4.3758553e-02   1.8403592e-01   9.0304541e-02  -2.5685939e-01   2.1857432e-01   0.0000000e+00
  -5.1517860e-02   1.8290347e-01   9.3599765e-02  -2.5167958e-01   2.1468278e-01   0.0000000e+00
  -5.9018560e-02   1.7899150e-01   9.7953720e-02  -2.4338566e-01   2.0832250e-01   0.0000000e+00
  -6.6759772e-02   1.7252437e-01   1.0344395e-01  -2.3210745e-01   1.9961147e-01   0.0000000e+00
  -7.4076296e-02   1.6424769e-01   1.0950386e-01  -2.1914287e-01   1.8956037e-01   0.0000000e+00
  -8.0813581e-02   1.5424751e-01   1.1603626e-01  -2.0473109e-01   1.7835633e-01   0.0000000e+00
  -8.6906757e-02   1.4249164e-01   1.2301311e-01  -1.8894413e-01   1.6605630e-01   0.0000000e+00
  -9.2269942e-02   1.2886149e-01   1.3041865e-01  -1.7178682e-01   1.5266332e-01   0.0000000e+00
  -9.6760775e-02   1.1325894e-01   1.3818536e-01  -1.5333916e-01   1.3823800e-01   0.0000000e+00
  -1.0004482e-01   9.6606832e-02   1.4575923e-01  -1.3482745e-01   1.2373866e-01   0.0000000e+00
  -1.0221713e-01   7.7908265e-02   1.5345690e-01  -1.1531703e-01   1.0843195e-01   0.0000000e+00
  -1.0303272e-01   5.8292715e-02   1.6064262e-01  -9.6183293e-02   9.3395654e-02   0.0000000e+00
  -1.0239839e-01   3.6655096e-02   1.6749454e-01  -7.6588767e-02   7.7970797e-02   0.0000000e+00
  -1.0032079e-01   1.5291397e-02   1.7309068e-01  -5.8781913e-02   6.3929147e-02   0.0000000e+00
  -9.6664491e-02  -7.0703308e-03   1.7758878e-01  -4.1823738e-02   5.0534609e-02   0.0000000e+00
  -9.1751080e-02  -2.8433081e-02   1.8043143e-01  -2.7326628e-02   3.9066236e-02   0.0000000e+00
  -8.5404456e-02  -4.9716449e-02   1.8164310e-01  -1.4702788e-02   2.9065891e-02   0.0000000e+00
  -7.8168988e-02  -6.9252073e-02   1.8109102e-01  -4.9340435e-03   2.1317613e-02   0.0000000e+00
  -7.0579704e-02  -8.6260623e-02   1.7906134e-01   1.8985473e-03   1.5891714e-02   0.0000000e+00
  -6.3026872e-02  -1.0060793e-01   1.7598844e-01   6.1901842e-03   1.2478430e-02   0.0000000e+00
  -5.6201043e-02  -1.1176956e-01   1.7253123e-01   8.3618653e-03   1.0745984e-02   0.0000000e+00
  -5.0396443e-02  -1.2000748e-01   1.6920321e-01   9.1008515e-03   1.0150100e-02   0.0000000e+00
  -4.6176805e-02  -1.2521421e-01   1.6661992e-01   9.0250649e-03   1.0202106e-02   0.0000000e+00
  -4.3907916e-02  -1.2758386e-01   1.6520470e-01   8.7164255e-03   1.0442022e-02   0.0000000e+00
  -4.3017830e-02  -1.2812091e-01   1.6468056e-01   8.4131698e-03   1.0680367e-02   0.0000000e+00
  -4.7029258e-02  -1.2425762e-01   1.6714731e-01   9.0983590e-03   1.0145802e-02   0.0000000e+00
  -5.4472589e-02  -1.1800866e-01   1.7135500e-01   1.0443322e-02   9.0939571e-03   0.0000000e+00
  -6.4747731e-02  -1.1006444e-01   1.7657700e-01   1.1988807e-02   7.8853639e-03   0.0000000e+00
  -7.7745522e-02  -1.0072240e-01   1.8234357e-01   1.3365121e-02   6.8111122e-03   0.0000000e+00
  -9.2704483e-02  -9.0703204e-02   1.8795587e-01   1.4193128e-02   6.1701702e-03   0.0000000e+00
  -1.0948660e-01  -8.0229149e-02   1.9308955e-01   1.4253868e-02   6.1365390e-03   0.0000000e+00
  -1.2706537e-01  -7.0081832e-02   1.9729046e-01   1.3485468e-02   6.7596568e-03   0.0000000e+00
  -1.4541546e-01  -6.0381301e-02   2.0053112e-01   1.1935789e-02   8.0029289e-03   0.0000000e+00
  -1.6369878e-01  -5.1678397e-02   2.0272884e-01   9.8077614e-03   9.7058352e-03   0.0000000e+00
  -1.8187363e-01  -4.4102874e-02   2.0402121e-01   7.3133103e-03   1.1700934e-02   0.0000000e+00
  -1.9875060e-01  -3.8176466e-02   2.0453361e-01   4.8455381e-03   1.3675520e-02   0.0000000e+00
  -2.1470514e-01  -3.3734722e-02   2.0450439e-01   2.5661285e-03   1.5501587e-02   0.0000000e+00
  -2.2972820e-01  -3.0799129e-02   2.0410644e-01   6.6378940e-04   1.7029277e-02   0.0000000e+00
  -2.4298796e-01  -2.9445847e-02   2.0352886e-01  -6.2623947e-04   1.8070626e-02   0.0000000e+00
  -2.5544623e-01  -2.9504935e-02   2.0286000e-01  -1.2969869e-03   1.8621109e-02   0.0000000e+00
  -2.6635655e-01  -3.0914768e-02   2.0223329e-01  -1.2383044e-03   1.8591980e-02   0.0000000e+00
  -2.7580615e-01  -3.3502857e-02   2.0171655e-01  -4.6468145e-04   1.7994527e-02   0.0000000e+00
  -2.8392843e-01  -3.7115807e-02   2.0134440e-01   9.8389472e-04   1.6860383e-02   0.0000000e+00
  -2.9083174e-01  -4.1639923e-02   2.0113620e-01   3.0709214e-03   1.5218463e-02   0.0000000e+00
  -2.9659494e-01  -4.7003935e-02   2.0110402e-01   5.7731918e-03   1.3087174e-02   0.0000000e+00
  -3.0142234e-01  -5.3366348e-02   2.0125607e-01   9.1800253e-03   1.0396003e-02   0.0000000e+00
  -3.0499578e-01  -6.0111308e-02   2.0156352e-01   1.2945950e-02   7.4180772e-03   0.0000000e+00
  -3.0831196e-01  -6.8049606e-02   2.0193046e-01   1.7383023e-02   3.9070164e-03   0.0000000e+00
  -3.0952648e-01  -7.5636424e-02   2.0255837e-01   2.1913584e-02   3.1979669e-04   0.0000000e+00
  -3.0867692e-01  -8.3550387e-02   2.0355389e-01   2.6991178e-02  -3.7019582e-03   0.0000000e+00
  -3.0618915e-01  -9.2322087e-02   2.0483481e-01   3.2794775e-02  -8.2994416e-03   0.0000000e+00
  -3.0213666e-01  -1.0104666e-01   2.0625758e-01   3.8709410e-02  -1.2984654e-02   0.0000000e+00
  -2.9650109e-01  -1.0965778e-01   2.0777469e-01   4.4649718e-02  -1.7688790e-02   0.0000000e+00
  -2.8916370e-01  -1.1810465e-01   2.0933670e-01   5.0537429e-02  -2.2348267e-02   0.0000000e+00
  -2.8002817e-01  -1.2626904e-01   2.1085788e-01   5.6224391e-02  -2.6843691e-02   0.0000000e+00
  -2.6896181e-01  -1.3401871e-01   2.1222469e-01   6.1529287e-02  -3.1028797e-02   0.0000000e+00
  -2.5580103e-01  -1.4119828e-01   2.1328342e-01   6.6220720e-02  -3.4716977e-02   0.0000000e+00
  -2.4040758e-01  -1.4762434e-01   2.1382413e-01   6.9998105e-02  -3.7666343e-02   0.0000000e+00
  -2.2350786e-01  -1.5290421e-01   2.1360682e-01   7.2425447e-02  -3.9530870e-02   0.0000000e+00
  -2.0510941e-01  -1.5724702e-01   2.1242157e-01   7.3395206e-02  -4.0224182e-02   0.0000000e+00
  -1.8515347e-01  -1.5982157e-01   2.1013888e-01   7.2348530e-02  -3.9303466e-02   0.0000000e+00
  -1.6453614e-01  -1.6033058e-01   2.0674743e-01   6.9099883e-02  -3.6629467e-02   0.0000000e+00
  -1.4370669e-01  -1.5911600e-01   2.0224957e-01   6.3785769e-02  -3.2318663e-02   0.0000000e+00
  -1.2319980e-01  -1.5635675e-01   1.9678817e-01   5.6596626e-02  -2.6531806e-02   0.0000000e+00
  -1.0350937e-01  -1.5228277e-01   1.9060001e-01   4.7847978e-02  -1.9527978e-02   0.0000000e+00
  -8.5097278e-02  -1.4718307e-01   1.8399618e-01   3.7977975e-02  -1.1660790e-02   0.0000000e+00
  -6.9309925e-02  -1.4173695e-01   1.7772203e-01   2.8141008e-02  -3.8476403e-03   0.0000000e+00
  -5.7042311e-02  -1.3669860e-01   1.7247232e-01   1.9540876e-02   2.9645646e-03   0.0000000e+00
  -4.8739254e-02  -1.3273313e-01   1.6874930e-01   1.3164598e-02   8.0056975e-03   0.0000000e+00
  -4.4581227e-02  -1.3038115e-01   1.6685361e-01   9.7139995e-03   1.0730919e-02   0.0000000e+00
  -4.2898066e-02  -1.2904167e-01   1.6611379e-01   8.1307269e-03   1.1981107e-02   0.0000000e+00
  -4.7670232e-02  -1.3106419e-01   1.6838570e-01   1.1831944e-02   9.0596894e-03   0.0000000e+00
  -5.7020148e-02  -1.3679532e-01   1.7245348e-01   1.9566051e-02   2.9452724e-03   0.0000000e+00
  -6.9651994e-02  -1.4511749e-01   1.7744330e-01   2.9658299e-02  -5.0500521e-03   0.0000000e+00
  -8.4596176e-02  -1.5549135e-01   1.8257630e-01   4.0898447e-02  -1.3977684e-02   0.0000000e+00
  -1.0071360e-01  -1.6721253e-01   1.8710592e-01   5.2079579e-02  -2.2883713e-02   0.0000000e+00
  -1.1798150e-01  -1.8036838e-01   1.9068093e-01   6.2890429e-02  -3.1520228e-02   0.0000000e+00
  -1.3499141e-01  -1.9399400e-01   1.9274479e-01   7.2263827e-02  -3.9029829e-02   0.0000000e+00
  -1.5159873e-01  -2.0807111e-01   1.9314382e-01   8.0072082e-02  -4.5301504e-02   0.0000000e+00
  -1.6650230e-01  -2.2157476e-01   1.9187522e-01   8.5805413e-02  -4.9916105e-02   0.0000000e+00
  -1.7977657e-01  -2.3457901e-01   1.8913518e-01   8.9720591e-02  -5.3071790e-02   0.0000000e+00
  -1.9143590e-01  -2.4715714e-01   1.8508249e-01   9.2016123e-02  -5.4922916e-02   0.0000000e+00
  -2.0091506e-01  -2.5867519e-01   1.8018473e-01   9.2837372e-02  -5.5583546e-02   0.0000000e+00
  -2.0883410e-01  -2.6987325e-01   1.7436448e-01   9.2466262e-02  -5.5279689e-02   0.0000000e+00
  -2.1474050e-01  -2.8012850e-01   1.6814652e-01   9.1115602e-02  -5.4183149e-02   0.0000000e+00
  -2.1878844e-01  -2.8950163e-01   1.6174417e-01   8.9032625e-02  -5.2494176e-02   0.0000000e+00
  -2.2113521e-01  -2.9806684e-01   1.5530645e-01   8.6409355e-02  -5.0368678e-02   0.0000000e+00
  -2.2188040e-01  -3.0584360e-01   1.4897517e-01   8.3408214e-02  -4.7938537e-02   0.0000000e+00
  -2.2113671e-01  -3.1288675e-01   1.4282580e-01   8.0141941e-02  -4.5295446e-02   0.0000000e+00
  -2.1896091e-01  -3.1923917e-01   1.3690417e-01   7.6686464e-02  -4.2501161e-02   0.0000000e+00
  -2.1577996e-01  -3.2436655e-01   1.3181126e-01   7.3465076e-02  -3.9897897e-02   0.0000000e+00
  -2.1141336e-01  -3.2893751e-01   1.2695589e-01   7.0156404e-02  -3.7225907e-02   0.0000000e+00
  -2.0651747e-01  -3.3251373e-01   1.2285423e-01   6.7149399e-02  -3.4799320e-02   0.0000000e+00
  -2.0095840e-01  -3.3566250e-01   1.1893374e-01   6.4074092e-02  -3.2320508e-02   0.0000000e+00
  -1.9528451e-01  -3.3817528e-01   1.1548745e-01   6.1181392e-02  -2.9991761e-02   0.0000000e+00
  -1.8791153e-01  -3.3925219e-01   1.1320284e-01   5.8875086e-02  -2.8131364e-02   0.0000000e+00
  -1.7988114e-01  -3.3921002e-01   1.1182829e-01   5.7041402e-02  -2.6649971e-02   0.0000000e+00
  -1.7139162e-01  -3.3810876e-01   1.1129075e-01   5.5630975e-02  -2.5507916e-02   0.0000000e+00
  -1.6178637e-01  -3.3570184e-01   1.1163276e-01   5.4547526e-02  -2.4626872e-02   0.0000000e+00
  -1.5184559e-01  -3.3195953e-01   1.1294493e-01   5.3893434e-02  -2.4089819e-02   0.0000000e+00
  -1.4162511e-01  -3.2679844e-01   1.1520375e-01   5.3583416e-02  -2.3828754e-02   0.0000000e+00
  -1.3115082e-01  -3.2005359e-01   1.1841662e-01   5.3519252e-02  -2.3765626e-02   0.0000000e+00
  -1.2051937e-01  -3.1157424e-01   1.2254165e-01   5.3548160e-02  -2.3779232e-02   0.0000000e+00
  -1.1043278e-01  -3.0183549e-01   1.2719159e-01   5.3467023e-02  -2.3708669e-02   0.0000000e+00
  -1.0033663e-01  -2.9016437e-01   1.3251193e-01   5.3051691e-02  -2.3375445e-02   0.0000000e+00
  -9.0340472e-02  -2.7635477e-01   1.3835313e-01   5.2003005e-02  -2.2542021e-02   0.0000000e+00
  -8.1031199e-02  -2.6097792e-01   1.4423175e-01   5.0088536e-02  -2.1023692e-02   0.0000000e+00
  -7.2407466e-02  -2.4392913e-01   1.4996418e-01   4.7053508e-02  -1.8617899e-02   0.0000000e+00
  -6.4802179e-02  -2.2586479e-01   1.5515411e-01   4.2836230e-02  -1.5275458e-02   0.0000000e+00
  -5.8630674e-02  -2.0820058e-01   1.5939487e-01   3.7787493e-02  -1.1274536e-02   0.0000000e+00
  -5.3393674e-02  -1.9000607e-01   1.6295104e-01   3.1701606e-02  -6.4525683e-03   0.0000000e+00
  -4.9469028e-02  -1.7317639e-01   1.6556525e-01   2.5344580e-02  -1.4169644e-03   0.0000000e+00
  -4.6719865e-02  -1.5842160e-01   1.6737124e-01   1.9251774e-02   3.4081465e-03   0.0000000e+00
  -4.4920707e-02  -1.4606433e-01   1.6857336e-01   1.3819173e-02   7.7094953e-03   0.0000000e+00
  -4.3954215e-02  -1.3747156e-01   1.6926317e-01   9.8872626e-03   1.0822194e-02   0.0000000e+00
  -4.3504368e-02  -1.3268955e-01   1.6959112e-01   7.6395222e-03   1.2601447e-02   0.0000000e+00
  -4.3333186e-02  -1.3063905e-01   1.6972119e-01   6.6645231e-03   1.3373202e-02   0.0000000e+00
  -4.3230973e-02  -1.3416784e-01   1.6927853e-01   8.0952099e-03   1.2239830e-02   0.0000000e+00
  -4.2778280e-02  -1.4272880e-01   1.6791970e-01   1.1250968e-02   9.7391725e-03   0.0000000e+00
  -4.1417439e-02  -1.5426608e-01   1.6526266e-01   1.4583882e-02   7.0963130e-03   0.0000000e+00
  -3.8801635e-02  -1.6837593e-01   1.6076330e-01   1.7257259e-02   4.9742859e-03   0.0000000e+00
  -3.5019969e-02  -1.8317653e-01   1.5449171e-01   1.8286246e-02   4.1538149e-03   0.0000000e+00
  -2.9996284e-02  -1.9823873e-01   1.4626349e-01   1.7153707e-02   5.0429500e-03   0.0000000e+00
  -2.3344751e-02  -2.1370941e-01   1.3548829e-01   1.3121937e-02   8.2204763e-03   0.0000000e+00
  -1.5790252e-02  -2.2742704e-01   1.2345298e-01   6.3141918e-03   1.3582299e-02   0.0000000e+00
  -7.3572328e-03  -2.3942613e-01   1.1036603e-01  -3.1797607e-03   2.1048477e-02   0.0000000e+00
   2.1207573e-03  -2.4986976e-01   9.6191839e-02  -1.5527863e-02   3.0740723e-02   0.0000000e+00
   1.1724724e-02  -2.5790318e-01   8.2507567e-02  -2.9328977e-02   4.1551757e-02   0.0000000e+00
   2.1944824e-02  -2.6420803e-01   6.8752495e-02  -4.5035244e-02   5.3831316e-02   0.0000000e+00
   3.2159770e-02  -2.6855952e-01   5.5907895e-02  -6.1454483e-02   6.6645572e-02   0.0000000e+00
   4.2285034e-02  -2.7122534e-01   4.4094412e-02  -7.8199436e-02   7.9694530e-02   0.0000000e+00
   5.2903781e-02  -2.7245395e-01   3.2718978e-02  -9.6042935e-02   9.3582639e-02   0.0000000e+00
   6.3262958e-02  -2.7224227e-01   2.2642143e-02  -1.1354714e-01   1.0719431e-01   0.0000000e+00
   7.3257473e-02  -2.7078357e-01   1.3908987e-02  -1.3036065e-01   1.2026161e-01   0.0000000e+00
   8.2807180e-02  -2.6827898e-01   6.4864805e-03  -1.4623798e-01   1.3259845e-01   0.0000000e+00
   9.1887624e-02  -2.6486562e-01   3.1507251e-04  -1.6103230e-01   1.4409456e-01   0.0000000e+00
   1.0051967e-01  -2.6063364e-01  -4.6927687e-03  -1.7470049e-01   1.5471925e-01   0.0000000e+00
   1.0802071e-01  -2.5609952e-01  -8.3022870e-03  -1.8616129e-01   1.6363323e-01   0.0000000e+00
   1.1544298e-01  -2.5072213e-01  -1.1115353e-02  -1.9701453e-01   1.7208159e-01   0.0000000e+00
   1.2195910e-01  -2.4528413e-01  -1.3017328e-02  -2.0620159e-01   1.7923999e-01   0.0000000e+00
   1.2825464e-01  -2.3954667e-01  -1.4543619e-02  -2.1499860e-01   1.8610105e-01   0.0000000e+00
   1.3292819e-01  -2.3333070e-01  -1.3882848e-02  -2.1979558e-01   1.8985913e-01   0.0000000e+00
   1.3615348e-01  -2.2710247e-01  -1.1716163e-02  -2.2149325e-01   1.9121150e-01   0.0000000e+00
   1.3811559e-01  -2.2089414e-01  -8.2973305e-03  -2.2062220e-01   1.9057098e-01   0.0000000e+00
   1.3877243e-01  -2.1478038e-01  -3.6566282e-03  -2.1725788e-01   1.8799726e-01   0.0000000e+00
   1.3805916e-01  -2.0875679e-01   2.2647167e-03  -2.1141586e-01   1.8350484e-01   0.0000000e+00
   1.3569325e-01  -2.0246529e-01   1.0031353e-02  -2.0253211e-01   1.7666215e-01   0.0000000e+00
   1.3156442e-01  -1.9634417e-01   1.9324256e-02  -1.9105723e-01   1.6781924e-01   0.0000000e+00
   1.2552776e-01  -1.9037461e-01   3.0219504e-02  -1.7713098e-01   1.5708677e-01   0.0000000e+00
   1.1789398e-01  -1.8482700e-01   4.2077917e-02  -1.6185321e-01   1.4531358e-01   0.0000000e+00
   1.0817819e-01  -1.7932894e-01   5.5519098e-02  -1.4469482e-01   1.3209067e-01   0.0000000e+00
   9.6820176e-02  -1.7410507e-01   6.9764027e-02  -1.2689324e-01   1.1836824e-01   0.0000000e+00
   8.3103284e-02  -1.6881365e-01   8.5479523e-02  -1.0783004e-01   1.0366382e-01   0.0000000e+00
   6.8380097e-02  -1.6390628e-01   1.0094758e-01  -8.9717370e-02   8.9677938e-02   0.0000000e+00
   5.1880260e-02  -1.5904281e-01   1.1685333e-01  -7.1782999e-02   7.5809511e-02   0.0000000e+00
   3.5200250e-02  -1.5461439e-01   1.3159391e-01  -5.5788075e-02   6.3418412e-02   0.0000000e+00
   1.7986438e-02  -1.5046270e-01   1.4552738e-01  -4.1201941e-02   5.2095324e-02   0.0000000e+00
   1.4009889e-03  -1.4681185e-01   1.5781540e-01  -2.8750257e-02   4.2407724e-02   0.0000000e+00
  -1.3086704e-02  -1.4391998e-01   1.6768444e-01  -1.8996157e-02   3.4802385e-02   0.0000000e+00
  -2.5335842e-02  -1.4171696e-01   1.7542624e-01  -1.1469676e-02   2.8922435e-02   0.0000000e+00
  -3.4544983e-02  -1.4022808e-01   1.8089505e-01  -6.1997465e-03   2.4798657e-02   0.0000000e+00
  -4.0001156e-02  -1.3938129e-01   1.8400032e-01  -3.2381322e-03   2.2478654e-02   0.0000000e+00
  -4.2549587e-02  -1.3887508e-01   1.8542839e-01  -1.9449917e-03   2.1465483e-02   0.0000000e+00
  -4.1019588e-02  -1.3793747e-01   1.8469348e-01  -3.2415293e-03   2.2485682e-02   0.0000000e+00
  -3.3419155e-02  -1.3740427e-01   1.8055504e-01  -8.0676702e-03   2.6271325e-02   0.0000000e+00
  -2.1596730e-02  -1.3636156e-01   1.7382475e-01  -1.6109581e-02   3.2570555e-02   0.0000000e+00
  -6.3090754e-03  -1.3418351e-01   1.6465767e-01  -2.7680206e-02   4.1618075e-02   0.0000000e+00
   1.1488281e-02  -1.3052440e-01   1.5335708e-01  -4.2833138e-02   5.3442236e-02   0.0000000e+00
   3.1627322e-02  -1.2496970e-01   1.3979977e-01  -6.2226956e-02   6.8541875e-02   0.0000000e+00
   5.1799018e-02  -1.1789421e-01   1.2545616e-01  -8.4166468e-02   8.5587654e-02   0.0000000e+00
   7.2562708e-02  -1.0897002e-01   1.0995654e-01  -1.0956898e-01   1.0529012e-01   0.0000000e+00
   9.2993031e-02  -9.8450141e-02   9.4046558e-02  -1.3761188e-01   1.2701585e-01   0.0000000e+00
   1.1278190e-01  -8.6450286e-02   7.8083704e-02  -1.6798030e-01   1.5053566e-01   0.0000000e+00
   1.3060796e-01  -7.3924249e-02   6.3302722e-02  -1.9838558e-01   1.7409894e-01   0.0000000e+00
   1.4673593e-01  -6.1019909e-02   4.9652093e-02  -2.2872446e-01   1.9764810e-01   0.0000000e+00
   1.6126626e-01  -4.8021174e-02   3.7159956e-02  -2.5865629e-01   2.2093879e-01   0.0000000e+00
   1.7425474e-01  -3.4372449e-02   2.5989151e-02  -2.8823195e-01   2.4404276e-01   0.0000000e+00
   1.8517911e-01  -2.0917634e-02   1.6641194e-02  -3.1571143e-01   2.6561285e-01   0.0000000e+00
   1.9422884e-01  -7.9922802e-03   8.9561523e-03  -3.4077211e-01   2.8539011e-01   0.0000000e+00
   2.0157130e-01   4.2959347e-03   2.8008964e-03  -3.6324939e-01   3.0323383e-01   0.0000000e+00
   2.0733866e-01   1.5887744e-02  -1.9382066e-03  -3.8301274e-01   3.1902414e-01   0.0000000e+00
   2.1163541e-01   2.6757887e-02  -5.3585074e-03  -3.9996679e-01   3.3266484e-01   0.0000000e+00
   2.1453173e-01   3.6925390e-02  -7.5291554e-03  -4.1404517e-01   3.4408162e-01   0.0000000e+00
   2.1596746e-01   4.5738238e-02  -8.4320671e-03  -4.2440185e-01   3.5256051e-01   0.0000000e+00
   2.1617383e-01   5.3377527e-02  -8.2737112e-03  -4.3150750e-01   3.5845487e-01   0.0000000e+00
   2.1527090e-01   6.0459907e-02  -7.1432008e-03  -4.3609341e-01   3.6235091e-01   0.0000000e+00
   2.1355819e-01   6.7872662e-02  -5.3487090e-03  -4.3962709e-01   3.6543739e-01   0.0000000e+00
   2.1027032e-01   7.2453820e-02  -2.1171266e-03  -4.3761378e-01   3.6403452e-01   0.0000000e+00
   2.0521960e-01   7.4799518e-02   2.8063649e-03  -4.3033179e-01   3.5839606e-01   0.0000000e+00
   1.9883821e-01   7.5366213e-02   9.0292525e-03  -4.1925911e-01   3.4973130e-01   0.0000000e+00
   1.9120830e-01   7.4196806e-02   1.6503787e-02  -4.0482667e-01   3.3840990e-01   0.0000000e+00
   1.8226773e-01   7.1221415e-02   2.5315805e-02  -3.8714117e-01   3.2454402e-01   0.0000000e+00
   1.7192042e-01   6.6305116e-02   3.5570767e-02  -3.6625330e-01   3.0819982e-01   0.0000000e+00
   1.6006278e-01   5.9283629e-02   4.7359429e-02  -3.4224353e-01   2.8946323e-01   0.0000000e+00
   1.4735300e-01   5.0536059e-02   5.9985260e-02  -3.1676291e-01   2.6963465e-01   0.0000000e+00
   1.3300050e-01   3.9496790e-02   7.4158717e-02  -2.8856442e-01   2.4774777e-01   0.0000000e+00
   1.1772262e-01   2.6676701e-02   8.9064301e-02  -2.5939433e-01   2.2515444e-01   0.0000000e+00
   1.0152520e-01   1.2112750e-02   1.0456783e-01  -2.2954148e-01   2.0206492e-01   0.0000000e+00
   8.4353928e-02  -4.2487176e-03   1.2056367e-01  -1.9916463e-01   1.7858485e-01   0.0000000e+00
   6.6071368e-02  -2.2569358e-02   1.3697531e-01  -1.6830411e-01   1.5472619e-01   0.0000000e+00
   4.8111780e-02  -4.1404568e-02   1.5235062e-01  -1.3948249e-01   1.3242130e-01   0.0000000e+00
   3.0753682e-02  -6.0364893e-02   1.6638077e-01  -1.1304158e-01   1.1192502e-01   0.0000000e+00
   1.4122314e-02  -7.9253610e-02   1.7893258e-01  -8.9009119e-02   9.3256201e-02   0.0000000e+00
  -7.3387450e-04  -9.6779248e-02   1.8929225e-01  -6.8619025e-02   7.7379618e-02   0.0000000e+00
  -1.3706593e-02  -1.1268833e-01   1.9758158e-01  -5.1633831e-02   6.4123281e-02   0.0000000e+00
  -2.4627976e-02  -1.2663911e-01   2.0393051e-01  -3.7912870e-02   5.3391246e-02   0.0000000e+00
  -3.2821870e-02  -1.3756478e-01   2.0825811e-01  -2.7943482e-02   4.5579142e-02   0.0000000e+00
  -3.8471410e-02  -1.4543230e-01   2.1098995e-01  -2.1207221e-02   4.0293107e-02   0.0000000e+00
  -4.1451285e-02  -1.4971176e-01   2.1233764e-01  -1.7698429e-02   3.7537249e-02   0.0000000e+00
  -4.2954240e-02  -1.5182246e-01   2.1299774e-01  -1.5975572e-02   3.6183676e-02   0.0000000e+00
  -4.1492657e-02  -1.4846737e-01   2.1244904e-01  -1.8200089e-02   3.7934635e-02   0.0000000e+00
  -3.6892282e-02  -1.3957598e-01   2.1043444e-01  -2.4683952e-02   4.3031964e-02   0.0000000e+00
  -3.0543786e-02  -1.2620456e-01   2.0729105e-01  -3.4592966e-02   5.0816639e-02   0.0000000e+00
  -2.3567563e-02  -1.0987580e-01   2.0323701e-01  -4.6988726e-02   6.0546752e-02   0.0000000e+00
  -1.5975632e-02  -8.9816611e-02   1.9791175e-01  -6.2696681e-02   7.2865630e-02   0.0000000e+00
  -8.8315847e-03  -6.8106521e-02   1.9174080e-01  -8.0294050e-02   8.6654792e-02   0.0000000e+00
  -2.3330157e-03  -4.4934412e-02   1.8473496e-01  -9.9738463e-02   1.0188201e-01   0.0000000e+00
   3.1263842e-03  -2.1351194e-02   1.7723503e-01  -1.2017986e-01   1.1788586e-01   0.0000000e+00
   7.5081349e-03   2.8352359e-03   1.6924542e-01  -1.4175969e-01   1.3478456e-01   0.0000000e+00
   1.0512386e-02   2.6115974e-02   1.6136133e-01  -1.6304385e-01   1.5146433e-01   0.0000000e+00
   1.2144091e-02   4.8146169e-02   1.5383044e-01  -1.8354634e-01   1.6755356e-01   0.0000000e+00
   1.2446451e-02   6.8642204e-02   1.4686801e-01  -2.0282360e-01   1.8271175e-01   0.0000000e+00
   1.1468735e-02   8.7536258e-02   1.4060516e-01  -2.2062899e-01   1.9675076e-01   0.0000000e+00
   9.2352821e-03   1.0478930e-01   1.3515174e-01  -2.3674900e-01   2.0950639e-01   0.0000000e+00
   5.9680327e-03   1.1947984e-01   1.3086258e-01  -2.5017226e-01   2.2017716e-01   0.0000000e+00
   1.8356954e-03   1.3180964e-01   1.2768734e-01  -2.6099977e-01   2.2883587e-01   0.0000000e+00
  -3.3813571e-03   1.4257101e-01   1.2546314e-01  -2.6982696e-01   2.3595602e-01   0.0000000e+00
  -9.3545879e-03   1.5109670e-01   1.2437064e-01  -2.7601892e-01   2.4102390e-01   0.0000000e+00
  -1.5504076e-02   1.5709432e-01   1.2434259e-01  -2.7947035e-01   2.4393543e-01   0.0000000e+00
  -2.2176080e-02   1.6130288e-01   1.2524176e-01  -2.8076723e-01   2.4516143e-01   0.0000000e+00
  -2.9471524e-02   1.6378035e-01   1.2710203e-01  -2.7991207e-01   2.4470562e-01   0.0000000e+00
  -3.6895622e-02   1.6445937e-01   1.2976632e-01  -2.7707971e-01   2.4269078e-01   0.0000000e+00
  -4.4202753e-02   1.6377329e-01   1.3294646e-01  -2.7288704e-01   2.3959687e-01   0.0000000e+00
  -5.1882939e-02   1.6237956e-01   1.3651283e-01  -2.6787718e-01   2.3586695e-01   0.0000000e+00
  -5.9840730e-02   1.5760525e-01   1.4176106e-01  -2.5908539e-01   2.2916363e-01   0.0000000e+00
  -6.7529731e-02   1.5056225e-01   1.4793414e-01  -2.4809860e-01   2.2072453e-01   0.0000000e+00
  -7.4738526e-02   1.4172731e-01   1.5471465e-01  -2.3560629e-01   2.1108927e-01   0.0000000e+00
  -8.1359711e-02   1.3116632e-01   1.6201972e-01  -2.2178867e-01   2.0039886e-01   0.0000000e+00
  -8.7352664e-02   1.1876187e-01   1.6986360e-01  -2.0661709e-01   1.8863140e-01   0.0000000e+00
  -9.2603403e-02   1.0444305e-01   1.7819316e-01  -1.9016377e-01   1.7584200e-01   0.0000000e+00
  -9.6962250e-02   8.8127771e-02   1.8692354e-01  -1.7252610e-01   1.6210424e-01   0.0000000e+00
  -1.0009393e-01   7.0833311e-02   1.9541059e-01  -1.5492605e-01   1.4836933e-01   0.0000000e+00
  -1.0209887e-01   5.1571825e-02   2.0400497e-01  -1.3650433e-01   1.3396563e-01   0.0000000e+00
  -1.0275848e-01   3.1406816e-02   2.1205781e-01  -1.1845357e-01   1.1982411e-01   0.0000000e+00
  -1.0196765e-01   9.2095328e-03   2.1978367e-01  -9.9985972e-02   1.0532599e-01   0.0000000e+00
  -9.9739451e-02  -1.2697863e-02   2.2617089e-01  -8.3192702e-02   9.2113769e-02   0.0000000e+00
  -9.5911808e-02  -3.5647502e-02   2.3142091e-01  -6.7172412e-02   7.9481340e-02   0.0000000e+00
  -9.0737787e-02  -5.7840777e-02   2.3492461e-01  -5.3310257e-02   6.8524491e-02   0.0000000e+00
  -8.4465955e-02  -7.8689137e-02   2.3659381e-01  -4.1902878e-02   5.9484729e-02   0.0000000e+00
  -7.7224284e-02  -9.8183119e-02   2.3648947e-01  -3.2851303e-02   5.2290190e-02   0.0000000e+00
  -6.9661867e-02  -1.1510970e-01   2.3483669e-01  -2.6488592e-02   4.7212323e-02   0.0000000e+00
  -6.2159807e-02  -1.2933710e-01   2.3207282e-01  -2.2457905e-02   4.3974585e-02   0.0000000e+00
  -5.5419776e-02  -1.4031029e-01   2.2886288e-01  -2.0392127e-02   4.2293219e-02   0.0000000e+00
  -4.9724856e-02  -1.4834817e-01   2.2573267e-01  -1.9642940e-02   4.1658712e-02   0.0000000e+00
  -4.5895562e-02  -1.5304008e-01   2.2346276e-01  -1.9645988e-02   4.1631963e-02   0.0000000e+00
  -4.3658400e-02  -1.5535945e-01   2.2209958e-01  -1.9889625e-02   4.1807298e-02   0.0000000e+00
  -4.3158227e-02  -1.5545311e-01   2.2182007e-01  -2.0125234e-02   4.1989866e-02   0.0000000e+00
  -4.7608882e-02  -1.5126809e-01   2.2447889e-01  -1.9486535e-02   4.1519015e-02   0.0000000e+00
  -5.5314629e-02  -1.4483901e-01   2.2871631e-01  -1.8361503e-02   4.0685453e-02   0.0000000e+00
  -6.5789909e-02  -1.3676964e-01   2.3387481e-01  -1.7123394e-02   3.9777407e-02   0.0000000e+00
  -7.8993453e-02  -1.2730250e-01   2.3951500e-01  -1.6091608e-02   3.9044119e-02   0.0000000e+00
  -9.4113554e-02  -1.1717341e-01   2.4492738e-01  -1.5603014e-02   3.8745054e-02   0.0000000e+00
  -1.1106594e-01  -1.0659752e-01   2.4981406e-01  -1.5829965e-02   3.9015499e-02   0.0000000e+00
  -1.2879184e-01  -9.6345960e-02   2.5373225e-01  -1.6823530e-02   3.9890661e-02   0.0000000e+00
  -1.4706506e-01  -8.6670277e-02   2.5664245e-01  -1.8495065e-02   4.1300442e-02   0.0000000e+00
  -1.6528458e-01  -7.7996646e-02   2.5854064e-01  -2.0649816e-02   4.3089076e-02   0.0000000e+00
  -1.8337958e-01  -7.0460236e-02   2.5956430e-01  -2.3098383e-02   4.5107422e-02   0.0000000e+00
  -2.0017459e-01  -6.4583231e-02   2.5986088e-01  -2.5470876e-02   4.7058479e-02   0.0000000e+00
  -2.1603041e-01  -6.0213086e-02   2.5966611e-01  -2.7620206e-02   4.8828187e-02   0.0000000e+00
  -2.3096474e-01  -5.7368352e-02   2.5915516e-01  -2.9377242e-02   5.0283295e-02   0.0000000e+00
  -2.4415247e-01  -5.6122890e-02   2.5852063e-01  -3.0529973e-02   5.1252818e-02   0.0000000e+00
  -2.5654370e-01  -5.6320984e-02   2.5784586e-01  -3.1070200e-02   5.1734647e-02   0.0000000e+00
  -2.6735449e-01  -5.7897979e-02   2.5726839e-01  -3.0897302e-02   5.1645882e-02   0.0000000e+00
  -2.7674484e-01  -6.0677382e-02   2.5684283e-01  -3.0038364e-02   5.1008664e-02   0.0000000e+00
  -2.8479639e-01  -6.4511229e-02   2.5660482e-01  -2.8525753e-02   4.9848963e-02   0.0000000e+00
  -2.9161240e-01  -6.9284122e-02   2.5657042e-01  -2.6396035e-02   4.8196152e-02   0.0000000e+00
  -2.9735042e-01  -7.4992837e-02   2.5674805e-01  -2.3642758e-02   4.6045845e-02   0.0000000e+00
  -3.0210666e-01  -8.1781642e-02   2.5716149e-01  -2.0178869e-02   4.3329740e-02   0.0000000e+00
  -3.0592600e-01  -8.9737301e-02   2.5780555e-01  -1.5971216e-02   4.0021697e-02   0.0000000e+00
  -3.0881165e-01  -9.7233601e-02   2.5839314e-01  -1.2025894e-02   3.6915739e-02   0.0000000e+00
  -3.0939438e-01  -1.0517472e-01   2.5942830e-01  -7.4643218e-03   3.3315919e-02   0.0000000e+00
  -3.0810599e-01  -1.1373120e-01   2.6082908e-01  -2.2909655e-03   2.9227354e-02   0.0000000e+00
  -3.0528008e-01  -1.2247649e-01   2.6242729e-01   3.1406622e-03   2.4930531e-02   0.0000000e+00
  -3.0093634e-01  -1.3119545e-01   2.6415609e-01   8.6687592e-03   2.0554072e-02   0.0000000e+00
  -2.9503434e-01  -1.3981141e-01   2.6596403e-01   1.4209551e-02   1.6164993e-02   0.0000000e+00
  -2.8744430e-01  -1.4826110e-01   2.6779556e-01   1.9682712e-02   1.1827652e-02   0.0000000e+00
  -2.7806312e-01  -1.5641747e-01   2.6955582e-01   2.4944858e-02   7.6565512e-03   0.0000000e+00
  -2.6675341e-01  -1.6413943e-01   2.7112039e-01   2.9821629e-02   3.7909383e-03   0.0000000e+00
  -2.5334800e-01  -1.7126275e-01   2.7232245e-01   3.4092178e-02   4.0706486e-04   0.0000000e+00
  -2.3770443e-01  -1.7759802e-01   2.7293648e-01   3.7473123e-02  -2.2692572e-03   0.0000000e+00
  -2.2055684e-01  -1.8277159e-01   2.7270652e-01   3.9571376e-02  -3.9260352e-03   0.0000000e+00
  -2.0190293e-01  -1.8695420e-01   2.7142226e-01   4.0273706e-02  -4.4739561e-03   0.0000000e+00
  -1.8166064e-01  -1.8913227e-01   2.6893291e-01   3.8982038e-02  -3.4413392e-03   0.0000000e+00
  -1.6065885e-01  -1.8923757e-01   2.6518458e-01   3.5593901e-02  -7.5200731e-04   0.0000000e+00
  -1.3856994e-01  -1.8743170e-01   2.5997222e-01   2.9953717e-02   3.7105285e-03   0.0000000e+00
  -1.1775949e-01  -1.8404696e-01   2.5389041e-01   2.2713974e-02   9.4232822e-03   0.0000000e+00
  -9.8569742e-02  -1.7949925e-01   2.4728983e-01   1.4354197e-02   1.6003756e-02   0.0000000e+00
  -8.0789467e-02  -1.7401946e-01   2.4033566e-01   5.1073580e-03   2.3266064e-02   0.0000000e+00
  -6.6377872e-02  -1.6859821e-01   2.3411551e-01  -3.5161296e-03   3.0025643e-02   0.0000000e+00
  -5.5266907e-02  -1.6369788e-01   2.2897091e-01  -1.0926768e-02   3.5825929e-02   0.0000000e+00
  -4.7870062e-02  -1.5993695e-01   2.2538656e-01  -1.6300792e-02   4.0028214e-02   0.0000000e+00
  -4.4008753e-02  -1.5758591e-01   2.2348044e-01  -1.9343599e-02   4.2407139e-02   0.0000000e+00
  -4.3178722e-02  -1.5652988e-01   2.2310520e-01  -2.0231322e-02   4.3103235e-02   0.0000000e+00
  -4.8736832e-02  -1.5934916e-01   2.2589645e-01  -1.6078228e-02   3.9858878e-02   0.0000000e+00
  -5.8510586e-02  -1.6562676e-01   2.3046998e-01  -8.5248541e-03   3.3945805e-02   0.0000000e+00
  -7.1493060e-02  -1.7451464e-01   2.3599961e-01   1.1388937e-03   2.6365251e-02   0.0000000e+00
  -8.6746007e-02  -1.8547545e-01   2.4166533e-01   1.1813289e-02   1.7971822e-02   0.0000000e+00
  -1.0316204e-01  -1.9780145e-01   2.4668169e-01   2.2400274e-02   9.6254289e-03   0.0000000e+00
  -1.2085783e-01  -2.1169914e-01   2.5070428e-01   3.2689159e-02   1.4922317e-03   0.0000000e+00
  -1.3760009e-01  -2.2550210e-01   2.5301945e-01   4.1267757e-02  -5.3063338e-03   0.0000000e+00
  -1.5383670e-01  -2.3964055e-01   2.5366195e-01   4.8410081e-02  -1.0979231e-02   0.0000000e+00
  -1.6850916e-01  -2.5327955e-01   2.5261832e-01   5.3742759e-02  -1.5222448e-02   0.0000000e+00
  -1.8157419e-01  -2.6640788e-01   2.5007072e-01   5.7439647e-02  -1.8167814e-02   0.0000000e+00
  -1.9301610e-01  -2.7907959e-01   2.4618043e-01   5.9670682e-02  -1.9946367e-02   0.0000000e+00
  -2.0227633e-01  -2.9065784e-01   2.4140913e-01   6.0558244e-02  -2.0653219e-02   0.0000000e+00
  -2.0995870e-01  -3.0189015e-01   2.3568826e-01   6.0365498e-02  -2.0497229e-02   0.0000000e+00
  -2.1562087e-01  -3.1215428e-01   2.2953729e-01   5.9275328e-02  -1.9624442e-02   0.0000000e+00
  -2.1941428e-01  -3.2151544e-01   2.2317175e-01   5.7509870e-02  -1.8212743e-02   0.0000000e+00
  -2.2149151e-01  -3.3005223e-01   2.1674166e-01   5.5240831e-02  -1.6399965e-02   0.0000000e+00
  -2.2194564e-01  -3.3778635e-01   2.1039010e-01   5.2612250e-02  -1.4301808e-02   0.0000000e+00
  -2.2103028e-01  -3.4420403e-01   2.0471590e-01   4.9978618e-02  -1.2201595e-02   0.0000000e+00
  -2.1891936e-01  -3.4991452e-01   1.9931915e-01   4.7236899e-02  -1.0017307e-02   0.0000000e+00
  -2.1558215e-01  -3.5510294e-01   1.9406998e-01   4.4344653e-02  -7.7155516e-03   0.0000000e+00
  -2.1504179e-01  -3.5575287e-01   1.9338420e-01   4.3949448e-02  -7.4012349e-03   0.0000000e+00
