   0.0000000e+00   0.0000000e+00   0.0000000e+00   0.0000000e+00   0.0000000e+00   0.0000000e+00
   2.6603121e-01  -2.0583118e+00   4.9259346e+00  -1.1739413e+00  -1.0135472e+00   0.0000000e+00
   2.4295552e-01  -2.0572962e+00   4.9314544e+00  -1.1743429e+00  -1.0114140e+00   0.0000000e+00
   2.1905213e-01  -2.0567226e+00   4.9356399e+00  -1.1746923e+00  -1.0091733e+00   0.0000000e+00
   1.9399595e-01  -2.0571709e+00   4.9396162e+00  -1.1752332e+00  -1.0067676e+00   0.0000000e+00
   1.6923706e-01  -2.0587067e+00   4.9437239e+00  -1.1760172e+00  -1.0043349e+00   0.0000000e+00
   1.4445445e-01  -2.0612761e+00   4.9488967e+00  -1.1771400e+00  -1.0018535e+00   0.0000000e+00
   1.2163452e-01  -2.0647558e+00   4.9523286e+00  -1.1782552e+00  -9.9950700e-01   0.0000000e+00
   1.0175074e-01  -2.0686343e+00   4.9546601e+00  -1.1793271e+00  -9.9741851e-01   0.0000000e+00
   8.4957834e-02  -2.0725238e+00   4.9563039e+00  -1.1803216e+00  -9.9562432e-01   0.0000000e+00
   7.2847550e-02  -2.0757030e+00   4.9571438e+00  -1.1810760e+00  -9.9431124e-01   0.0000000e+00
   6.5030370e-02  -2.0779541e+00   4.9572881e+00  -1.1815584e+00  -9.9345201e-01   0.0000000e+00
   6.1667344e-02  -2.0790100e+00   4.9569386e+00  -1.1817370e+00  -9.9307552e-01   0.0000000e+00
   6.1408391e-02  -2.0792205e+00   4.9557803e+00  -1.1816493e+00  -9.9303265e-01   0.0000000e+00
   6.9081982e-02  -2.0769653e+00   4.9557688e+00  -1.1811818e+00  -9.9387858e-01   0.0000000e+00
   8.1652138e-02  -2.0733037e+00   4.9581184e+00  -1.1806918e+00  -9.9527863e-01   0.0000000e+00
   9.7294113e-02  -2.0690730e+00   4.9629928e+00  -1.1803770e+00  -9.9701634e-01   0.0000000e+00
   1.1557167e-01  -2.0646774e+00   4.9711590e+00  -1.1804243e+00  -9.9903058e-01   0.0000000e+00
   1.3532575e-01  -2.0606837e+00   4.9830103e+00  -1.1810255e+00  -1.0011771e+00   0.0000000e+00
   1.5575927e-01  -2.0574967e+00   4.9988256e+00  -1.1823418e+00  -1.0033504e+00   0.0000000e+00
   1.7603161e-01  -2.0554345e+00   5.0186358e+00  -1.1845034e+00  -1.0054412e+00   0.0000000e+00
   1.9547818e-01  -2.0546842e+00   5.0422286e+00  -1.1875954e+00  -1.0073618e+00   0.0000000e+00
   2.1311270e-01  -2.0552894e+00   5.0685771e+00  -1.1915613e+00  -1.0090013e+00   0.0000000e+00
   2.2891276e-01  -2.0571807e+00   5.0975962e+00  -1.1964488e+00  -1.0103499e+00   0.0000000e+00
   2.4214314e-01  -2.0601171e+00   5.1275708e+00  -1.2020012e+00  -1.0113455e+00   0.0000000e+00
   2.5303328e-01  -2.0639133e+00   5.1583063e+00  -1.2081839e+00  -1.0120171e+00   0.0000000e+00
   2.6175843e-01  -2.0684450e+00   5.1897833e+00  -1.2150042e+00  -1.0123845e+00   0.0000000e+00
   2.6808713e-01  -2.0733257e+00   5.2202281e+00  -1.2220588e+00  -1.0124599e+00   0.0000000e+00
   2.7237017e-01  -2.0784296e+00   5.2496676e+00  -1.2293054e+00  -1.0122884e+00   0.0000000e+00
   2.7490110e-01  -2.0836918e+00   5.2782331e+00  -1.2367391e+00  -1.0119044e+00   0.0000000e+00
   2.7618959e-01  -2.0890383e+00   5.3057391e+00  -1.2442843e+00  -1.0113670e+00   0.0000000e+00
   2.7649449e-01  -2.0939929e+00   5.3301135e+00  -1.2512973e+00  -1.0107637e+00   0.0000000e+00
   2.7391737e-01  -2.0986033e+00   5.3527629e+00  -1.2580539e+00  -1.0099007e+00   0.0000000e+00
   2.6995875e-01  -2.1025855e+00   5.3720718e+00  -1.2640149e+00  -1.0089718e+00   0.0000000e+00
   2.6459911e-01  -2.1062277e+00   5.3895508e+00  -1.2695743e+00  -1.0079418e+00   0.0000000e+00
   2.5825992e-01  -2.1092436e+00   5.4039438e+00  -1.2742689e+00  -1.0068965e+00   0.0000000e+00
   2.5057174e-01  -2.1117590e+00   5.4159529e+00  -1.2782647e+00  -1.0057872e+00   0.0000000e+00
   2.4213091e-01  -2.1135250e+00   5.4244589e+00  -1.2811345e+00  -1.0047122e+00   0.0000000e+00
   2.3302711e-01  -2.1145927e+00   5.4297013e+00  -1.2829154e+00  -1.0036772e+00   0.0000000e+00
   2.2333150e-01  -2.1151810e+00   5.4325534e+00  -1.2838918e+00  -1.0026609e+00   0.0000000e+00
   2.1307537e-01  -2.1155122e+00   5.4338608e+00  -1.2843577e+00  -1.0016369e+00   0.0000000e+00
   2.0140967e-01  -2.1138576e+00   5.4264589e+00  -1.2817971e+00  -1.0007686e+00   0.0000000e+00
   1.9001546e-01  -2.1111937e+00   5.4141372e+00  -1.2776282e+00  -1.0000746e+00   0.0000000e+00
   1.7746593e-01  -2.1073785e+00   5.3957365e+00  -1.2716001e+00  -9.9943564e-01   0.0000000e+00
   1.6488038e-01  -2.1028264e+00   5.3725974e+00  -1.2643350e+00  -9.9889151e-01   0.0000000e+00
   1.5220991e-01  -2.0977019e+00   5.3447665e+00  -1.2560395e+00  -9.9840706e-01   0.0000000e+00
   1.3945801e-01  -2.0922110e+00   5.3122657e+00  -1.2469379e+00  -9.9794707e-01   0.0000000e+00
   1.2737741e-01  -2.0869274e+00   5.2773049e+00  -1.2378242e+00  -9.9750110e-01   0.0000000e+00
   1.1596186e-01  -2.0820976e+00   5.2403953e+00  -1.2289364e+00  -9.9703675e-01   0.0000000e+00
   1.0525780e-01  -2.0779485e+00   5.2019748e+00  -1.2204595e+00  -9.9653255e-01   0.0000000e+00
   9.5375391e-02  -2.0747103e+00   5.1626480e+00  -1.2125794e+00  -9.9597626e-01   0.0000000e+00
   8.6316546e-02  -2.0725607e+00   5.1225248e+00  -1.2053539e+00  -9.9535480e-01   0.0000000e+00
   7.8883144e-02  -2.0717145e+00   5.0856143e+00  -1.1994241e+00  -9.9473065e-01   0.0000000e+00
   7.2764077e-02  -2.0719961e+00   5.0510761e+00  -1.1944931e+00  -9.9410343e-01   0.0000000e+00
   6.8232541e-02  -2.0731335e+00   5.0215136e+00  -1.1907464e+00  -9.9353700e-01   0.0000000e+00
   6.4975435e-02  -2.0747976e+00   4.9963373e+00  -1.1879001e+00  -9.9304010e-01   0.0000000e+00
   6.2930974e-02  -2.0765163e+00   4.9771504e+00  -1.1859433e+00  -9.9265808e-01   0.0000000e+00
   6.1810656e-02  -2.0778720e+00   4.9645082e+00  -1.1847550e+00  -9.9240632e-01   0.0000000e+00
   6.1267748e-02  -2.0786404e+00   4.9581380e+00  -1.1841900e+00  -9.9227410e-01   0.0000000e+00
   6.1118813e-02  -2.0788941e+00   4.9560823e+00  -1.1840112e+00  -9.9223320e-01   0.0000000e+00
   6.1121968e-02  -2.0780931e+00   4.9643704e+00  -1.1847849e+00  -9.9232867e-01   0.0000000e+00
   6.0490611e-02  -2.0769551e+00   4.9811448e+00  -1.1865066e+00  -9.9242631e-01   0.0000000e+00
   5.8577952e-02  -2.0762542e+00   5.0049242e+00  -1.1892672e+00  -9.9239793e-01   0.0000000e+00
   5.5087539e-02  -2.0765941e+00   5.0361428e+00  -1.1933936e+00  -9.9216145e-01   0.0000000e+00
   4.9956472e-02  -2.0785662e+00   5.0735826e+00  -1.1990436e+00  -9.9164524e-01   0.0000000e+00
   4.3391119e-02  -2.0824519e+00   5.1150782e+00  -1.2061637e+00  -9.9082193e-01   0.0000000e+00
   3.5304372e-02  -2.0885318e+00   5.1608512e+00  -1.2150442e+00  -9.8964198e-01   0.0000000e+00
   2.6104538e-02  -2.0966119e+00   5.2085056e+00  -1.2254320e+00  -9.8813699e-01   0.0000000e+00
   1.5619464e-02  -2.1068423e+00   5.2586785e+00  -1.2376506e+00  -9.8626221e-01   0.0000000e+00
   4.4110717e-03  -2.1186211e+00   5.3086702e+00  -1.2511741e+00  -9.8411048e-01   0.0000000e+00
  -7.3801034e-03  -2.1316338e+00   5.3578401e+00  -1.2658512e+00  -9.8172060e-01   0.0000000e+00
  -1.9748555e-02  -2.1456680e+00   5.4059277e+00  -1.2816065e+00  -9.7911502e-01   0.0000000e+00
  -3.1909973e-02  -2.1595968e+00   5.4498245e+00  -1.2972870e+00  -9.7649343e-01   0.0000000e+00
  -4.3778178e-02  -2.1730884e+00   5.4893473e+00  -1.3125541e+00  -9.7391637e-01   0.0000000e+00
  -5.5279099e-02  -2.1858657e+00   5.5243364e+00  -1.3270648e+00  -9.7143835e-01   0.0000000e+00
  -6.7160026e-02  -2.1985479e+00   5.5567545e+00  -1.3414390e+00  -9.6893845e-01   0.0000000e+00
  -7.8110346e-02  -2.2095847e+00   5.5829435e+00  -1.3538003e+00  -9.6672412e-01   0.0000000e+00
  -8.8439344e-02  -2.2192827e+00   5.6041403e+00  -1.3643937e+00  -9.6474138e-01   0.0000000e+00
  -9.8243073e-02  -2.2278593e+00   5.6213098e+00  -1.3734414e+00  -9.6295814e-01   0.0000000e+00
  -1.0749490e-01  -2.2359060e+00   5.6367864e+00  -1.3818891e+00  -9.6129510e-01   0.0000000e+00
  -1.1614440e-01  -2.2411534e+00   5.6427876e+00  -1.3859035e+00  -9.6006501e-01   0.0000000e+00
  -1.2398931e-01  -2.2440969e+00   5.6414787e+00  -1.3863562e+00  -9.5920635e-01   0.0000000e+00
  -1.3078265e-01  -2.2450955e+00   5.6345234e+00  -1.3840320e+00  -9.5867583e-01   0.0000000e+00
  -1.3649472e-01  -2.2443540e+00   5.6226717e+00  -1.3793805e+00  -9.5843837e-01   0.0000000e+00
  -1.4143896e-01  -2.2418050e+00   5.6050416e+00  -1.3722143e+00  -9.5847393e-01   0.0000000e+00
  -1.4512798e-01  -2.2376490e+00   5.5829705e+00  -1.3632814e+00  -9.5877388e-01   0.0000000e+00
  -1.4757066e-01  -2.2320988e+00   5.5570121e+00  -1.3530280e+00  -9.5929989e-01   0.0000000e+00
  -1.4891651e-01  -2.2255030e+00   5.5279490e+00  -1.3419804e+00  -9.5999069e-01   0.0000000e+00
  -1.4983831e-01  -2.2186311e+00   5.4972373e+00  -1.3309192e+00  -9.6070811e-01   0.0000000e+00
  -1.4779837e-01  -2.2091237e+00   5.4597519e+00  -1.3178668e+00  -9.6186084e-01   0.0000000e+00
  -1.4324562e-01  -2.1981504e+00   5.4187151e+00  -1.3043062e+00  -9.6327862e-01   0.0000000e+00
  -1.3647752e-01  -2.1863295e+00   5.3754821e+00  -1.2908683e+00  -9.6487206e-01   0.0000000e+00
  -1.2707085e-01  -2.1734761e+00   5.3290446e+00  -1.2773568e+00  -9.6668387e-01   0.0000000e+00
  -1.1535559e-01  -2.1604828e+00   5.2822932e+00  -1.2646660e+00  -9.6861327e-01   0.0000000e+00
  -1.0117409e-01  -2.1474480e+00   5.2352584e+00  -1.2527694e+00  -9.7067382e-01   0.0000000e+00
  -8.5285682e-02  -2.1351851e+00   5.1905850e+00  -1.2422377e+00  -9.7276195e-01   0.0000000e+00
  -6.7715314e-02  -2.1237002e+00   5.1481041e+00  -1.2328850e+00  -9.7489413e-01   0.0000000e+00
  -4.8336985e-02  -2.1129569e+00   5.1075152e+00  -1.2245298e+00  -9.7709956e-01   0.0000000e+00
  -2.7648635e-02  -2.1032505e+00   5.0698493e+00  -1.2172691e+00  -9.7933664e-01   0.0000000e+00
  -7.6403868e-03  -2.0952814e+00   5.0379970e+00  -1.2114902e+00  -9.8141862e-01   0.0000000e+00
   1.1495108e-02  -2.0887603e+00   5.0111158e+00  -1.2068671e+00  -9.8335566e-01   0.0000000e+00
   2.8027143e-02  -2.0838764e+00   4.9904372e+00  -1.2034647e+00  -9.8499811e-01   0.0000000e+00
   4.1882977e-02  -2.0802561e+00   4.9748068e+00  -1.2009783e+00  -9.8635846e-01   0.0000000e+00
   5.2163103e-02  -2.0778225e+00   4.9641660e+00  -1.1993260e+00  -9.8736058e-01   0.0000000e+00
   5.8110541e-02  -2.0765147e+00   4.9582826e+00  -1.1984318e+00  -9.8793692e-01   0.0000000e+00
   6.0858139e-02  -2.0759458e+00   4.9555219e+00  -1.1980241e+00  -9.8820083e-01   0.0000000e+00
   5.8339008e-02  -2.0766788e+00   4.9559498e+00  -1.1982180e+00  -9.8792931e-01   0.0000000e+00
   4.8722121e-02  -2.0790899e+00   4.9625658e+00  -1.1994104e+00  -9.8695784e-01   0.0000000e+00
   3.4042983e-02  -2.0831188e+00   4.9729892e+00  -1.2013557e+00  -9.8546119e-01   0.0000000e+00
   1.5154961e-02  -2.0889720e+00   4.9864178e+00  -1.2040329e+00  -9.8350388e-01   0.0000000e+00
  -6.8311311e-03  -2.0967147e+00   5.0022108e+00  -1.2074091e+00  -9.8118410e-01   0.0000000e+00
  -3.0553354e-02  -2.1061783e+00   5.0196141e+00  -1.2113863e+00  -9.7863455e-01   0.0000000e+00
  -5.4722072e-02  -2.1169989e+00   5.0380426e+00  -1.2158381e+00  -9.7599149e-01   0.0000000e+00
  -7.9408492e-02  -2.1292667e+00   5.0584359e+00  -1.2209184e+00  -9.7325232e-01   0.0000000e+00
  -1.0276005e-01  -2.1421689e+00   5.0764088e+00  -1.2259132e+00  -9.7059638e-01   0.0000000e+00
  -1.2494148e-01  -2.1555944e+00   5.0926875e+00  -1.2308654e+00  -9.6802187e-01   0.0000000e+00
  -1.4523815e-01  -2.1689109e+00   5.1070030e+00  -1.2355870e+00  -9.6562362e-01   0.0000000e+00
  -1.6381099e-01  -2.1820193e+00   5.1192818e+00  -1.2400275e+00  -9.6339011e-01   0.0000000e+00
  -1.8071188e-01  -2.1947877e+00   5.1293090e+00  -1.2441115e+00  -9.6131993e-01   0.0000000e+00
  -1.9515632e-01  -2.2064216e+00   5.1364380e+00  -1.2475649e+00  -9.5951465e-01   0.0000000e+00
  -2.0736344e-01  -2.2168756e+00   5.1407499e+00  -1.2503776e+00  -9.5795315e-01   0.0000000e+00
  -2.1751358e-01  -2.2261317e+00   5.1423224e+00  -1.2525513e+00  -9.5661642e-01   0.0000000e+00
  -2.2576394e-01  -2.2342035e+00   5.1412217e+00  -1.2540998e+00  -9.5548583e-01   0.0000000e+00
  -2.3183089e-01  -2.2406650e+00   5.1378257e+00  -1.2549929e+00  -9.5460588e-01   0.0000000e+00
  -2.3640016e-01  -2.2461363e+00   5.1320803e+00  -1.2553652e+00  -9.5388122e-01   0.0000000e+00
  -2.3928793e-01  -2.2503178e+00   5.1245594e+00  -1.2552450e+00  -9.5334456e-01   0.0000000e+00
  -2.4079365e-01  -2.2533898e+00   5.1159336e+00  -1.2547702e+00  -9.5296559e-01   0.0000000e+00
  -2.4179182e-01  -2.2563027e+00   5.1062980e+00  -1.2541588e+00  -9.5262170e-01   0.0000000e+00
  -2.4075885e-01  -2.2574087e+00   5.0951714e+00  -1.2530248e+00  -9.5251617e-01   0.0000000e+00
  -2.3756181e-01  -2.2567329e+00   5.0817323e+00  -1.2512928e+00  -9.5264638e-01   0.0000000e+00
  -2.3281488e-01  -2.2547979e+00   5.0671034e+00  -1.2492230e+00  -9.5294690e-01   0.0000000e+00
  -2.2662218e-01  -2.2516704e+00   5.0517079e+00  -1.2468893e+00  -9.5341098e-01   0.0000000e+00
  -2.1893717e-01  -2.2473321e+00   5.0356328e+00  -1.2443059e+00  -9.5404521e-01   0.0000000e+00
  -2.0965807e-01  -2.2417173e+00   5.0189800e+00  -1.2414776e+00  -9.5486416e-01   0.0000000e+00
  -1.9941582e-01  -2.2352415e+00   5.0029769e+00  -1.2386116e+00  -9.5581423e-01   0.0000000e+00
  -1.8747768e-01  -2.2274889e+00   4.9866025e+00  -1.2355210e+00  -9.5696577e-01   0.0000000e+00
  -1.7370168e-01  -2.2184919e+00   4.9698262e+00  -1.2322119e+00  -9.5833211e-01   0.0000000e+00
  -1.5884830e-01  -2.2090271e+00   4.9532751e+00  -1.2288932e+00  -9.5982231e-01   0.0000000e+00
  -1.4195266e-01  -2.1975773e+00   4.9386665e+00  -1.2254095e+00  -9.6162751e-01   0.0000000e+00
  -1.2385261e-01  -2.1851444e+00   4.9262163e+00  -1.2219517e+00  -9.6363503e-01   0.0000000e+00
  -1.0448438e-01  -2.1718894e+00   4.9159399e+00  -1.2185345e+00  -9.6584704e-01   0.0000000e+00
  -8.3685880e-02  -2.1578441e+00   4.9081650e+00  -1.2151765e+00  -9.6828529e-01   0.0000000e+00
  -6.2223637e-02  -2.1436803e+00   4.9035586e+00  -1.2120516e+00  -9.7085977e-01   0.0000000e+00
  -4.1335530e-02  -2.1303187e+00   4.9024411e+00  -1.2093610e+00  -9.7341468e-01   0.0000000e+00
  -2.0799331e-02  -2.1177213e+00   4.9045880e+00  -1.2070839e+00  -9.7596315e-01   0.0000000e+00
  -1.4876077e-03  -2.1064314e+00   4.9098224e+00  -1.2053239e+00  -9.7838818e-01   0.0000000e+00
   1.5655871e-02  -2.0969459e+00   4.9173099e+00  -1.2041235e+00  -9.8055775e-01   0.0000000e+00
   3.0646660e-02  -2.0891230e+00   4.9263538e+00  -1.2034084e+00  -9.8246414e-01   0.0000000e+00
   4.2638974e-02  -2.0832186e+00   4.9355694e+00  -1.2031113e+00  -9.8399358e-01   0.0000000e+00
   5.1728870e-02  -2.0789705e+00   4.9440032e+00  -1.2030891e+00  -9.8515532e-01   0.0000000e+00
   5.7577700e-02  -2.0763454e+00   4.9502699e+00  -1.2031912e+00  -9.8590452e-01   0.0000000e+00
   6.0224742e-02  -2.0751942e+00   4.9532938e+00  -1.2032675e+00  -9.8624305e-01   0.0000000e+00
   6.1226217e-02  -2.0748390e+00   4.9537506e+00  -1.2032426e+00  -9.8636011e-01   0.0000000e+00
   5.7306719e-02  -2.0768260e+00   4.9467938e+00  -1.2029365e+00  -9.8581905e-01   0.0000000e+00
   5.0812897e-02  -2.0804362e+00   4.9351642e+00  -1.2025109e+00  -9.8490026e-01   0.0000000e+00
   4.2931487e-02  -2.0855254e+00   4.9201244e+00  -1.2020962e+00  -9.8372995e-01   0.0000000e+00
   3.4127860e-02  -2.0923142e+00   4.9021518e+00  -1.2018157e+00  -9.8233980e-01   0.0000000e+00
   2.5365332e-02  -2.1005561e+00   4.8828426e+00  -1.2017900e+00  -9.8084766e-01   0.0000000e+00
   1.7052503e-02  -2.1102622e+00   4.8627746e+00  -1.2020814e+00  -9.7929693e-01   0.0000000e+00
   9.5577656e-03  -2.1213866e+00   4.8424448e+00  -1.2027233e+00  -9.7773109e-01   0.0000000e+00
   3.5679910e-03  -2.1330618e+00   4.8234013e+00  -1.2036516e+00  -9.7628345e-01   0.0000000e+00
  -8.1419228e-04  -2.1448378e+00   4.8059856e+00  -1.2047810e+00  -9.7499558e-01   0.0000000e+00
  -3.6754068e-03  -2.1565100e+00   4.7900834e+00  -1.2060442e+00  -9.7387131e-01   0.0000000e+00
  -5.2314454e-03  -2.1681548e+00   4.7753548e+00  -1.2074192e+00  -9.7288377e-01   0.0000000e+00
  -6.2022918e-03  -2.1793301e+00   4.7626858e+00  -1.2088549e+00  -9.7200824e-01   0.0000000e+00
  -4.9612073e-03  -2.1897385e+00   4.7504435e+00  -1.2102014e+00  -9.7137709e-01   0.0000000e+00
  -1.5691916e-03  -2.1983842e+00   4.7393547e+00  -1.2113026e+00  -9.7104756e-01   0.0000000e+00
   3.3762146e-03  -2.2060842e+00   4.7288336e+00  -1.2122779e+00  -9.7091475e-01   0.0000000e+00
   9.4015039e-03  -2.2123453e+00   4.7194508e+00  -1.2130551e+00  -9.7097131e-01   0.0000000e+00
   1.6276963e-02  -2.2171945e+00   4.7111159e+00  -1.2136298e+00  -9.7119367e-01   0.0000000e+00
   2.3764010e-02  -2.2207286e+00   4.7037506e+00  -1.2140116e+00  -9.7155429e-01   0.0000000e+00
   3.1905018e-02  -2.2230925e+00   4.6971155e+00  -1.2142149e+00  -9.7204550e-01   0.0000000e+00
   4.0631921e-02  -2.2243083e+00   4.6911750e+00  -1.2142396e+00  -9.7265967e-01   0.0000000e+00
   4.9139098e-02  -2.2244268e+00   4.6863068e+00  -1.2141046e+00  -9.7332905e-01   0.0000000e+00
   5.8193023e-02  -2.2236188e+00   4.6819387e+00  -1.2138202e+00  -9.7410387e-01   0.0000000e+00
   6.7086885e-02  -2.2224599e+00   4.6781156e+00  -1.2134913e+00  -9.7489381e-01   0.0000000e+00
   7.6158014e-02  -2.2199203e+00   4.6752287e+00  -1.2129409e+00  -9.7578585e-01   0.0000000e+00
   8.5274446e-02  -2.2153350e+00   4.6737410e+00  -1.2120594e+00  -9.7680896e-01   0.0000000e+00
   9.3814620e-02  -2.2095817e+00   4.6734899e+00  -1.2110010e+00  -9.7786189e-01   0.0000000e+00
   1.0173856e-01  -2.2027161e+00   4.6745176e+00  -1.2097771e+00  -9.7893916e-01   0.0000000e+00
   1.0888352e-01  -2.1948579e+00   4.6769062e+00  -1.2084132e+00  -9.8002165e-01   0.0000000e+00
   1.1523452e-01  -2.1858918e+00   4.6808768e+00  -1.2068979e+00  -9.8111768e-01   0.0000000e+00
   1.2063815e-01  -2.1758654e+00   4.6866663e+00  -1.2052526e+00  -9.8221508e-01   0.0000000e+00
   1.2469815e-01  -2.1654931e+00   4.6940779e+00  -1.2036089e+00  -9.8323790e-01   0.0000000e+00
   1.2764340e-01  -2.1542021e+00   4.7038147e+00  -1.2018974e+00  -9.8424732e-01   0.0000000e+00
   1.2930488e-01  -2.1428087e+00   4.7155340e+00  -1.2002705e+00  -9.8517934e-01   0.0000000e+00
   1.3036011e-01  -2.1306932e+00   4.7301645e+00  -1.1986720e+00  -9.8614215e-01   0.0000000e+00
   1.2950697e-01  -2.1189244e+00   4.7475272e+00  -1.1973226e+00  -9.8695287e-01   0.0000000e+00
   1.2572928e-01  -2.1079145e+00   4.7680608e+00  -1.1963577e+00  -9.8749722e-01   0.0000000e+00
   1.2028017e-01  -2.0984001e+00   4.7903463e+00  -1.1958755e+00  -9.8782574e-01   0.0000000e+00
   1.1305827e-01  -2.0900522e+00   4.8155006e+00  -1.1959188e+00  -9.8795694e-01   0.0000000e+00
   1.0447525e-01  -2.0834023e+00   4.8423946e+00  -1.1965590e+00  -9.8787811e-01   0.0000000e+00
   9.5243080e-02  -2.0787459e+00   4.8691302e+00  -1.1977375e+00  -9.8761030e-01   0.0000000e+00
   8.6465168e-02  -2.0759883e+00   4.8931725e+00  -1.1992185e+00  -9.8723066e-01   0.0000000e+00
   7.7948513e-02  -2.0745260e+00   4.9153659e+00  -1.2009205e+00  -9.8676792e-01   0.0000000e+00
   7.0677527e-02  -2.0740625e+00   4.9333864e+00  -1.2025335e+00  -9.8630889e-01   0.0000000e+00
   6.5443663e-02  -2.0741341e+00   4.9456082e+00  -1.2037498e+00  -9.8594283e-01   0.0000000e+00
   6.2545698e-02  -2.0743279e+00   4.9518481e+00  -1.2044166e+00  -9.8572463e-01   0.0000000e+00
   6.1146250e-02  -2.0745097e+00   4.9542047e+00  -1.2046927e+00  -9.8560763e-01   0.0000000e+00
   6.4990155e-02  -2.0742045e+00   4.9461982e+00  -1.2038231e+00  -9.8590261e-01   0.0000000e+00
   7.3123267e-02  -2.0735899e+00   4.9315206e+00  -1.2022586e+00  -9.8654317e-01   0.0000000e+00
   8.5082779e-02  -2.0730128e+00   4.9122013e+00  -1.2003246e+00  -9.8748279e-01   0.0000000e+00
   1.0029559e-01  -2.0728157e+00   4.8904417e+00  -1.1983414e+00  -9.8866995e-01   0.0000000e+00
   1.1782086e-01  -2.0732502e+00   4.8685052e+00  -1.1965769e+00  -9.9002913e-01   0.0000000e+00
   1.3745747e-01  -2.0744629e+00   4.8472857e+00  -1.1951280e+00  -9.9154726e-01   0.0000000e+00
   1.5799335e-01  -2.0764261e+00   4.8284173e+00  -1.1940951e+00  -9.9313637e-01   0.0000000e+00
   1.7939952e-01  -2.0790867e+00   4.8120467e+00  -1.1934465e+00  -9.9480271e-01   0.0000000e+00
   2.0125327e-01  -2.0823164e+00   4.7985534e+00  -1.1931547e+00  -9.9652154e-01   0.0000000e+00
   2.2283036e-01  -2.0858606e+00   4.7883280e+00  -1.1931701e+00  -9.9824512e-01   0.0000000e+00
   2.4245820e-01  -2.0892770e+00   4.7816458e+00  -1.1934031e+00  -9.9984208e-01   0.0000000e+00
   2.6185158e-01  -2.0927082e+00   4.7775457e+00  -1.1938069e+00  -1.0014546e+00   0.0000000e+00
   2.7987546e-01  -2.0958385e+00   4.7760540e+00  -1.1943158e+00  -1.0029905e+00   0.0000000e+00
   2.9569158e-01  -2.0984705e+00   4.7766600e+00  -1.1948580e+00  -1.0043718e+00   0.0000000e+00
   3.1036480e-01  -2.1009374e+00   4.7785526e+00  -1.1954484e+00  -1.0056706e+00   0.0000000e+00
   3.2310074e-01  -2.1028832e+00   4.7816906e+00  -1.1960173e+00  -1.0068279e+00   0.0000000e+00
   3.3405895e-01  -2.1036810e+00   4.7870800e+00  -1.1965109e+00  -1.0079040e+00   0.0000000e+00
   3.4404329e-01  -2.1038455e+00   4.7939888e+00  -1.1969884e+00  -1.0089381e+00   0.0000000e+00
   3.5239959e-01  -2.1034126e+00   4.8017480e+00  -1.1974188e+00  -1.0098562e+00   0.0000000e+00
   3.5924599e-01  -2.1024473e+00   4.8101641e+00  -1.1978054e+00  -1.0106636e+00   0.0000000e+00
   3.6467329e-01  -2.1009923e+00   4.8191289e+00  -1.1981526e+00  -1.0113649e+00   0.0000000e+00
   3.6875753e-01  -2.0990570e+00   4.8286646e+00  -1.1984670e+00  -1.0119671e+00   0.0000000e+00
   3.7143967e-01  -2.0966824e+00   4.8386137e+00  -1.1987482e+00  -1.0124602e+00   0.0000000e+00
   3.7281932e-01  -2.0940778e+00   4.8484790e+00  -1.1990010e+00  -1.0128372e+00   0.0000000e+00
   3.7372450e-01  -2.0914548e+00   4.8586157e+00  -1.1992951e+00  -1.0131698e+00   0.0000000e+00
   3.7203244e-01  -2.0882602e+00   4.8681404e+00  -1.1994496e+00  -1.0132759e+00   0.0000000e+00
   3.6792634e-01  -2.0845370e+00   4.8773043e+00  -1.1994901e+00  -1.0131740e+00   0.0000000e+00
   3.6203031e-01  -2.0806693e+00   4.8856837e+00  -1.1994525e+00  -1.0128996e+00   0.0000000e+00
   3.5377593e-01  -2.0764244e+00   4.8938428e+00  -1.1993363e+00  -1.0124166e+00   0.0000000e+00
   3.4349594e-01  -2.0721425e+00   4.9011970e+00  -1.1991540e+00  -1.0117336e+00   0.0000000e+00
   3.3105873e-01  -2.0678897e+00   4.9078134e+00  -1.1989203e+00  -1.0108353e+00   0.0000000e+00
   3.1628347e-01  -2.0637663e+00   4.9137458e+00  -1.1986569e+00  -1.0096998e+00   0.0000000e+00
   2.9900835e-01  -2.0599241e+00   4.9190640e+00  -1.1983982e+00  -1.0083044e+00   0.0000000e+00
   2.8003634e-01  -2.0567034e+00   4.9236461e+00  -1.1981982e+00  -1.0067066e+00   0.0000000e+00
   2.5823474e-01  -2.0541164e+00   4.9279139e+00  -1.1980992e+00  -1.0048018e+00   0.0000000e+00
   2.3447108e-01  -2.0525127e+00   4.9318667e+00  -1.1981708e+00  -1.0026549e+00   0.0000000e+00
   2.0975406e-01  -2.0520857e+00   4.9356116e+00  -1.1984621e+00  -1.0003538e+00   0.0000000e+00
   1.8465849e-01  -2.0528694e+00   4.9393960e+00  -1.1990045e+00  -9.9795549e-01   0.0000000e+00
   1.5936677e-01  -2.0548126e+00   4.9438887e+00  -1.1998558e+00  -9.9548755e-01   0.0000000e+00
   1.3593845e-01  -2.0576535e+00   4.9484326e+00  -1.2008968e+00  -9.9315496e-01   0.0000000e+00
   1.1426500e-01  -2.0613162e+00   4.9512343e+00  -1.2019258e+00  -9.9093566e-01   0.0000000e+00
   9.5542845e-02  -2.0652288e+00   4.9532619e+00  -1.2029250e+00  -9.8898096e-01   0.0000000e+00
   8.0746465e-02  -2.0688264e+00   4.9545493e+00  -1.2037835e+00  -9.8741069e-01   0.0000000e+00
   6.9874821e-02  -2.0717805e+00   4.9551127e+00  -1.2044370e+00  -9.8623946e-01   0.0000000e+00
   6.4073406e-02  -2.0734944e+00   4.9550131e+00  -1.2047721e+00  -9.8560423e-01   0.0000000e+00
   6.1444791e-02  -2.0743315e+00   4.9546010e+00  -1.2048986e+00  -9.8530978e-01   0.0000000e+00
   6.4302193e-02  -2.0736069e+00   4.9532277e+00  -1.2046130e+00  -9.8560178e-01   0.0000000e+00
   7.3953252e-02  -2.0707196e+00   4.9541229e+00  -1.2041229e+00  -9.8666797e-01   0.0000000e+00
   8.7708843e-02  -2.0667834e+00   4.9572697e+00  -1.2036527e+00  -9.8819904e-01   0.0000000e+00
   1.0433013e-01  -2.0624354e+00   4.9631737e+00  -1.2033909e+00  -9.9004974e-01   0.0000000e+00
   1.2353611e-01  -2.0580555e+00   4.9727121e+00  -1.2035246e+00  -9.9217882e-01   0.0000000e+00
   1.4434655e-01  -2.0541965e+00   4.9864653e+00  -1.2042637e+00  -9.9446275e-01   0.0000000e+00
   1.6513993e-01  -2.0513996e+00   5.0041093e+00  -1.2057332e+00  -9.9670651e-01   0.0000000e+00
   1.8544844e-01  -2.0498684e+00   5.0258284e+00  -1.2080619e+00  -9.9884342e-01   0.0000000e+00
   2.0420082e-01  -2.0497325e+00   5.0506584e+00  -1.2112324e+00  -1.0007460e+00   0.0000000e+00
   2.2100892e-01  -2.0509285e+00   5.0780379e+00  -1.2152289e+00  -1.0023667e+00   0.0000000e+00
   2.3520202e-01  -2.0532253e+00   5.1063728e+00  -1.2198370e+00  -1.0036415e+00   0.0000000e+00
   2.4774322e-01  -2.0566469e+00   5.1373129e+00  -1.2253615e+00  -1.0046556e+00   0.0000000e+00
   2.5732775e-01  -2.0606212e+00   5.1670028e+00  -1.2311147e+00  -1.0053120e+00   0.0000000e+00
   2.6491465e-01  -2.0652161e+00   5.1972162e+00  -1.2374058e+00  -1.0056976e+00   0.0000000e+00
   2.7043614e-01  -2.0701854e+00   5.2269778e+00  -1.2440251e+00  -1.0058216e+00   0.0000000e+00
   2.7408748e-01  -2.0754497e+00   5.2563493e+00  -1.2509674e+00  -1.0057085e+00   0.0000000e+00
   2.7606243e-01  -2.0808153e+00   5.2846262e+00  -1.2580407e+00  -1.0053946e+00   0.0000000e+00
   2.7717895e-01  -2.0858964e+00   5.3099821e+00  -1.2647266e+00  -1.0050003e+00   0.0000000e+00
   2.7642127e-01  -2.0908139e+00   5.3339306e+00  -1.2713217e+00  -1.0044182e+00   0.0000000e+00
   2.7313557e-01  -2.0953877e+00   5.3560825e+00  -1.2776538e+00  -1.0036061e+00   0.0000000e+00
   2.6858066e-01  -2.0993165e+00   5.3748594e+00  -1.2832096e+00  -1.0027267e+00   0.0000000e+00
   2.6274115e-01  -2.1027823e+00   5.3912783e+00  -1.2882112e+00  -1.0017646e+00   0.0000000e+00
   2.5609617e-01  -2.1055514e+00   5.4043506e+00  -1.2922884e+00  -1.0007985e+00   0.0000000e+00
   2.4811313e-01  -2.1078084e+00   5.4150379e+00  -1.2956817e+00  -9.9976047e-01   0.0000000e+00
   2.3942911e-01  -2.1093247e+00   5.4223043e+00  -1.2980159e+00  -9.9874321e-01   0.0000000e+00
   2.3010455e-01  -2.1101775e+00   5.4264787e+00  -1.2993634e+00  -9.9774684e-01   0.0000000e+00
   2.2019412e-01  -2.1108081e+00   5.4292990e+00  -1.3002928e+00  -9.9672701e-01   0.0000000e+00
   2.0891065e-01  -2.1103681e+00   5.4272644e+00  -1.2996269e+00  -9.9570992e-01   0.0000000e+00
   1.9699367e-01  -2.1081365e+00   5.4172595e+00  -1.2963676e+00  -9.9484880e-01   0.0000000e+00
   1.8535280e-01  -2.1050205e+00   5.4027496e+00  -1.2917689e+00  -9.9411760e-01   0.0000000e+00
   1.7299522e-01  -2.1009225e+00   5.3827903e+00  -1.2856712e+00  -9.9342686e-01   0.0000000e+00
   1.6058813e-01  -2.0961631e+00   5.3582705e+00  -1.2785218e+00  -9.9279302e-01   0.0000000e+00
   1.4807019e-01  -2.0909104e+00   5.3291910e+00  -1.2705101e+00  -9.9218132e-01   0.0000000e+00
   1.3546752e-01  -2.0853834e+00   5.2955699e+00  -1.2618532e+00  -9.9155942e-01   0.0000000e+00
   1.2354517e-01  -2.0801565e+00   5.2596272e+00  -1.2532896e+00  -9.9093220e-01   0.0000000e+00
   1.1236064e-01  -2.0754994e+00   5.2220369e+00  -1.2450716e+00  -9.9027605e-01   0.0000000e+00
   1.0198323e-01  -2.0716499e+00   5.1834221e+00  -1.2373924e+00  -9.8957594e-01   0.0000000e+00
   9.2427894e-02  -2.0687823e+00   5.1439825e+00  -1.2303282e+00  -9.8882007e-01   0.0000000e+00
   8.4170350e-02  -2.0671351e+00   5.1059982e+00  -1.2242562e+00  -9.8804534e-01   0.0000000e+00
   7.7289855e-02  -2.0666788e+00   5.0704007e+00  -1.2192108e+00  -9.8727626e-01   0.0000000e+00
   7.1882945e-02  -2.0672454e+00   5.0385901e+00  -1.2152286e+00  -9.8655463e-01   0.0000000e+00
   6.7728921e-02  -2.0685915e+00   5.0101082e+00  -1.2120840e+00  -9.8588793e-01   0.0000000e+00
   6.4998764e-02  -2.0702337e+00   4.9878145e+00  -1.2099003e+00  -9.8535783e-01   0.0000000e+00
   6.3299921e-02  -2.0718213e+00   4.9710736e+00  -1.2084207e+00  -9.8495931e-01   0.0000000e+00
   6.2373466e-02  -2.0730109e+00   4.9603178e+00  -1.2075433e+00  -9.8470330e-01   0.0000000e+00
   6.1925281e-02  -2.0736436e+00   4.9551818e+00  -1.2071481e+00  -9.8457532e-01   0.0000000e+00
   6.1837256e-02  -2.0737254e+00   4.9546405e+00  -1.2071099e+00  -9.8455716e-01   0.0000000e+00
   6.1778136e-02  -2.0727405e+00   4.9653565e+00  -1.2080082e+00  -9.8471248e-01   0.0000000e+00
   6.0887219e-02  -2.0716786e+00   4.9833902e+00  -1.2097077e+00  -9.8485747e-01   0.0000000e+00
   5.8673307e-02  -2.0711727e+00   5.0083109e+00  -1.2123934e+00  -9.8489241e-01   0.0000000e+00
   5.4839986e-02  -2.0718330e+00   5.0406659e+00  -1.2164029e+00  -9.8473871e-01   0.0000000e+00
   4.9677194e-02  -2.0740580e+00   5.0769402e+00  -1.2215582e+00  -9.8435272e-01   0.0000000e+00
   4.2788580e-02  -2.0783599e+00   5.1193242e+00  -1.2284338e+00  -9.8365762e-01   0.0000000e+00
   3.4280893e-02  -2.0849952e+00   5.1663416e+00  -1.2371181e+00  -9.8261179e-01   0.0000000e+00
   2.4817714e-02  -2.0935298e+00   5.2142808e+00  -1.2471187e+00  -9.8127292e-01   0.0000000e+00
   1.4385218e-02  -2.1039065e+00   5.2633047e+00  -1.2585650e+00  -9.7963411e-01   0.0000000e+00
   2.9715601e-03  -2.1160565e+00   5.3133228e+00  -1.2715585e+00  -9.7768937e-01   0.0000000e+00
  -9.0557243e-03  -2.1294521e+00   5.3625752e+00  -1.2857143e+00  -9.7550792e-01   0.0000000e+00
  -2.0917584e-02  -2.1429960e+00   5.4079458e+00  -1.3000232e+00  -9.7325962e-01   0.0000000e+00
  -3.3296368e-02  -2.1572292e+00   5.4519409e+00  -1.3151462e+00  -9.7084845e-01   0.0000000e+00
  -4.5387522e-02  -2.1710000e+00   5.4915059e+00  -1.3298843e+00  -9.6846658e-01   0.0000000e+00
  -5.7099016e-02  -2.1839961e+00   5.5263774e+00  -1.3438565e+00  -9.6617124e-01   0.0000000e+00
  -6.8296101e-02  -2.1959132e+00   5.5562535e+00  -1.3566454e+00  -9.6402110e-01   0.0000000e+00
  -7.9139245e-02  -2.2068063e+00   5.5816420e+00  -1.3681965e+00  -9.6201033e-01   0.0000000e+00
  -8.9421852e-02  -2.2164181e+00   5.6022567e+00  -1.3781316e+00  -9.6019105e-01   0.0000000e+00
  -9.9169458e-02  -2.2249474e+00   5.6190598e+00  -1.3866663e+00  -9.5854283e-01   0.0000000e+00
  -1.0834995e-01  -2.2328377e+00   5.6338422e+00  -1.3944681e+00  -9.5701765e-01   0.0000000e+00
  -1.1693673e-01  -2.2377436e+00   5.6386036e+00  -1.3977599e+00  -9.5588362e-01   0.0000000e+00
  -1.2470550e-01  -2.2404285e+00   5.6364388e+00  -1.3978152e+00  -9.5506296e-01   0.0000000e+00
  -1.3138758e-01  -2.2411540e+00   5.6286795e+00  -1.3952435e+00  -9.5453536e-01   0.0000000e+00
  -1.3696775e-01  -2.2401186e+00   5.6160144e+00  -1.3904599e+00  -9.5427060e-01   0.0000000e+00
  -1.4174641e-01  -2.2372402e+00   5.5975161e+00  -1.3832798e+00  -9.5424640e-01   0.0000000e+00
  -1.4524522e-01  -2.2327638e+00   5.5746464e+00  -1.3744785e+00  -9.5445750e-01   0.0000000e+00
  -1.4748378e-01  -2.2269003e+00   5.5479115e+00  -1.3644689e+00  -9.5486954e-01   0.0000000e+00
  -1.4869062e-01  -2.2200954e+00   5.5183048e+00  -1.3538415e+00  -9.5541276e-01   0.0000000e+00
  -1.4930446e-01  -2.2129030e+00   5.4868617e+00  -1.3431534e+00  -9.5599617e-01   0.0000000e+00
  -1.4667516e-01  -2.2029015e+00   5.4484044e+00  -1.3305227e+00  -9.5700811e-01   0.0000000e+00
  -1.4165016e-01  -2.1916092e+00   5.4067487e+00  -1.3175974e+00  -9.5824177e-01   0.0000000e+00
  -1.3437444e-01  -2.1795161e+00   5.3630132e+00  -1.3048685e+00  -9.5964024e-01   0.0000000e+00
  -1.2462819e-01  -2.1667031e+00   5.3171534e+00  -1.2924005e+00  -9.6121023e-01   0.0000000e+00
  -1.1259129e-01  -2.1537644e+00   5.2709701e+00  -1.2807044e+00  -9.6290129e-01   0.0000000e+00
  -9.8091053e-02  -2.1407948e+00   5.2244976e+00  -1.2697577e+00  -9.6472855e-01   0.0000000e+00
  -8.1910883e-02  -2.1286130e+00   5.1803786e+00  -1.2600923e+00  -9.6659987e-01   0.0000000e+00
  -6.4034653e-02  -2.1172046e+00   5.1384063e+00  -1.2515242e+00  -9.6853416e-01   0.0000000e+00
  -4.4297091e-02  -2.1065219e+00   5.0982175e+00  -1.2438744e+00  -9.7056149e-01   0.0000000e+00
  -2.4308833e-02  -2.0973391e+00   5.0627409e+00  -1.2375587e+00  -9.7253622e-01   0.0000000e+00
  -4.7698137e-03  -2.0896753e+00   5.0322707e+00  -1.2324541e+00  -9.7441476e-01   0.0000000e+00
   1.4191388e-02  -2.0832922e+00   5.0061176e+00  -1.2283053e+00  -9.7620433e-01   0.0000000e+00
   3.0439537e-02  -2.0785405e+00   4.9861381e+00  -1.2252768e+00  -9.7772074e-01   0.0000000e+00
   4.3979446e-02  -2.0750288e+00   4.9711000e+00  -1.2230743e+00  -9.7897713e-01   0.0000000e+00
   5.3895846e-02  -2.0726923e+00   4.9609682e+00  -1.2216266e+00  -9.7989485e-01   0.0000000e+00
   5.9452750e-02  -2.0714759e+00   4.9554894e+00  -1.2208631e+00  -9.8040655e-01   0.0000000e+00
   6.1943827e-02  -2.0709674e+00   4.9529278e+00  -1.2205204e+00  -9.8063264e-01   0.0000000e+00
   5.7364122e-02  -2.0721906e+00   4.9548733e+00  -1.2209458e+00  -9.8016730e-01   0.0000000e+00
   4.6858848e-02  -2.0748693e+00   4.9622158e+00  -1.2221756e+00  -9.7914406e-01   0.0000000e+00
   3.1498738e-02  -2.0791977e+00   4.9730795e+00  -1.2240892e+00  -9.7763078e-01   0.0000000e+00
   1.2011049e-02  -2.0854037e+00   4.9868996e+00  -1.2267000e+00  -9.7567932e-01   0.0000000e+00
  -1.0528269e-02  -2.0935593e+00   5.0030831e+00  -1.2299879e+00  -9.7338227e-01   0.0000000e+00
  -3.4823395e-02  -2.1035146e+00   5.0209468e+00  -1.2338755e+00  -9.7086246e-01   0.0000000e+00
  -5.9779094e-02  -2.1149895e+00   5.0401976e+00  -1.2382953e+00  -9.6823415e-01   0.0000000e+00
  -8.5034511e-02  -2.1279100e+00   5.0609570e+00  -1.2432684e+00  -9.6553693e-01   0.0000000e+00
  -1.0891890e-01  -2.1415052e+00   5.0789359e+00  -1.2481442e+00  -9.6291289e-01   0.0000000e+00
  -1.3051957e-01  -2.1549422e+00   5.0945909e+00  -1.2527751e+00  -9.6049163e-01   0.0000000e+00
  -1.5031611e-01  -2.1682551e+00   5.1083091e+00  -1.2571921e+00  -9.5823112e-01   0.0000000e+00
  -1.6840435e-01  -2.1813172e+00   5.1199405e+00  -1.2613320e+00  -9.5612553e-01   0.0000000e+00
  -1.8398858e-01  -2.1933302e+00   5.1288107e+00  -1.2649279e+00  -9.5427334e-01   0.0000000e+00
  -1.9804461e-01  -2.2048583e+00   5.1353068e+00  -1.2681301e+00  -9.5256219e-01   0.0000000e+00
  -2.0986868e-01  -2.2151780e+00   5.1389396e+00  -1.2707177e+00  -9.5107905e-01   0.0000000e+00
  -2.1963411e-01  -2.2242756e+00   5.1397737e+00  -1.2726928e+00  -9.4980533e-01   0.0000000e+00
  -2.2699749e-01  -2.2316547e+00   5.1380652e+00  -1.2739893e+00  -9.4879276e-01   0.0000000e+00
  -2.3276751e-01  -2.2379861e+00   5.1339821e+00  -1.2747745e+00  -9.4793682e-01   0.0000000e+00
  -2.3668568e-01  -2.2428820e+00   5.1280573e+00  -1.2750465e+00  -9.4728171e-01   0.0000000e+00
  -2.3935318e-01  -2.2470558e+00   5.1195417e+00  -1.2748744e+00  -9.4672701e-01   0.0000000e+00
  -2.4053776e-01  -2.2498719e+00   5.1108095e+00  -1.2744246e+00  -9.4635601e-01   0.0000000e+00
  -2.4129648e-01  -2.2525333e+00   5.1014930e+00  -1.2739005e+00  -9.4601506e-01   0.0000000e+00
  -2.3959384e-01  -2.2530274e+00   5.0899076e+00  -1.2727228e+00  -9.4594266e-01   0.0000000e+00
  -2.3604817e-01  -2.2520405e+00   5.0763687e+00  -1.2710849e+00  -9.4605663e-01   0.0000000e+00
  -2.3107578e-01  -2.2498766e+00   5.0618995e+00  -1.2691722e+00  -9.4632362e-01   0.0000000e+00
  -2.2469374e-01  -2.2465559e+00   5.0466800e+00  -1.2670169e+00  -9.4674437e-01   0.0000000e+00
  -2.1681586e-01  -2.2420264e+00   5.0307631e+00  -1.2646223e+00  -9.4733019e-01   0.0000000e+00
  -2.0736456e-01  -2.2362397e+00   5.0142982e+00  -1.2619998e+00  -9.4809399e-01   0.0000000e+00
  -1.9621750e-01  -2.2291251e+00   4.9974227e+00  -1.2591529e+00  -9.4905423e-01   0.0000000e+00
  -1.8404309e-01  -2.2211692e+00   4.9812610e+00  -1.2562703e+00  -9.5015565e-01   0.0000000e+00
  -1.7002511e-01  -2.2120371e+00   4.9645676e+00  -1.2531796e+00  -9.5146283e-01   0.0000000e+00
  -1.5492371e-01  -2.2023036e+00   4.9484807e+00  -1.2500811e+00  -9.5290873e-01   0.0000000e+00
  -1.3778822e-01  -2.1905927e+00   4.9344042e+00  -1.2468078e+00  -9.5467423e-01   0.0000000e+00
  -1.1942442e-01  -2.1779484e+00   4.9223872e+00  -1.2435405e+00  -9.5664670e-01   0.0000000e+00
  -9.9785264e-02  -2.1645022e+00   4.9125949e+00  -1.2402994e+00  -9.5883135e-01   0.0000000e+00
  -7.9865278e-02  -2.1510638e+00   4.9056907e+00  -1.2372711e+00  -9.6111651e-01   0.0000000e+00
  -5.9384945e-02  -2.1375646e+00   4.9016866e+00  -1.2344346e+00  -9.6353016e-01   0.0000000e+00
  -3.8601999e-02  -2.1242971e+00   4.9008518e+00  -1.2318616e+00  -9.6603845e-01   0.0000000e+00
  -1.8712719e-02  -2.1121132e+00   4.9031707e+00  -1.2297174e+00  -9.6848666e-01   0.0000000e+00
   3.4271436e-04  -2.1009891e+00   4.9084858e+00  -1.2279982e+00  -9.7087157e-01   0.0000000e+00
   1.7358082e-02  -2.0915918e+00   4.9160210e+00  -1.2267883e+00  -9.7302877e-01   0.0000000e+00
   3.2203252e-02  -2.0838601e+00   4.9250639e+00  -1.2260353e+00  -9.7493023e-01   0.0000000e+00
   4.4062075e-02  -2.0780344e+00   4.9342374e+00  -1.2256820e+00  -9.7646157e-01   0.0000000e+00
   5.2990078e-02  -2.0738700e+00   4.9425660e+00  -1.2255984e+00  -9.7762293e-01   0.0000000e+00
   5.8321531e-02  -2.0714784e+00   4.9482753e+00  -1.2256417e+00  -9.7832101e-01   0.0000000e+00
   6.0955271e-02  -2.0703321e+00   4.9512663e+00  -1.2256887e+00  -9.7866602e-01   0.0000000e+00
   6.1872821e-02  -2.0700194e+00   4.9515523e+00  -1.2256534e+00  -9.7877141e-01   0.0000000e+00
   5.8049233e-02  -2.0719558e+00   4.9448370e+00  -1.2254254e+00  -9.7822355e-01   0.0000000e+00
   5.1561013e-02  -2.0755624e+00   4.9332867e+00  -1.2251143e+00  -9.7727115e-01   0.0000000e+00
   4.3681249e-02  -2.0806502e+00   4.9183397e+00  -1.2248433e+00  -9.7605752e-01   0.0000000e+00
   3.4877013e-02  -2.0874399e+00   4.9004736e+00  -1.2247286e+00  -9.7461685e-01   0.0000000e+00
   2.6112743e-02  -2.0956850e+00   4.8812776e+00  -1.2248735e+00  -9.7307241e-01   0.0000000e+00
   1.7797845e-02  -2.1053964e+00   4.8613286e+00  -1.2253335e+00  -9.7146984e-01   0.0000000e+00
   1.0301198e-02  -2.1165275e+00   4.8411224e+00  -1.2261367e+00  -9.6985434e-01   0.0000000e+00
   4.3099297e-03  -2.1282091e+00   4.8221993e+00  -1.2272069e+00  -9.6836297e-01   0.0000000e+00
  -7.5498383e-05  -2.1399952e+00   4.8048907e+00  -1.2284587e+00  -9.6703689e-01   0.0000000e+00
  -3.1080323e-03  -2.1525906e+00   4.7879039e+00  -1.2299386e+00  -9.6579495e-01   0.0000000e+00
  -4.5600378e-03  -2.1640250e+00   4.7736215e+00  -1.2313840e+00  -9.6480591e-01   0.0000000e+00
  -5.5134039e-03  -2.1754529e+00   4.7608536e+00  -1.2329305e+00  -9.6389383e-01   0.0000000e+00
  -4.0125649e-03  -2.1857240e+00   4.7487268e+00  -1.2343245e+00  -9.6327047e-01   0.0000000e+00
  -4.8661298e-04  -2.1942957e+00   4.7377580e+00  -1.2354810e+00  -9.6293453e-01   0.0000000e+00
   4.2018073e-03  -2.2014669e+00   4.7280009e+00  -1.2364484e+00  -9.6279599e-01   0.0000000e+00
   1.0245792e-02  -2.2076795e+00   4.7187106e+00  -1.2372769e+00  -9.6283460e-01   0.0000000e+00
   1.7143210e-02  -2.2125303e+00   4.7104164e+00  -1.2379067e+00  -9.6303649e-01   0.0000000e+00
   2.4647899e-02  -2.2160421e+00   4.7031014e+00  -1.2383368e+00  -9.6337827e-01   0.0000000e+00
   3.2800167e-02  -2.2183807e+00   4.6965140e+00  -1.2385863e+00  -9.6385022e-01   0.0000000e+00
   4.1540326e-02  -2.2195711e+00   4.6906125e+00  -1.2386560e+00  -9.6444510e-01   0.0000000e+00
   5.0060790e-02  -2.2196629e+00   4.6857754e+00  -1.2385609e+00  -9.6509684e-01   0.0000000e+00
   5.9130761e-02  -2.2188324e+00   4.6814298e+00  -1.2383168e+00  -9.6585361e-01   0.0000000e+00
   6.8046888e-02  -2.2176633e+00   4.6776166e+00  -1.2380267e+00  -9.6662654e-01   0.0000000e+00
   7.6938460e-02  -2.2151390e+00   4.6748108e+00  -1.2375193e+00  -9.6748423e-01   0.0000000e+00
   8.5421497e-02  -2.2109051e+00   4.6733888e+00  -1.2367376e+00  -9.6841675e-01   0.0000000e+00
   9.3952836e-02  -2.2052568e+00   4.6730376e+00  -1.2357262e+00  -9.6944559e-01   0.0000000e+00
   1.0196568e-01  -2.1984266e+00   4.6739517e+00  -1.2345304e+00  -9.7051320e-01   0.0000000e+00
   1.0920085e-01  -2.1905898e+00   4.6762222e+00  -1.2331843e+00  -9.7158996e-01   0.0000000e+00
   1.1563827e-01  -2.1816401e+00   4.6800630e+00  -1.2316762e+00  -9.7268375e-01   0.0000000e+00
   1.2112653e-01  -2.1716256e+00   4.6857055e+00  -1.2300246e+00  -9.7378348e-01   0.0000000e+00
   1.2526585e-01  -2.1612593e+00   4.6929587e+00  -1.2283592e+00  -9.7481403e-01   0.0000000e+00
   1.2828995e-01  -2.1499680e+00   4.7025122e+00  -1.2266055e+00  -9.7583811e-01   0.0000000e+00
   1.3001732e-01  -2.1385681e+00   4.7140327e+00  -1.2249148e+00  -9.7679133e-01   0.0000000e+00
   1.3107429e-01  -2.1264449e+00   4.7284455e+00  -1.2232250e+00  -9.7777877e-01   0.0000000e+00
   1.3042412e-01  -2.1146314e+00   4.7455201e+00  -1.2217431e+00  -9.7864528e-01   0.0000000e+00
   1.2676337e-01  -2.1035762e+00   4.7657580e+00  -1.2206058e+00  -9.7925250e-01   0.0000000e+00
   1.2141550e-01  -2.0940078e+00   4.7877418e+00  -1.2199187e+00  -9.7965388e-01   0.0000000e+00
   1.1428843e-01  -2.0855861e+00   4.8125952e+00  -1.2197121e+00  -9.7987324e-01   0.0000000e+00
   1.0591720e-01  -2.0789384e+00   4.8388055e+00  -1.2200584e+00  -9.7989481e-01   0.0000000e+00
   9.7057184e-02  -2.0742843e+00   4.8644973e+00  -1.2208975e+00  -9.7974193e-01   0.0000000e+00
   8.8261439e-02  -2.0713636e+00   4.8885903e+00  -1.2220950e+00  -9.7946215e-01   0.0000000e+00
   7.9673768e-02  -2.0697730e+00   4.9109679e+00  -1.2235427e+00  -9.7909041e-01   0.0000000e+00
   7.2274275e-02  -2.0692284e+00   4.9293057e+00  -1.2249635e+00  -9.7870183e-01   0.0000000e+00
   6.6834983e-02  -2.0692591e+00   4.9420677e+00  -1.2260794e+00  -9.7837737e-01   0.0000000e+00
   6.3477335e-02  -2.0694679e+00   4.9493501e+00  -1.2267712e+00  -9.7815659e-01   0.0000000e+00
   6.1835658e-02  -2.0696575e+00   4.9523436e+00  -1.2270796e+00  -9.7803573e-01   0.0000000e+00
   6.5081403e-02  -2.0694144e+00   4.9453660e+00  -1.2264032e+00  -9.7825271e-01   0.0000000e+00
   7.2947072e-02  -2.0687927e+00   4.9311020e+00  -1.2250325e+00  -9.7881306e-01   0.0000000e+00
   8.4689336e-02  -2.0681774e+00   4.9120478e+00  -1.2233182e+00  -9.7965766e-01   0.0000000e+00
   9.9712026e-02  -2.0679180e+00   4.8904521e+00  -1.2215612e+00  -9.8074261e-01   0.0000000e+00
   1.1706971e-01  -2.0682758e+00   4.8685959e+00  -1.2200093e+00  -9.8200118e-01   0.0000000e+00
   1.3654855e-01  -2.0694028e+00   4.8473924e+00  -1.2187531e+00  -9.8342267e-01   0.0000000e+00
   1.5692654e-01  -2.0712794e+00   4.8284939e+00  -1.2178805e+00  -9.8492448e-01   0.0000000e+00
   1.7813570e-01  -2.0738509e+00   4.8120694e+00  -1.2173610e+00  -9.8650990e-01   0.0000000e+00
   1.9950079e-01  -2.0769516e+00   4.7986228e+00  -1.2171645e+00  -9.8813555e-01   0.0000000e+00
   2.2007135e-01  -2.0802847e+00   4.7885191e+00  -1.2172294e+00  -9.8973502e-01   0.0000000e+00
   2.4029923e-01  -2.0837792e+00   4.7812437e+00  -1.2174938e+00  -9.9134638e-01   0.0000000e+00
   2.5991880e-01  -2.0872493e+00   4.7767457e+00  -1.2179074e+00  -9.9295293e-01   0.0000000e+00
   2.7814621e-01  -2.0904306e+00   4.7749133e+00  -1.2184073e+00  -9.9449088e-01   0.0000000e+00
   2.9414001e-01  -2.0931135e+00   4.7752465e+00  -1.2189258e+00  -9.9588084e-01   0.0000000e+00
   3.0897740e-01  -2.0955700e+00   4.7770329e+00  -1.2194774e+00  -9.9719793e-01   0.0000000e+00
   3.2188280e-01  -2.0976975e+00   4.7797168e+00  -1.2200152e+00  -9.9836323e-01   0.0000000e+00
   3.3371952e-01  -2.0986656e+00   4.7851699e+00  -1.2204853e+00  -9.9953095e-01   0.0000000e+00
   3.4380970e-01  -2.0989014e+00   4.7918896e+00  -1.2208947e+00  -1.0005888e+00   0.0000000e+00
   3.5227329e-01  -2.0985402e+00   4.7994617e+00  -1.2212505e+00  -1.0015339e+00   0.0000000e+00
   3.5923091e-01  -2.0976498e+00   4.8076835e+00  -1.2215577e+00  -1.0023705e+00   0.0000000e+00
   3.6477672e-01  -2.0962771e+00   4.8164331e+00  -1.2218213e+00  -1.0031032e+00   0.0000000e+00
   3.6899206e-01  -2.0944400e+00   4.8257041e+00  -1.2220470e+00  -1.0037383e+00   0.0000000e+00
   3.7174019e-01  -2.0922938e+00   4.8348961e+00  -1.2222286e+00  -1.0042459e+00   0.0000000e+00
   3.7332825e-01  -2.0898177e+00   4.8443926e+00  -1.2223872e+00  -1.0046621e+00   0.0000000e+00
   3.7436503e-01  -2.0871255e+00   4.8546865e+00  -1.2225809e+00  -1.0050457e+00   0.0000000e+00
   3.7338314e-01  -2.0840592e+00   4.8644789e+00  -1.2226909e+00  -1.0052469e+00   0.0000000e+00
   3.6965277e-01  -2.0803683e+00   4.8737753e+00  -1.2226658e+00  -1.0052103e+00   0.0000000e+00
   3.6401220e-01  -2.0764659e+00   4.8823808e+00  -1.2225665e+00  -1.0049921e+00   0.0000000e+00
   3.5657893e-01  -2.0724618e+00   4.8902149e+00  -1.2224033e+00  -1.0045972e+00   0.0000000e+00
   3.4661732e-01  -2.0681220e+00   4.8978008e+00  -1.2221687e+00  -1.0039751e+00   0.0000000e+00
   3.3448108e-01  -2.0637986e+00   4.9046103e+00  -1.2218857e+00  -1.0031346e+00   0.0000000e+00
   3.2003763e-01  -2.0595961e+00   4.9107031e+00  -1.2215760e+00  -1.0020586e+00   0.0000000e+00
   3.0306850e-01  -2.0556473e+00   4.9161512e+00  -1.2212684e+00  -1.0007207e+00   0.0000000e+00
   2.8439614e-01  -2.0523017e+00   4.9208262e+00  -1.2210179e+00  -9.9917931e-01   0.0000000e+00
   2.6292528e-01  -2.0495614e+00   4.9251552e+00  -1.2208603e+00  -9.9733620e-01   0.0000000e+00
   2.3952019e-01  -2.0477762e+00   4.9291273e+00  -1.2208623e+00  -9.9525591e-01   0.0000000e+00
   2.1523539e-01  -2.0471411e+00   4.9328371e+00  -1.2210700e+00  -9.9303088e-01   0.0000000e+00
   1.8942352e-01  -2.0477404e+00   4.9366951e+00  -1.2215365e+00  -9.9060215e-01   0.0000000e+00
   1.6361227e-01  -2.0495688e+00   4.9410678e+00  -1.2222939e+00  -9.8812146e-01   0.0000000e+00
   1.3979659e-01  -2.0523064e+00   4.9458570e+00  -1.2232714e+00  -9.8579382e-01   0.0000000e+00
   1.1773117e-01  -2.0559177e+00   4.9488222e+00  -1.2242550e+00  -9.8356940e-01   0.0000000e+00
   9.8598646e-02  -2.0598325e+00   4.9509464e+00  -1.2252205e+00  -9.8160061e-01   0.0000000e+00
   8.2644892e-02  -2.0636642e+00   4.9523901e+00  -1.2261061e+00  -9.7993037e-01   0.0000000e+00
   7.1454557e-02  -2.0666859e+00   4.9530274e+00  -1.2267579e+00  -9.7873959e-01   0.0000000e+00
   6.4995805e-02  -2.0685865e+00   4.9529773e+00  -1.2271262e+00  -9.7803974e-01   0.0000000e+00
   6.2337124e-02  -2.0694321e+00   4.9525840e+00  -1.2272562e+00  -9.7774350e-01   0.0000000e+00
   6.4398986e-02  -2.0689447e+00   4.9512211e+00  -1.2270371e+00  -9.7794135e-01   0.0000000e+00
   7.3690086e-02  -2.0661583e+00   4.9519092e+00  -1.2265532e+00  -9.7895935e-01   0.0000000e+00
   8.7190852e-02  -2.0622647e+00   4.9548325e+00  -1.2260567e+00  -9.8045965e-01   0.0000000e+00
   1.0359688e-01  -2.0579260e+00   4.9604392e+00  -1.2257257e+00  -9.8229290e-01   0.0000000e+00
   1.2259474e-01  -2.0535276e+00   4.9695761e+00  -1.2257320e+00  -9.8441883e-01   0.0000000e+00
   1.4315075e-01  -2.0496283e+00   4.9827669e+00  -1.2262680e+00  -9.8671238e-01   0.0000000e+00
   1.6350026e-01  -2.0467772e+00   4.9995200e+00  -1.2274387e+00  -9.8896425e-01   0.0000000e+00
   1.8328795e-01  -2.0451288e+00   5.0199712e+00  -1.2293448e+00  -9.9112346e-01   0.0000000e+00
   2.0229322e-01  -2.0448027e+00   5.0442760e+00  -1.2320988e+00  -9.9315162e-01   0.0000000e+00
   2.1936736e-01  -2.0458245e+00   5.0711340e+00  -1.2356288e+00  -9.9491501e-01   0.0000000e+00
   2.3380328e-01  -2.0479670e+00   5.0989605e+00  -1.2397421e+00  -9.9633941e-01   0.0000000e+00
   2.4658087e-01  -2.0512341e+00   5.1293200e+00  -1.2447020e+00  -9.9751946e-01   0.0000000e+00
   2.5701482e-01  -2.0553620e+00   5.1605037e+00  -1.2502728e+00  -9.9838870e-01   0.0000000e+00
   2.6477317e-01  -2.0598944e+00   5.1903810e+00  -1.2560429e+00  -9.9893408e-01   0.0000000e+00
   2.7052873e-01  -2.0648682e+00   5.2201625e+00  -1.2622068e+00  -9.9922243e-01   0.0000000e+00
   2.7437813e-01  -2.0701430e+00   5.2495255e+00  -1.2686848e+00  -9.9927125e-01   0.0000000e+00
   2.7651545e-01  -2.0755575e+00   5.2779601e+00  -1.2753414e+00  -9.9911084e-01   0.0000000e+00
   2.7764179e-01  -2.0807013e+00   5.3035557e+00  -1.2816714e+00  -9.9884193e-01   0.0000000e+00
   2.7721744e-01  -2.0857313e+00   5.3278156e+00  -1.2879582e+00  -9.9840722e-01   0.0000000e+00
   2.7406647e-01  -2.0904027e+00   5.3502580e+00  -1.2940033e+00  -9.9771696e-01   0.0000000e+00
   2.6959150e-01  -2.0944243e+00   5.3693160e+00  -1.2993257e+00  -9.9693791e-01   0.0000000e+00
   2.6381598e-01  -2.0979768e+00   5.3859939e+00  -1.3041277e+00  -9.9606366e-01   0.0000000e+00
   2.5722644e-01  -2.1008225e+00   5.3992979e+00  -1.3080544e+00  -9.9516828e-01   0.0000000e+00
   2.4929634e-01  -2.1031555e+00   5.4102291e+00  -1.3113423e+00  -9.9418842e-01   0.0000000e+00
   2.4066038e-01  -2.1047400e+00   5.4177346e+00  -1.3136282e+00  -9.9321134e-01   0.0000000e+00
   2.3138055e-01  -2.1056461e+00   5.4221151e+00  -1.3149696e+00  -9.9223963e-01   0.0000000e+00
   2.2151147e-01  -2.1062671e+00   5.4249069e+00  -1.3158402e+00  -9.9124304e-01   0.0000000e+00
   2.1109269e-01  -2.1061000e+00   5.4240543e+00  -1.3155803e+00  -9.9027395e-01   0.0000000e+00
   1.9927753e-01  -2.1040436e+00   5.4149619e+00  -1.3127603e+00  -9.8935519e-01   0.0000000e+00
   1.8772646e-01  -2.1010610e+00   5.4012824e+00  -1.3086290e+00  -9.8854640e-01   0.0000000e+00
   1.7515146e-01  -2.0969668e+00   5.3816626e+00  -1.3029170e+00  -9.8773466e-01   0.0000000e+00
   1.6254477e-01  -2.0921657e+00   5.3573430e+00  -1.2961660e+00  -9.8696439e-01   0.0000000e+00
   1.4985146e-01  -2.0868423e+00   5.3283924e+00  -1.2885832e+00  -9.8620094e-01   0.0000000e+00
   1.3781708e-01  -2.0815412e+00   5.2968606e+00  -1.2808629e+00  -9.8545838e-01   0.0000000e+00
   1.2574004e-01  -2.0762013e+00   5.2611816e+00  -1.2727790e+00  -9.8466238e-01   0.0000000e+00
   1.1445951e-01  -2.0714242e+00   5.2239512e+00  -1.2650561e+00  -9.8384111e-01   0.0000000e+00
   1.0398299e-01  -2.0674185e+00   5.1855794e+00  -1.2578350e+00  -9.8297829e-01   0.0000000e+00
   9.4329699e-02  -2.0643786e+00   5.1464015e+00  -1.2512175e+00  -9.8206264e-01   0.0000000e+00
   8.5989012e-02  -2.0625528e+00   5.1087664e+00  -1.2455672e+00  -9.8114156e-01   0.0000000e+00
   7.8606514e-02  -2.0619049e+00   5.0713317e+00  -1.2406266e+00  -9.8018253e-01   0.0000000e+00
   7.2940502e-02  -2.0623841e+00   5.0384978e+00  -1.2368486e+00  -9.7930890e-01   0.0000000e+00
   6.8689999e-02  -2.0636698e+00   5.0098363e+00  -1.2339749e+00  -9.7852656e-01   0.0000000e+00
   6.5880907e-02  -2.0652842e+00   4.9872969e+00  -1.2319928e+00  -9.7790466e-01   0.0000000e+00
   6.4118042e-02  -2.0668774e+00   4.9702133e+00  -1.2306532e+00  -9.7743396e-01   0.0000000e+00
   6.3094240e-02  -2.0681700e+00   4.9584562e+00  -1.2298137e+00  -9.7711049e-01   0.0000000e+00
   6.2641910e-02  -2.0688089e+00   4.9532701e+00  -1.2294682e+00  -9.7696242e-01   0.0000000e+00
   6.2544151e-02  -2.0689051e+00   4.9526139e+00  -1.2294279e+00  -9.7693905e-01   0.0000000e+00
   6.2496060e-02  -2.0679762e+00   4.9626313e+00  -1.2301597e+00  -9.7712306e-01   0.0000000e+00
   6.1647560e-02  -2.0669080e+00   4.9803367e+00  -1.2316283e+00  -9.7733807e-01   0.0000000e+00
   5.9477830e-02  -2.0663812e+00   5.0049137e+00  -1.2339905e+00  -9.7747428e-01   0.0000000e+00
   5.5692450e-02  -2.0670059e+00   5.0368655e+00  -1.2375636e+00  -9.7745754e-01   0.0000000e+00
   5.0227115e-02  -2.0693719e+00   5.0750714e+00  -1.2425340e+00  -9.7721140e-01   0.0000000e+00
   4.3284601e-02  -2.0737500e+00   5.1173590e+00  -1.2488894e+00  -9.7669352e-01   0.0000000e+00
   3.4712761e-02  -2.0804835e+00   5.1643290e+00  -1.2569816e+00  -9.7585169e-01   0.0000000e+00
   2.5150898e-02  -2.0891521e+00   5.2123313e+00  -1.2663770e+00  -9.7472478e-01   0.0000000e+00
   1.4732400e-02  -2.0995611e+00   5.2609011e+00  -1.2770621e+00  -9.7332649e-01   0.0000000e+00
   3.2583790e-03  -2.1118326e+00   5.3108765e+00  -1.2893358e+00  -9.7162632e-01   0.0000000e+00
  -8.9310853e-03  -2.1254643e+00   5.3604528e+00  -1.3028570e+00  -9.6967830e-01   0.0000000e+00
  -2.0952490e-02  -2.1392394e+00   5.4060774e+00  -1.3165581e+00  -9.6765080e-01   0.0000000e+00
  -3.3504407e-02  -2.1537182e+00   5.4503124e+00  -1.3310779e+00  -9.6545827e-01   0.0000000e+00
  -4.5761948e-02  -2.1677105e+00   5.4900270e+00  -1.3452399e+00  -9.6327933e-01   0.0000000e+00
  -5.7635106e-02  -2.1809050e+00   5.5249835e+00  -1.3586752e+00  -9.6116791e-01   0.0000000e+00
  -6.8954372e-02  -2.1929526e+00   5.5547782e+00  -1.3709303e+00  -9.5918600e-01   0.0000000e+00
  -7.9716207e-02  -2.2037496e+00   5.5795819e+00  -1.3817848e+00  -9.5735682e-01   0.0000000e+00
  -8.9969823e-02  -2.2133165e+00   5.5997970e+00  -1.3911609e+00  -9.5568343e-01   0.0000000e+00
  -9.9668209e-02  -2.2218297e+00   5.6163785e+00  -1.3992624e+00  -9.5415757e-01   0.0000000e+00
  -1.0879804e-01  -2.2295771e+00   5.6305323e+00  -1.4064810e+00  -9.5275430e-01   0.0000000e+00
  -1.1733847e-01  -2.2342792e+00   5.6345510e+00  -1.4093225e+00  -9.5168471e-01   0.0000000e+00
  -1.2506808e-01  -2.2367983e+00   5.6318288e+00  -1.4091486e+00  -9.5087993e-01   0.0000000e+00
  -1.3168412e-01  -2.2373209e+00   5.6234682e+00  -1.4064470e+00  -9.5033694e-01   0.0000000e+00
  -1.3718073e-01  -2.2360645e+00   5.6101953e+00  -1.4016409e+00  -9.5002771e-01   0.0000000e+00
  -1.4155560e-01  -2.2332274e+00   5.5926160e+00  -1.3951319e+00  -9.4992605e-01   0.0000000e+00
  -1.4500911e-01  -2.2285952e+00   5.5693870e+00  -1.3866148e+00  -9.5002211e-01   0.0000000e+00
  -1.4718332e-01  -2.2225817e+00   5.5423480e+00  -1.3769851e+00  -9.5029735e-01   0.0000000e+00
  -1.4834923e-01  -2.2156446e+00   5.5124409e+00  -1.3667957e+00  -9.5068488e-01   0.0000000e+00
  -1.4879696e-01  -2.2082549e+00   5.4806508e+00  -1.3565445e+00  -9.5111857e-01   0.0000000e+00
  -1.4592320e-01  -2.1979862e+00   5.4416841e+00  -1.3444240e+00  -9.5195113e-01   0.0000000e+00
  -1.4066190e-01  -2.1864852e+00   5.3996756e+00  -1.3321136e+00  -9.5298490e-01   0.0000000e+00
  -1.3313654e-01  -2.1742302e+00   5.3557463e+00  -1.3200678e+00  -9.5417366e-01   0.0000000e+00
  -1.2324222e-01  -2.1614269e+00   5.3102885e+00  -1.3084487e+00  -9.5551113e-01   0.0000000e+00
  -1.1104804e-01  -2.1484847e+00   5.2644417e+00  -1.2975535e+00  -9.5697474e-01   0.0000000e+00
  -9.6410219e-02  -2.1355298e+00   5.2183372e+00  -1.2873870e+00  -9.5857599e-01   0.0000000e+00
  -8.0078347e-02  -2.1233532e+00   5.1745408e+00  -1.2784265e+00  -9.6023968e-01   0.0000000e+00
  -6.2061299e-02  -2.1119585e+00   5.1328767e+00  -1.2705063e+00  -9.6197973e-01   0.0000000e+00
  -4.2147636e-02  -2.1012786e+00   5.0929589e+00  -1.2634508e+00  -9.6382853e-01   0.0000000e+00
  -2.1836826e-02  -2.0920408e+00   5.0574854e+00  -1.2576069e+00  -9.6566304e-01   0.0000000e+00
  -1.5469100e-03  -2.0841900e+00   5.0264187e+00  -1.2528118e+00  -9.6746416e-01   0.0000000e+00
   1.7048884e-02  -2.0780218e+00   5.0012780e+00  -1.2491475e+00  -9.6909967e-01   0.0000000e+00
   3.2974063e-02  -2.0734190e+00   4.9820450e+00  -1.2464716e+00  -9.7049562e-01   0.0000000e+00
   4.6162115e-02  -2.0700286e+00   4.9676365e+00  -1.2445358e+00  -9.7165224e-01   0.0000000e+00
   5.5679949e-02  -2.0677991e+00   4.9580410e+00  -1.2432790e+00  -9.7248838e-01   0.0000000e+00
   6.0497218e-02  -2.0667497e+00   4.9532969e+00  -1.2426756e+00  -9.7290935e-01   0.0000000e+00
   6.2651173e-02  -2.0663185e+00   4.9509942e+00  -1.2423996e+00  -9.7309265e-01   0.0000000e+00
   5.7322843e-02  -2.0677217e+00   4.9535320e+00  -1.2428822e+00  -9.7257062e-01   0.0000000e+00
   4.5818237e-02  -2.0706937e+00   4.9615812e+00  -1.2441374e+00  -9.7149017e-01   0.0000000e+00
   3.0022623e-02  -2.0752273e+00   4.9727098e+00  -1.2459777e+00  -9.6998836e-01   0.0000000e+00
   1.0136852e-02  -2.0816798e+00   4.9867724e+00  -1.2484814e+00  -9.6806695e-01   0.0000000e+00
  -1.2767283e-02  -2.0901224e+00   5.0031960e+00  -1.2516358e+00  -9.6581615e-01   0.0000000e+00
  -3.7443645e-02  -2.1004201e+00   5.0213532e+00  -1.2553794e+00  -9.6335110e-01   0.0000000e+00
  -6.3107140e-02  -2.1124383e+00   5.0413518e+00  -1.2597196e+00  -9.6075523e-01   0.0000000e+00
  -8.8133775e-02  -2.1254964e+00   5.0616780e+00  -1.2643908e+00  -9.5818618e-01   0.0000000e+00
  -1.1152177e-01  -2.1390294e+00   5.0791025e+00  -1.2689319e+00  -9.5571237e-01   0.0000000e+00
  -1.3285495e-01  -2.1524872e+00   5.0944448e+00  -1.2732921e+00  -9.5341007e-01   0.0000000e+00
  -1.5240631e-01  -2.1658039e+00   5.1078481e+00  -1.2774534e+00  -9.5125849e-01   0.0000000e+00
  -1.7027081e-01  -2.1788586e+00   5.1191593e+00  -1.2813566e+00  -9.4925062e-01   0.0000000e+00
  -1.8563803e-01  -2.1908407e+00   5.1276941e+00  -1.2847436e+00  -9.4748177e-01   0.0000000e+00
  -1.9946462e-01  -2.2023110e+00   5.1338098e+00  -1.2877540e+00  -9.4584396e-01   0.0000000e+00
  -2.1105384e-01  -2.2125485e+00   5.1370338e+00  -1.2901797e+00  -9.4441975e-01   0.0000000e+00
  -2.2004289e-01  -2.2210195e+00   5.1374949e+00  -1.2919267e+00  -9.4326188e-01   0.0000000e+00
  -2.2728272e-01  -2.2283586e+00   5.1355213e+00  -1.2931637e+00  -9.4226832e-01   0.0000000e+00
  -2.3290117e-01  -2.2346266e+00   5.1311158e+00  -1.2939115e+00  -9.4142108e-01   0.0000000e+00
  -2.3667940e-01  -2.2394812e+00   5.1247871e+00  -1.2941714e+00  -9.4075967e-01   0.0000000e+00
  -2.3893916e-01  -2.2431593e+00   5.1169064e+00  -1.2940438e+00  -9.4024940e-01   0.0000000e+00
  -2.4011892e-01  -2.2461158e+00   5.1075537e+00  -1.2936390e+00  -9.3983126e-01   0.0000000e+00
  -2.4064580e-01  -2.2486574e+00   5.0977465e+00  -1.2931326e+00  -9.3947348e-01   0.0000000e+00
  -2.3830185e-01  -2.2487749e+00   5.0847431e+00  -1.2918726e+00  -9.3939637e-01   0.0000000e+00
  -2.3448067e-01  -2.2475223e+00   5.0712834e+00  -1.2903529e+00  -9.3948939e-01   0.0000000e+00
  -2.2928570e-01  -2.2451334e+00   5.0569680e+00  -1.2885882e+00  -9.3972475e-01   0.0000000e+00
  -2.2268843e-01  -2.2416019e+00   5.0418809e+00  -1.2865938e+00  -9.4010705e-01   0.0000000e+00
  -2.1462159e-01  -2.2368862e+00   5.0261287e+00  -1.2843790e+00  -9.4064689e-01   0.0000000e+00
  -2.0497176e-01  -2.2309102e+00   5.0098212e+00  -1.2819450e+00  -9.4136110e-01   0.0000000e+00
  -1.9363960e-01  -2.2236226e+00   4.9931301e+00  -1.2793002e+00  -9.4226655e-01   0.0000000e+00
  -1.8128898e-01  -2.2155164e+00   4.9771357e+00  -1.2766164e+00  -9.4331250e-01   0.0000000e+00
  -1.6709946e-01  -2.2063122e+00   4.9604713e+00  -1.2737386e+00  -9.4455276e-01   0.0000000e+00
  -1.5089164e-01  -2.1957001e+00   4.9440563e+00  -1.2706759e+00  -9.4604211e-01   0.0000000e+00
  -1.3349396e-01  -2.1837408e+00   4.9304516e+00  -1.2675940e+00  -9.4777317e-01   0.0000000e+00
  -1.1487009e-01  -2.1708940e+00   4.9188914e+00  -1.2645055e+00  -9.4971485e-01   0.0000000e+00
  -9.4936923e-02  -2.1572497e+00   4.9095974e+00  -1.2614252e+00  -9.5187941e-01   0.0000000e+00
  -7.4671458e-02  -2.1436089e+00   4.9032343e+00  -1.2585286e+00  -9.5416121e-01   0.0000000e+00
  -5.3577562e-02  -2.1297724e+00   4.8998454e+00  -1.2557735e+00  -9.5661416e-01   0.0000000e+00
  -3.2395120e-02  -2.1163555e+00   4.8998163e+00  -1.2532959e+00  -9.5915009e-01   0.0000000e+00
  -1.1827196e-02  -2.1038983e+00   4.9031482e+00  -1.2512027e+00  -9.6167498e-01   0.0000000e+00
   6.6106414e-03  -2.0932966e+00   4.9091762e+00  -1.2496313e+00  -9.6398649e-01   0.0000000e+00
   2.2959480e-02  -2.0844135e+00   4.9172040e+00  -1.2485260e+00  -9.6607187e-01   0.0000000e+00
   3.7099029e-02  -2.0771759e+00   4.9264921e+00  -1.2478358e+00  -9.6790209e-01   0.0000000e+00
   4.8185656e-02  -2.0718203e+00   4.9356096e+00  -1.2475086e+00  -9.6935597e-01   0.0000000e+00
   5.5815878e-02  -2.0683088e+00   4.9430643e+00  -1.2474207e+00  -9.7036851e-01   0.0000000e+00
   6.0136945e-02  -2.0663873e+00   4.9478085e+00  -1.2474318e+00  -9.7094719e-01   0.0000000e+00
   6.2060167e-02  -2.0655515e+00   4.9500317e+00  -1.2474513e+00  -9.7120552e-01   0.0000000e+00
   6.1827310e-02  -2.0657968e+00   4.9483891e+00  -1.2473655e+00  -9.7114314e-01   0.0000000e+00
   5.6871656e-02  -2.0683510e+00   4.9398668e+00  -1.2471767e+00  -9.7040728e-01   0.0000000e+00
   4.9565780e-02  -2.0726119e+00   4.9266702e+00  -1.2469782e+00  -9.6928140e-01   0.0000000e+00
   4.0971105e-02  -2.0785338e+00   4.9100601e+00  -1.2468945e+00  -9.6788328e-01   0.0000000e+00
   3.2127323e-02  -2.0859001e+00   4.8916853e+00  -1.2470318e+00  -9.6634661e-01   0.0000000e+00
   2.3492778e-02  -2.0947344e+00   4.8722248e+00  -1.2474556e+00  -9.6472385e-01   0.0000000e+00
   1.5456209e-02  -2.1050197e+00   4.8522459e+00  -1.2482049e+00  -9.6306272e-01   0.0000000e+00
   8.7602274e-03  -2.1159704e+00   4.8333471e+00  -1.2492189e+00  -9.6150514e-01   0.0000000e+00
   3.2235234e-03  -2.1280069e+00   4.8146872e+00  -1.2505182e+00  -9.5999801e-01   0.0000000e+00
  -7.2892695e-04  -2.1403400e+00   4.7973050e+00  -1.2519964e+00  -9.5864381e-01   0.0000000e+00
  -3.0596689e-03  -2.1523381e+00   4.7816998e+00  -1.2535422e+00  -9.5749041e-01   0.0000000e+00
  -4.1771011e-03  -2.1637153e+00   4.7680436e+00  -1.2550910e+00  -9.5652119e-01   0.0000000e+00
  -4.6436822e-03  -2.1748656e+00   4.7558678e+00  -1.2566808e+00  -9.5565771e-01   0.0000000e+00
  -2.3405210e-03  -2.1840702e+00   4.7446527e+00  -1.2579832e+00  -9.5515442e-01   0.0000000e+00
   1.6843784e-03  -2.1923507e+00   4.7339353e+00  -1.2591603e+00  -9.5485929e-01   0.0000000e+00
   6.8316317e-03  -2.1992213e+00   4.7243912e+00  -1.2601393e+00  -9.5475860e-01   0.0000000e+00
   1.3351966e-02  -2.2050903e+00   4.7152934e+00  -1.2609706e+00  -9.5483736e-01   0.0000000e+00
   2.0726302e-02  -2.2095719e+00   4.7071644e+00  -1.2615943e+00  -9.5508047e-01   0.0000000e+00
   2.8542095e-02  -2.2126327e+00   4.7001377e+00  -1.2620027e+00  -9.5545624e-01   0.0000000e+00
   3.6931182e-02  -2.2145099e+00   4.6938586e+00  -1.2622270e+00  -9.5595662e-01   0.0000000e+00
   4.5900083e-02  -2.2152442e+00   4.6882437e+00  -1.2622705e+00  -9.5657842e-01   0.0000000e+00
   5.4645898e-02  -2.2149220e+00   4.6836485e+00  -1.2621506e+00  -9.5725547e-01   0.0000000e+00
   6.4008228e-02  -2.2137569e+00   4.6794689e+00  -1.2618939e+00  -9.5803799e-01   0.0000000e+00
   7.3481299e-02  -2.2121704e+00   4.6757477e+00  -1.2615726e+00  -9.5886355e-01   0.0000000e+00
   8.2779992e-02  -2.2082434e+00   4.6736650e+00  -1.2608685e+00  -9.5982109e-01   0.0000000e+00
   9.1653512e-02  -2.2029309e+00   4.6728414e+00  -1.2599398e+00  -9.6083678e-01   0.0000000e+00
   1.0003846e-01  -2.1963713e+00   4.6732852e+00  -1.2588100e+00  -9.6189923e-01   0.0000000e+00
   1.0773244e-01  -2.1886471e+00   4.6751226e+00  -1.2574955e+00  -9.6298989e-01   0.0000000e+00
   1.1458293e-01  -2.1798469e+00   4.6784869e+00  -1.2560154e+00  -9.6409443e-01   0.0000000e+00
   1.2012599e-01  -2.1705828e+00   4.6832626e+00  -1.2544777e+00  -9.6513986e-01   0.0000000e+00
   1.2472685e-01  -2.1603253e+00   4.6898869e+00  -1.2528026e+00  -9.6619404e-01   0.0000000e+00
   1.2821270e-01  -2.1490896e+00   4.6987478e+00  -1.2510087e+00  -9.6724980e-01   0.0000000e+00
   1.3034273e-01  -2.1377005e+00   4.7095360e+00  -1.2492464e+00  -9.6823831e-01   0.0000000e+00
   1.3148092e-01  -2.1255634e+00   4.7231938e+00  -1.2474499e+00  -9.6924193e-01   0.0000000e+00
   1.3182099e-01  -2.1135749e+00   4.7391922e+00  -1.2457875e+00  -9.7022093e-01   0.0000000e+00
   1.2889226e-01  -2.1022845e+00   4.7583365e+00  -1.2444108e+00  -9.7093545e-01   0.0000000e+00
   1.2413948e-01  -2.0924170e+00   4.7792355e+00  -1.2434345e+00  -9.7144698e-01   0.0000000e+00
   1.1758001e-01  -2.0835669e+00   4.8030505e+00  -1.2428652e+00  -9.7179753e-01   0.0000000e+00
   1.0953824e-01  -2.0762859e+00   4.8288763e+00  -1.2428051e+00  -9.7196399e-01   0.0000000e+00
   1.0073431e-01  -2.0709811e+00   4.8548222e+00  -1.2432584e+00  -9.7194851e-01   0.0000000e+00
   9.1880301e-02  -2.0675419e+00   4.8793615e+00  -1.2441152e+00  -9.7179063e-01   0.0000000e+00
   8.3168225e-02  -2.0655536e+00   4.9023046e+00  -1.2452674e+00  -9.7152695e-01   0.0000000e+00
   7.5472970e-02  -2.0647284e+00   4.9216226e+00  -1.2464904e+00  -9.7121791e-01   0.0000000e+00
   6.9180681e-02  -2.0646160e+00   4.9366143e+00  -1.2475993e+00  -9.7091482e-01   0.0000000e+00
   6.5006445e-02  -2.0648097e+00   4.9459053e+00  -1.2483632e+00  -9.7068526e-01   0.0000000e+00
   6.3066169e-02  -2.0649909e+00   4.9497854e+00  -1.2487074e+00  -9.7056548e-01   0.0000000e+00
   6.4065772e-02  -2.0649772e+00   4.9470152e+00  -1.2484835e+00  -9.7060958e-01   0.0000000e+00
   7.0374575e-02  -2.0644337e+00   4.9351831e+00  -1.2474548e+00  -9.7100846e-01   0.0000000e+00
   8.0529464e-02  -2.0637747e+00   4.9180887e+00  -1.2460501e+00  -9.7166885e-01   0.0000000e+00
   9.3816901e-02  -2.0633347e+00   4.8981175e+00  -1.2445557e+00  -9.7254799e-01   0.0000000e+00
   1.1024026e-01  -2.0633930e+00   4.8763408e+00  -1.2431287e+00  -9.7365116e-01   0.0000000e+00
   1.2884721e-01  -2.0641655e+00   4.8548712e+00  -1.2419561e+00  -9.7492123e-01   0.0000000e+00
   1.4953253e-01  -2.0657750e+00   4.8344482e+00  -1.2410937e+00  -9.7636026e-01   0.0000000e+00
   1.7115834e-01  -2.0681562e+00   4.8165657e+00  -1.2405890e+00  -9.7789940e-01   0.0000000e+00
   1.9265589e-01  -2.0710939e+00   4.8020096e+00  -1.2404097e+00  -9.7946893e-01   0.0000000e+00
   2.1374876e-01  -2.0743966e+00   4.7906863e+00  -1.2404857e+00  -9.8105257e-01   0.0000000e+00
   2.3431445e-01  -2.0778859e+00   4.7824090e+00  -1.2407534e+00  -9.8264461e-01   0.0000000e+00
   2.5445299e-01  -2.0814330e+00   4.7769559e+00  -1.2411644e+00  -9.8425616e-01   0.0000000e+00
   2.7311691e-01  -2.0847180e+00   4.7743151e+00  -1.2416507e+00  -9.8580304e-01   0.0000000e+00
   2.8951257e-01  -2.0875129e+00   4.7740006e+00  -1.2421462e+00  -9.8720981e-01   0.0000000e+00
   3.0475939e-01  -2.0900174e+00   4.7753901e+00  -1.2426604e+00  -9.8855829e-01   0.0000000e+00
   3.1804684e-01  -2.0923640e+00   4.7774327e+00  -1.2431744e+00  -9.8974288e-01   0.0000000e+00
   3.3027870e-01  -2.0937092e+00   4.7819752e+00  -1.2436151e+00  -9.9092663e-01   0.0000000e+00
   3.4074496e-01  -2.0941904e+00   4.7880884e+00  -1.2439731e+00  -9.9201563e-01   0.0000000e+00
   3.4961002e-01  -2.0940754e+00   4.7950977e+00  -1.2442721e+00  -9.9299816e-01   0.0000000e+00
   3.5748544e-01  -2.0933648e+00   4.8033775e+00  -1.2445341e+00  -9.9393876e-01   0.0000000e+00
   3.6384479e-01  -2.0921024e+00   4.8123479e+00  -1.2447446e+00  -9.9477362e-01   0.0000000e+00
   3.6836085e-01  -2.0904796e+00   4.8211004e+00  -1.2448952e+00  -9.9544513e-01   0.0000000e+00
   3.7161757e-01  -2.0884671e+00   4.8301969e+00  -1.2450097e+00  -9.9602071e-01   0.0000000e+00
   3.7362694e-01  -2.0860782e+00   4.8396279e+00  -1.2450919e+00  -9.9650060e-01   0.0000000e+00
   3.7473092e-01  -2.0833261e+00   4.8498608e+00  -1.2451739e+00  -9.9692470e-01   0.0000000e+00
   3.7490654e-01  -2.0806054e+00   4.8596374e+00  -1.2452572e+00  -9.9724870e-01   0.0000000e+00
   3.7218081e-01  -2.0772493e+00   4.8686052e+00  -1.2451915e+00  -9.9731386e-01   0.0000000e+00
   3.6751223e-01  -2.0735589e+00   4.8771492e+00  -1.2450533e+00  -9.9720313e-01   0.0000000e+00
   3.6062859e-01  -2.0694614e+00   4.8855242e+00  -1.2448431e+00  -9.9689909e-01   0.0000000e+00
   3.5186701e-01  -2.0652991e+00   4.8930998e+00  -1.2445804e+00  -9.9640619e-01   0.0000000e+00
   3.4108994e-01  -2.0611026e+00   4.8999660e+00  -1.2442727e+00  -9.9571176e-01   0.0000000e+00
   3.2815352e-01  -2.0569510e+00   4.9061643e+00  -1.2439348e+00  -9.9479918e-01   0.0000000e+00
   3.1290765e-01  -2.0529627e+00   4.9117413e+00  -1.2435895e+00  -9.9364924e-01   0.0000000e+00
   2.9512225e-01  -2.0492863e+00   4.9167658e+00  -1.2432682e+00  -9.9223403e-01   0.0000000e+00
   2.7457975e-01  -2.0461304e+00   4.9213452e+00  -1.2430170e+00  -9.9052454e-01   0.0000000e+00
   2.5214886e-01  -2.0438503e+00   4.9254447e+00  -1.2429001e+00  -9.8858510e-01   0.0000000e+00
   2.2896207e-01  -2.0426524e+00   4.9291347e+00  -1.2429613e+00  -9.8651451e-01   0.0000000e+00
   2.0346774e-01  -2.0425992e+00   4.9329336e+00  -1.2432530e+00  -9.8417298e-01   0.0000000e+00
   1.7803634e-01  -2.0437900e+00   4.9368464e+00  -1.2437946e+00  -9.8178127e-01   0.0000000e+00
   1.5360530e-01  -2.0460054e+00   4.9416122e+00  -1.2446037e+00  -9.7945218e-01   0.0000000e+00
   1.3001074e-01  -2.0492651e+00   4.9455973e+00  -1.2455524e+00  -9.7714328e-01   0.0000000e+00
   1.0927675e-01  -2.0530791e+00   4.9481088e+00  -1.2464878e+00  -9.7505714e-01   0.0000000e+00
   9.1554007e-02  -2.0570172e+00   4.9499344e+00  -1.2473905e+00  -9.7324061e-01   0.0000000e+00
   7.7854655e-02  -2.0605108e+00   4.9510073e+00  -1.2481459e+00  -9.7181243e-01   0.0000000e+00
   6.8684560e-02  -2.0630963e+00   4.9513322e+00  -1.2486664e+00  -9.7083951e-01   0.0000000e+00
   6.4189449e-02  -2.0644719e+00   4.9510425e+00  -1.2489058e+00  -9.7035000e-01   0.0000000e+00
   6.2822878e-02  -2.0649807e+00   4.9501571e+00  -1.2489319e+00  -9.7018266e-01   0.0000000e+00
   6.9355086e-02  -2.0630754e+00   4.9495658e+00  -1.2485208e+00  -9.7087134e-01   0.0000000e+00
   8.0589800e-02  -2.0597369e+00   4.9512865e+00  -1.2480218e+00  -9.7210912e-01   0.0000000e+00
   9.5584593e-02  -2.0555621e+00   4.9553981e+00  -1.2475589e+00  -9.7378167e-01   0.0000000e+00
   1.1327214e-01  -2.0511405e+00   4.9625519e+00  -1.2473091e+00  -9.7577112e-01   0.0000000e+00
   1.3355306e-01  -2.0468367e+00   4.9737920e+00  -1.2474537e+00  -9.7806381e-01   0.0000000e+00
   1.5454035e-01  -2.0433661e+00   4.9890773e+00  -1.2481674e+00  -9.8043925e-01   0.0000000e+00
   1.7538443e-01  -2.0410678e+00   5.0084223e+00  -1.2495722e+00  -9.8279024e-01   0.0000000e+00
   1.9512001e-01  -2.0401484e+00   5.0313576e+00  -1.2517295e+00  -9.8499658e-01   0.0000000e+00
   2.1297510e-01  -2.0406154e+00   5.0569544e+00  -1.2546121e+00  -9.8696152e-01   0.0000000e+00
   2.2897526e-01  -2.0423895e+00   5.0851890e+00  -1.2582685e+00  -9.8868072e-01   0.0000000e+00
   2.4241581e-01  -2.0452320e+00   5.1144027e+00  -1.2625108e+00  -9.9007474e-01   0.0000000e+00
   2.5350280e-01  -2.0489476e+00   5.1443552e+00  -1.2673034e+00  -9.9116704e-01   0.0000000e+00
   2.6241311e-01  -2.0533939e+00   5.1749382e+00  -1.2726343e+00  -9.9197781e-01   0.0000000e+00
   2.6909336e-01  -2.0583252e+00   5.2052727e+00  -1.2783451e+00  -9.9250801e-01   0.0000000e+00
   2.7365545e-01  -2.0634865e+00   5.2345313e+00  -1.2842476e+00  -9.9277988e-01   0.0000000e+00
   2.7643395e-01  -2.0688843e+00   5.2632677e+00  -1.2904229e+00  -9.9282986e-01   0.0000000e+00
   2.7773334e-01  -2.0740050e+00   5.2891446e+00  -1.2963121e+00  -9.9271435e-01   0.0000000e+00
   2.7844399e-01  -2.0792061e+00   5.3141414e+00  -1.3023125e+00  -9.9250774e-01   0.0000000e+00
   2.7618617e-01  -2.0840886e+00   5.3375005e+00  -1.3081582e+00  -9.9201112e-01   0.0000000e+00
   2.7236174e-01  -2.0882731e+00   5.3572696e+00  -1.3132998e+00  -9.9138750e-01   0.0000000e+00
   2.7201174e-01  -2.0885796e+00   5.3587073e+00  -1.3136809e+00  -9.9133453e-01   0.0000000e+00
