   0.0000000e+00  -2.0943951e+00  -1.0471976e+00   0.0000000e+00   1.5707963e+00   0.0000000e+00
  -2.5445177e-03  -2.0837035e+00  -1.0709946e+00   7.1568534e-03   1.5721996e+00   0.0000000e+00
  -5.3979501e-03  -2.0725903e+00  -1.1000267e+00   1.5133278e-02   1.5738452e+00   0.0000000e+00
  -8.8214468e-03  -2.0614269e+00  -1.1334960e+00   2.3562537e-02   1.5756380e+00   0.0000000e+00
  -1.3064149e-02  -2.0506247e+00  -1.1704844e+00   3.2076696e-02   1.5774779e+00   0.0000000e+00
  -2.1123355e-02  -2.0364960e+00  -1.2282307e+00   4.3852397e-02   1.5800213e+00   0.0000000e+00
  -3.1991084e-02  -2.0252662e+00  -1.2881845e+00   5.4252325e-02   1.5821728e+00   0.0000000e+00
  -4.6114253e-02  -2.0179533e+00  -1.3474608e+00   6.2714303e-02   1.5837020e+00   0.0000000e+00
  -6.3752426e-02  -2.0152757e+00  -1.4034719e+00   6.8945206e-02   1.5844377e+00   0.0000000e+00
  -8.4960455e-02  -2.0176120e+00  -1.4539864e+00   7.2895349e-02   1.5842724e+00   0.0000000e+00
  -1.0953938e-01  -2.0248896e+00  -1.4972555e+00   7.4707581e-02   1.5831756e+00   0.0000000e+00
  -1.3705868e-01  -2.0366108e+00  -1.5320785e+00   7.4652718e-02   1.5811865e+00   0.0000000e+00
  -1.6686267e-01  -2.0518601e+00  -1.5578421e+00   7.3099372e-02   1.5784120e+00   0.0000000e+00
  -2.0376906e-01  -2.0726208e+00  -1.5765697e+00   6.9941438e-02   1.5743598e+00   0.0000000e+00
  -2.4099031e-01  -2.0939275e+00  -1.5837643e+00   6.6050668e-02   1.5698002e+00   0.0000000e+00
  -2.7677734e-01  -2.1131275e+00  -1.5813303e+00   6.2128037e-02   1.5651091e+00   0.0000000e+00
  -3.0939880e-01  -2.1276782e+00  -1.5718233e+00   5.8807284e-02   1.5606601e+00   0.0000000e+00
  -3.3493373e-01  -2.1349612e+00  -1.5595384e+00   5.6773012e-02   1.5571207e+00   0.0000000e+00
  -3.5542667e-01  -2.1352969e+00  -1.5460188e+00   5.6020715e-02   1.5542912e+00   0.0000000e+00
  -3.6996507e-01  -2.1279181e+00  -1.5330925e+00   5.6792150e-02   1.5523513e+00   0.0000000e+00
  -3.7778892e-01  -2.1125604e+00  -1.5221234e+00   5.9230880e-02   1.5514407e+00   0.0000000e+00
  -3.7803372e-01  -2.0876283e+00  -1.5135400e+00   6.3716045e-02   1.5517206e+00   0.0000000e+00
  -3.6928460e-01  -2.0548632e+00  -1.5084144e+00   7.0012890e-02   1.5533820e+00   0.0000000e+00
  -3.5106663e-01  -2.0157635e+00  -1.5064269e+00   7.7845204e-02   1.5564842e+00   0.0000000e+00
  -3.2307440e-01  -1.9722663e+00  -1.5068202e+00   8.6804699e-02   1.5610579e+00   0.0000000e+00
  -2.9286581e-01  -1.9350317e+00  -1.5081839e+00   9.4607949e-02   1.5658891e+00   0.0000000e+00
  -2.5616970e-01  -1.8976740e+00  -1.5099222e+00   1.0251884e-01   1.5716849e+00   0.0000000e+00
  -2.1332057e-01  -1.8614401e+00  -1.5116346e+00   1.1024575e-01   1.5783966e+00   0.0000000e+00
  -1.6492083e-01  -1.8274646e+00  -1.5130968e+00   1.1752660e-01   1.5859398e+00   0.0000000e+00
  -1.1186040e-01  -1.7967216e+00  -1.5142768e+00   1.2414199e-01   1.5941905e+00   0.0000000e+00
  -5.5408217e-02  -1.7699109e+00  -1.5153889e+00   1.2994855e-01   1.6029675e+00   0.0000000e+00
   2.9042888e-03  -1.7474108e+00  -1.5168309e+00   1.3488835e-01   1.6120528e+00   0.0000000e+00
   6.1332955e-02  -1.7292536e+00  -1.5191610e+00   1.3899417e-01   1.6211996e+00   0.0000000e+00
   1.1838513e-01  -1.7150533e+00  -1.5230859e+00   1.4240388e-01   1.6302077e+00   0.0000000e+00
   1.7185019e-01  -1.7043142e+00  -1.5292957e+00   1.4527961e-01   1.6387764e+00   0.0000000e+00
   2.2011731e-01  -1.6962218e+00  -1.5383931e+00   1.4783949e-01   1.6467059e+00   0.0000000e+00
   2.6179752e-01  -1.6898445e+00  -1.5508295e+00   1.5030627e-01   1.6538364e+00   0.0000000e+00
   2.9921226e-01  -1.6835554e+00  -1.5689641e+00   1.5320365e-01   1.6607119e+00   0.0000000e+00
   3.2610261e-01  -1.6770139e+00  -1.5914455e+00   1.5643171e-01   1.6663457e+00   0.0000000e+00
   3.4192161e-01  -1.6693787e+00  -1.6176194e+00   1.6006855e-01   1.6706466e+00   0.0000000e+00
   3.4646793e-01  -1.6602079e+00  -1.6462966e+00   1.6407773e-01   1.6735172e+00   0.0000000e+00
   3.4082609e-01  -1.6504286e+00  -1.6733345e+00   1.6795851e-01   1.6747983e+00   0.0000000e+00
   3.2603759e-01  -1.6396579e+00  -1.6994664e+00   1.7186974e-01   1.6746788e+00   0.0000000e+00
   3.0254174e-01  -1.6284504e+00  -1.7229841e+00   1.7561537e-01   1.6730651e+00   0.0000000e+00
   2.7101236e-01  -1.6175521e+00  -1.7421593e+00   1.7897938e-01   1.6698925e+00   0.0000000e+00
   2.1992332e-01  -1.6053330e+00  -1.7578711e+00   1.8239970e-01   1.6634644e+00   0.0000000e+00
   1.5986749e-01  -1.5969834e+00  -1.7607490e+00   1.8433172e-01   1.6546016e+00   0.0000000e+00
   9.4482412e-02  -1.5938216e+00  -1.7492954e+00   1.8441633e-01   1.6437780e+00   0.0000000e+00
   2.8050948e-02  -1.5962926e+00  -1.7236669e+00   1.8247416e-01   1.6317502e+00   0.0000000e+00
  -2.7180549e-02  -1.6026656e+00  -1.6911575e+00   1.7914997e-01   1.6210257e+00   0.0000000e+00
  -7.7189115e-02  -1.6118435e+00  -1.6516752e+00   1.7453227e-01   1.6107391e+00   0.0000000e+00
  -1.1989449e-01  -1.6223625e+00  -1.6083567e+00   1.6902570e-01   1.6014552e+00   0.0000000e+00
  -1.5377816e-01  -1.6324877e+00  -1.5649377e+00   1.6322721e-01   1.5936524e+00   0.0000000e+00
  -1.7855584e-01  -1.6405795e+00  -1.5242150e+00   1.5771827e-01   1.5875397e+00   0.0000000e+00
  -1.9223295e-01  -1.6443050e+00  -1.4924703e+00   1.5374798e-01   1.5837775e+00   0.0000000e+00
  -1.9463621e-01  -1.6421815e+00  -1.4737171e+00   1.5224350e-01   1.5826241e+00   0.0000000e+00
  -1.8593565e-01  -1.6333463e+00  -1.4710003e+00   1.5388832e-01   1.5842533e+00   0.0000000e+00
  -1.7008389e-01  -1.6203557e+00  -1.4828090e+00   1.5804514e-01   1.5879095e+00   0.0000000e+00
  -1.4697235e-01  -1.6028482e+00  -1.5077630e+00   1.6453647e-01   1.5936324e+00   0.0000000e+00
  -1.1728852e-01  -1.5817229e+00  -1.5452018e+00   1.7291472e-01   1.6013187e+00   0.0000000e+00
  -8.1942143e-02  -1.5582408e+00  -1.5937831e+00   1.8252756e-01   1.6107757e+00   0.0000000e+00
  -3.3478673e-02  -1.5290209e+00  -1.6643698e+00   1.9462553e-01   1.6241094e+00   0.0000000e+00
   1.9089197e-02  -1.5015211e+00  -1.7445533e+00   2.0604806e-01   1.6389128e+00   0.0000000e+00
   7.3073551e-02  -1.4784491e+00  -1.8304642e+00   2.1568586e-01   1.6543832e+00   0.0000000e+00
   1.2570791e-01  -1.4621104e+00  -1.9183978e+00   2.2271753e-01   1.6696501e+00   0.0000000e+00
   1.7105984e-01  -1.4545130e+00  -1.9989222e+00   2.2645937e-01   1.6828839e+00   0.0000000e+00
   2.1117782e-01  -1.4549839e+00  -2.0758504e+00   2.2734968e-01   1.6945821e+00   0.0000000e+00
   2.4474060e-01  -1.4635207e+00  -2.1472237e+00   2.2546876e-01   1.7043001e+00   0.0000000e+00
   2.7088401e-01  -1.4793320e+00  -2.2115480e+00   2.2112872e-01   1.7117708e+00   0.0000000e+00
   2.8967453e-01  -1.5016816e+00  -2.2695909e+00   2.1461883e-01   1.7170434e+00   0.0000000e+00
   3.0011587e-01  -1.5275080e+00  -2.3185514e+00   2.0688609e-01   1.7199604e+00   0.0000000e+00
   3.0269546e-01  -1.5537232e+00  -2.3584717e+00   1.9888822e-01   1.7208244e+00   0.0000000e+00
   2.9831612e-01  -1.5770088e+00  -2.3898216e+00   1.9163881e-01   1.7200687e+00   0.0000000e+00
   2.8900187e-01  -1.5932912e+00  -2.4121704e+00   1.8639463e-01   1.7183523e+00   0.0000000e+00
   2.7605154e-01  -1.6018721e+00  -2.4282364e+00   1.8336247e-01   1.7161252e+00   0.0000000e+00
   2.6105029e-01  -1.6013063e+00  -2.4384473e+00   1.8299593e-01   1.7138230e+00   0.0000000e+00
   2.4575128e-01  -1.5910503e+00  -2.4429638e+00   1.8549084e-01   1.7118416e+00   0.0000000e+00
   2.3212117e-01  -1.5716757e+00  -2.4417108e+00   1.9072372e-01   1.7105343e+00   0.0000000e+00
   2.2185302e-01  -1.5445675e+00  -2.4343138e+00   1.9832035e-01   1.7101390e+00   0.0000000e+00
   2.1659098e-01  -1.5118130e+00  -2.4203118e+00   2.0768145e-01   1.7108259e+00   0.0000000e+00
   2.1773589e-01  -1.4759953e+00  -2.3993336e+00   2.1803332e-01   1.7126798e+00   0.0000000e+00
   2.2373071e-01  -1.4480202e+00  -2.3781990e+00   2.2615652e-01   1.7149213e+00   0.0000000e+00
   2.3456170e-01  -1.4211799e+00  -2.3528995e+00   2.3394883e-01   1.7178474e+00   0.0000000e+00
   2.5039471e-01  -1.3965639e+00  -2.3237322e+00   2.4106392e-01   1.7214242e+00   0.0000000e+00
   2.7121418e-01  -1.3750497e+00  -2.2911889e+00   2.4722178e-01   1.7256058e+00   0.0000000e+00
   2.9681378e-01  -1.3572821e+00  -2.2559473e+00   2.5221683e-01   1.7303336e+00   0.0000000e+00
   3.2674244e-01  -1.3436223e+00  -2.2188600e+00   2.5593840e-01   1.7355266e+00   0.0000000e+00
   3.6034596e-01  -1.3341774e+00  -2.1809073e+00   2.5836078e-01   1.7410857e+00   0.0000000e+00
   3.9678951e-01  -1.3288094e+00  -2.1431754e+00   2.5954124e-01   1.7468973e+00   0.0000000e+00
   4.4078857e-01  -1.3272011e+00  -2.1016887e+00   2.5953944e-01   1.7537099e+00   0.0000000e+00
   4.8557945e-01  -1.3296345e+00  -2.0638071e+00   2.5838458e-01   1.7605005e+00   0.0000000e+00
   5.2953785e-01  -1.3350866e+00  -2.0312364e+00   2.5643922e-01   1.7671080e+00   0.0000000e+00
   5.7114310e-01  -1.3424148e+00  -2.0055352e+00   2.5410002e-01   1.7734133e+00   0.0000000e+00
   6.1104592e-01  -1.3508761e+00  -1.9873312e+00   2.5164524e-01   1.7796649e+00   0.0000000e+00
   6.4554193e-01  -1.3588018e+00  -1.9794768e+00   2.4960517e-01   1.7854674e+00   0.0000000e+00
   6.7365591e-01  -1.3651155e+00  -1.9826403e+00   2.4827226e-01   1.7908057e+00   0.0000000e+00
   6.9467774e-01  -1.3690161e+00  -1.9969465e+00   2.4780582e-01   1.7956577e+00   0.0000000e+00
   7.0811041e-01  -1.3700037e+00  -2.0219763e+00   2.4823227e-01   1.7999742e+00   0.0000000e+00
   7.1355250e-01  -1.3679381e+00  -2.0567482e+00   2.4944031e-01   1.8036334e+00   0.0000000e+00
   7.1063788e-01  -1.3629815e+00  -2.0998573e+00   2.5124344e-01   1.8064424e+00   0.0000000e+00
   6.9900276e-01  -1.3555848e+00  -2.1495275e+00   2.5340264e-01   1.8081330e+00   0.0000000e+00
   6.7728610e-01  -1.3460740e+00  -2.2058809e+00   2.5573257e-01   1.8083439e+00   0.0000000e+00
   6.4532974e-01  -1.3357677e+00  -2.2645017e+00   2.5785641e-01   1.8065162e+00   0.0000000e+00
   6.0291807e-01  -1.3259016e+00  -2.3227445e+00   2.5948977e-01   1.8021809e+00   0.0000000e+00
   5.5017493e-01  -1.3178120e+00  -2.3779812e+00   2.6036798e-01   1.7949104e+00   0.0000000e+00
   4.8769997e-01  -1.3128277e+00  -2.4277141e+00   2.6026028e-01   1.7843874e+00   0.0000000e+00
   4.1703475e-01  -1.3120452e+00  -2.4697881e+00   2.5898965e-01   1.7706062e+00   0.0000000e+00
   3.4059964e-01  -1.3159464e+00  -2.5027375e+00   2.5653415e-01   1.7539764e+00   0.0000000e+00
   2.6165368e-01  -1.3242372e+00  -2.5259430e+00   2.5306814e-01   1.7353597e+00   0.0000000e+00
   1.8469603e-01  -1.3357498e+00  -2.5396142e+00   2.4899383e-01   1.7161573e+00   0.0000000e+00
   1.1318384e-01  -1.3486151e+00  -2.5453524e+00   2.4486197e-01   1.6976827e+00   0.0000000e+00
   5.0647438e-02  -1.3607351e+00  -2.5451598e+00   2.4124781e-01   1.6812313e+00   0.0000000e+00
  -1.3109527e-04  -1.3700888e+00  -2.5414491e+00   2.3865224e-01   1.6678269e+00   0.0000000e+00
  -3.3199110e-02  -1.3746188e+00  -2.5373724e+00   2.3752007e-01   1.6592087e+00   0.0000000e+00
  -5.4897820e-02  -1.3750562e+00  -2.5340765e+00   2.3756042e-01   1.6537617e+00   0.0000000e+00
  -6.4577728e-02  -1.3711220e+00  -2.5327746e+00   2.3878763e-01   1.6517018e+00   0.0000000e+00
  -6.1779431e-02  -1.3629639e+00  -2.5343364e+00   2.4111774e-01   1.6531846e+00   0.0000000e+00
  -4.8635333e-02  -1.3526617e+00  -2.5385296e+00   2.4395898e-01   1.6575442e+00   0.0000000e+00
  -2.5301900e-02  -1.3401869e+00  -2.5454537e+00   2.4733168e-01   1.6648405e+00   0.0000000e+00
   8.2320452e-03  -1.3265156e+00  -2.5549582e+00   2.5096708e-01   1.6750846e+00   0.0000000e+00
   5.1787671e-02  -1.3129049e+00  -2.5666683e+00   2.5451422e-01   1.6882034e+00   0.0000000e+00
   1.0720153e-01  -1.3004502e+00  -2.5805509e+00   2.5764337e-01   1.7046777e+00   0.0000000e+00
   1.7202374e-01  -1.2917055e+00  -2.5953295e+00   2.5960696e-01   1.7235995e+00   0.0000000e+00
   2.4476229e-01  -1.2887368e+00  -2.6100218e+00   2.5976223e-01   1.7442469e+00   0.0000000e+00
   3.2336630e-01  -1.2935362e+00  -2.6235710e+00   2.5746941e-01   1.7656276e+00   0.0000000e+00
   4.0524908e-01  -1.3078679e+00  -2.6348993e+00   2.5215121e-01   1.7865277e+00   0.0000000e+00
   4.8736272e-01  -1.3328220e+00  -2.6430237e+00   2.4347363e-01   1.8056574e+00   0.0000000e+00
   5.6688798e-01  -1.3686658e+00  -2.6472091e+00   2.3141809e-01   1.8220039e+00   0.0000000e+00
   6.4146257e-01  -1.4147902e+00  -2.6470349e+00   2.1630452e-01   1.8349509e+00   0.0000000e+00
   7.0581412e-01  -1.4666197e+00  -2.6427753e+00   1.9975420e-01   1.8438854e+00   0.0000000e+00
   7.6331998e-01  -1.5247138e+00  -2.6348021e+00   1.8172212e-01   1.8498267e+00   0.0000000e+00
   8.1361449e-01  -1.5872259e+00  -2.6236413e+00   1.6291330e-01   1.8531644e+00   0.0000000e+00
   8.5671323e-01  -1.6522811e+00  -2.6100488e+00   1.4397583e-01   1.8543826e+00   0.0000000e+00
   8.9239423e-01  -1.7170208e+00  -2.5952080e+00   1.2575558e-01   1.8540198e+00   0.0000000e+00
   9.2180433e-01  -1.7809670e+00  -2.5798616e+00   1.0832634e-01   1.8525341e+00   0.0000000e+00
   9.4536620e-01  -1.8427808e+00  -2.5649545e+00   9.1964448e-02   1.8502826e+00   0.0000000e+00
   9.6348591e-01  -1.9013523e+00  -2.5513990e+00   7.6836651e-02   1.8475413e+00   0.0000000e+00
   9.7876613e-01  -1.9671854e+00  -2.5379079e+00   6.0144963e-02   1.8438164e+00   0.0000000e+00
   9.8699498e-01  -2.0255836e+00  -2.5290042e+00   4.5439789e-02   1.8398872e+00   0.0000000e+00
   9.8852435e-01  -2.0755376e+00  -2.5256915e+00   3.2714239e-02   1.8358736e+00   0.0000000e+00
   9.8354161e-01  -2.1162410e+00  -2.5286391e+00   2.1954231e-02   1.8317995e+00   0.0000000e+00
   9.6883058e-01  -2.1522311e+00  -2.5410384e+00   1.1566188e-02   1.8266944e+00   0.0000000e+00
   9.4437750e-01  -2.1725756e+00  -2.5629556e+00   4.2339550e-03   1.8211627e+00   0.0000000e+00
   9.0985489e-01  -2.1761462e+00  -2.5935384e+00   3.6112916e-04   1.8148680e+00   0.0000000e+00
   8.6496579e-01  -2.1617609e+00  -2.6312269e+00   6.4387060e-04   1.8074287e+00   0.0000000e+00
   8.2138471e-01  -2.1364639e+00  -2.6651136e+00   4.5340652e-03   1.8003834e+00   0.0000000e+00
   7.7129124e-01  -2.0983018e+00  -2.7007316e+00   1.2464074e-02   1.7922534e+00   0.0000000e+00
   7.1531145e-01  -2.0472159e+00  -2.7364453e+00   2.5140437e-02   1.7830743e+00   0.0000000e+00
   6.5454260e-01  -1.9838721e+00  -2.7704467e+00   4.3140684e-02   1.7730644e+00   0.0000000e+00
   5.9631544e-01  -1.9167766e+00  -2.7983246e+00   6.4441820e-02   1.7635476e+00   0.0000000e+00
   5.3693221e-01  -1.8430978e+00  -2.8217644e+00   9.0074006e-02   1.7540620e+00   0.0000000e+00
   4.7803676e-01  -1.7657492e+00  -2.8396267e+00   1.1915283e-01   1.7449672e+00   0.0000000e+00
   4.2129065e-01  -1.6880215e+00  -2.8512042e+00   1.5027440e-01   1.7365328e+00   0.0000000e+00
   3.7052531e-01  -1.6164888e+00  -2.8562033e+00   1.8029930e-01   1.7292420e+00   0.0000000e+00
   3.2423153e-01  -1.5499538e+00  -2.8557297e+00   2.0913310e-01   1.7227264e+00   0.0000000e+00
   2.8314996e-01  -1.4899993e+00  -2.8506277e+00   2.3565471e-01   1.7169777e+00   0.0000000e+00
   2.4766634e-01  -1.4374664e+00  -2.8420563e+00   2.5915338e-01   1.7119818e+00   0.0000000e+00
   2.1948281e-01  -1.3950677e+00  -2.8320635e+00   2.7817920e-01   1.7079595e+00   0.0000000e+00
   1.9612033e-01  -1.3593024e+00  -2.8213440e+00   2.9421026e-01   1.7045791e+00   0.0000000e+00
   1.7720988e-01  -1.3298823e+00  -2.8109374e+00   3.0733920e-01   1.7018037e+00   0.0000000e+00
   1.6222470e-01  -1.3064373e+00  -2.8017450e+00   3.1773076e-01   1.6995618e+00   0.0000000e+00
   1.4982813e-01  -1.2875848e+00  -2.7941108e+00   3.2601630e-01   1.6976330e+00   0.0000000e+00
   1.4023463e-01  -1.2747434e+00  -2.7893313e+00   3.3159154e-01   1.6959769e+00   0.0000000e+00
   1.3246811e-01  -1.2677305e+00  -2.7877784e+00   3.3456081e-01   1.6943248e+00   0.0000000e+00
   1.2551016e-01  -1.2665414e+00  -2.7895517e+00   3.3494117e-01   1.6923489e+00   0.0000000e+00
   1.1678989e-01  -1.2730241e+00  -2.7957967e+00   3.3189107e-01   1.6890277e+00   0.0000000e+00
   1.0599988e-01  -1.2887826e+00  -2.8057318e+00   3.2470039e-01   1.6839622e+00   0.0000000e+00
   9.1546544e-02  -1.3146834e+00  -2.8180190e+00   3.1295757e-01   1.6764397e+00   0.0000000e+00
   7.2040985e-02  -1.3516686e+00  -2.8308417e+00   2.9623923e-01   1.6658377e+00   0.0000000e+00
   4.6181144e-02  -1.4008668e+00  -2.8420656e+00   2.7408905e-01   1.6516032e+00   0.0000000e+00
   1.3237685e-02  -1.4624240e+00  -2.8490808e+00   2.4670063e-01   1.6337252e+00   0.0000000e+00
  -2.7156672e-02  -1.5354258e+00  -2.8496556e+00   2.1496324e-01   1.6126113e+00   0.0000000e+00
  -7.4846298e-02  -1.6173960e+00  -2.8421540e+00   1.8066876e-01   1.5891505e+00   0.0000000e+00
  -1.1970745e-01  -1.6898170e+00  -2.8290839e+00   1.5192091e-01   1.5686876e+00   0.0000000e+00
  -1.6831676e-01  -1.7627607e+00  -2.8100772e+00   1.2471142e-01   1.5481850e+00   0.0000000e+00
  -2.1958835e-01  -1.8333022e+00  -2.7858542e+00   1.0029642e-01   1.5282461e+00   0.0000000e+00
  -2.7224194e-01  -1.8988286e+00  -2.7575169e+00   7.9494268e-02   1.5093174e+00   0.0000000e+00
  -3.1773675e-01  -1.9497052e+00  -2.7307954e+00   6.4732151e-02   1.4940194e+00   0.0000000e+00
  -3.6236114e-01  -1.9943776e+00  -2.7029214e+00   5.2891925e-02   1.4798164e+00   0.0000000e+00
  -4.0534141e-01  -2.0322819e+00  -2.6747725e+00   4.3808658e-02   1.4667844e+00   0.0000000e+00
  -4.4601424e-01  -2.0631268e+00  -2.6471815e+00   3.7240898e-02   1.4549638e+00   0.0000000e+00
  -4.9018253e-01  -2.0902902e+00  -2.6164746e+00   3.2349656e-02   1.4426197e+00   0.0000000e+00
  -5.2973700e-01  -2.1076568e+00  -2.5887310e+00   3.0134107e-02   1.4319512e+00   0.0000000e+00
  -5.6419557e-01  -2.1153954e+00  -2.5649117e+00   3.0248091e-02   1.4229206e+00   0.0000000e+00
  -5.9323297e-01  -2.1137145e+00  -2.5458058e+00   3.2430033e-02   1.4154775e+00   0.0000000e+00
  -6.2050472e-01  -2.0997002e+00  -2.5300099e+00   3.7496372e-02   1.4086025e+00   0.0000000e+00
  -6.3951825e-01  -2.0729351e+00  -2.5224509e+00   4.5107270e-02   1.4038578e+00   0.0000000e+00
  -6.5001599e-01  -2.0337533e+00  -2.5233763e+00   5.5245662e-02   1.4012552e+00   0.0000000e+00
  -6.5167249e-01  -1.9825037e+00  -2.5326001e+00   6.8013557e-02   1.4008947e+00   0.0000000e+00
  -6.4207272e-01  -1.9091881e+00  -2.5526525e+00   8.6207680e-02   1.4035346e+00   0.0000000e+00
  -6.1916072e-01  -1.8211772e+00  -2.5812286e+00   1.0863830e-01   1.4100043e+00   0.0000000e+00
  -5.8146557e-01  -1.7197231e+00  -2.6160439e+00   1.3579429e-01   1.4212880e+00   0.0000000e+00
  -5.2707365e-01  -1.6068488e+00  -2.6541951e+00   1.6804113e-01   1.4388289e+00   0.0000000e+00
  -4.8399697e-01  -1.5324402e+00  -2.6780132e+00   1.9063539e-01   1.4536575e+00   0.0000000e+00
  -4.3301729e-01  -1.4559119e+00  -2.7009084e+00   2.1505532e-01   1.4721989e+00   0.0000000e+00
  -3.7359634e-01  -1.3787254e+00  -2.7220090e+00   2.4092793e-01   1.4950203e+00   0.0000000e+00
  -3.0533609e-01  -1.3026605e+00  -2.7404904e+00   2.6764967e-01   1.5226270e+00   0.0000000e+00
  -1.8049927e-01  -1.1909184e+00  -2.7624482e+00   3.0907635e-01   1.5761967e+00   0.0000000e+00
  -3.5386336e-02  -1.0957128e+00  -2.7744004e+00   3.4628640e-01   1.6417735e+00   0.0000000e+00
   1.2424328e-01  -1.0247454e+00  -2.7761685e+00   3.7506306e-01   1.7154779e+00   0.0000000e+00
   2.8817106e-01  -9.8222007e-01  -2.7693791e+00   3.9277848e-01   1.7899266e+00   0.0000000e+00
   4.3188303e-01  -9.6740826e-01  -2.7581319e+00   3.9929644e-01   1.8517149e+00   0.0000000e+00
   5.6003358e-01  -9.7148166e-01  -2.7448095e+00   3.9825092e-01   1.9022172e+00   0.0000000e+00
   6.8640172e-01  -9.9279067e-01  -2.7294719e+00   3.9056745e-01   1.9461534e+00   0.0000000e+00
   7.8012916e-01  -1.0219454e+00  -2.7181837e+00   3.7987327e-01   1.9740264e+00   0.0000000e+00
   8.4220433e-01  -1.0495403e+00  -2.7134374e+00   3.6966250e-01   1.9899270e+00   0.0000000e+00
   8.7944316e-01  -1.0708968e+00  -2.7160469e+00   3.6155180e-01   1.9984922e+00   0.0000000e+00
   8.9127241e-01  -1.0793430e+00  -2.7214496e+00   3.5815337e-01   2.0011748e+00   0.0000000e+00
   8.9512939e-01  -1.0835211e+00  -2.7295828e+00   3.5622788e-01   2.0022639e+00   0.0000000e+00
   8.9118590e-01  -1.0831145e+00  -2.7401254e+00   3.5592776e-01   2.0018735e+00   0.0000000e+00
   8.7940278e-01  -1.0780115e+00  -2.7525948e+00   3.5735826e-01   1.9999451e+00   0.0000000e+00
   8.5584622e-01  -1.0664732e+00  -2.7684971e+00   3.6120544e-01   1.9955205e+00   0.0000000e+00
   8.2093951e-01  -1.0494188e+00  -2.7848653e+00   3.6737016e-01   1.9880753e+00   0.0000000e+00
   7.7399340e-01  -1.0279389e+00  -2.8002804e+00   3.7558274e-01   1.9766508e+00   0.0000000e+00
   7.1446706e-01  -1.0036951e+00  -2.8131982e+00   3.8529126e-01   1.9600582e+00   0.0000000e+00
   6.0046595e-01  -9.6684449e-01  -2.8244932e+00   4.0082130e-01   1.9223623e+00   0.0000000e+00
   4.6140959e-01  -9.3780333e-01  -2.8219303e+00   4.1378000e-01   1.8675300e+00   0.0000000e+00
   3.0753583e-01  -9.2413841e-01  -2.8030693e+00   4.2066641e-01   1.7985129e+00   0.0000000e+00
   1.5379220e-01  -9.2813897e-01  -2.7684562e+00   4.2059071e-01   1.7245135e+00   0.0000000e+00
   1.7054683e-02  -9.4519079e-01  -2.7227314e+00   4.1574037e-01   1.6575648e+00   0.0000000e+00
  -9.7096501e-02  -9.6806127e-01  -2.6704536e+00   4.0914459e-01   1.6026844e+00   0.0000000e+00
  -1.4876613e-01  -9.8059641e-01  -2.6408726e+00   4.0566291e-01   1.5784703e+00   0.0000000e+00
  -1.9203122e-01  -9.9185716e-01  -2.6119817e+00   4.0264732e-01   1.5585571e+00   0.0000000e+00
  -2.2689283e-01  -1.0011349e+00  -2.5846465e+00   4.0027630e-01   1.5427576e+00   0.0000000e+00
  -2.5348140e-01  -1.0079097e+00  -2.5596512e+00   3.9866538e-01   1.5308332e+00   0.0000000e+00
  -2.7249872e-01  -1.0119118e+00  -2.5370113e+00   3.9786759e-01   1.5223126e+00   0.0000000e+00
  -2.8312604e-01  -1.0126248e+00  -2.5182726e+00   3.9799594e-01   1.5174601e+00   0.0000000e+00
  -2.8555985e-01  -1.0099348e+00  -2.5039751e+00   3.9907031e-01   1.5161423e+00   0.0000000e+00
  -2.7995553e-01  -1.0038453e+00  -2.4945372e+00   4.0108913e-01   1.5183070e+00   0.0000000e+00
  -2.6335048e-01  -9.9256807e-01  -2.4900525e+00   4.0461657e-01   1.5252993e+00   0.0000000e+00
  -2.3601394e-01  -9.7717818e-01  -2.4928695e+00   4.0932347e-01   1.5372946e+00   0.0000000e+00
  -1.9811767e-01  -9.5829397e-01  -2.5029997e+00   4.1506138e-01   1.5545610e+00   0.0000000e+00
  -1.4995970e-01  -9.3679435e-01  -2.5202233e+00   4.2160131e-01   1.5773905e+00   0.0000000e+00
  -9.9718623e-02  -9.1670693e-01  -2.5408034e+00   4.2774059e-01   1.6021578e+00   0.0000000e+00
  -4.2571144e-02  -8.9646921e-01  -2.5660785e+00   4.3395915e-01   1.6314108e+00   0.0000000e+00
   2.0607623e-02  -8.7721399e-01  -2.5955482e+00   4.3988792e-01   1.6649073e+00   0.0000000e+00
   8.8631529e-02  -8.6021023e-01  -2.6286436e+00   4.4507726e-01   1.7020628e+00   0.0000000e+00
   1.6003435e-01  -8.4682048e-01  -2.6647401e+00   4.4900019e-01   1.7419342e+00   0.0000000e+00
   2.3310136e-01  -8.3841783e-01  -2.7031927e+00   4.5105570e-01   1.7831093e+00   0.0000000e+00
   3.0608909e-01  -8.3626699e-01  -2.7433213e+00   4.5059347e-01   1.8239582e+00   0.0000000e+00
   3.7731907e-01  -8.4146976e-01  -2.7844062e+00   4.4692425e-01   1.8627384e+00   0.0000000e+00
   4.4065640e-01  -8.5370477e-01  -2.8228117e+00   4.4000698e-01   1.8954288e+00   0.0000000e+00
   5.0019527e-01  -8.7360127e-01  -2.8606917e+00   4.2911031e-01   1.9236575e+00   0.0000000e+00
   5.5524968e-01  -9.0144732e-01  -2.8973037e+00   4.1368942e-01   1.9465241e+00   0.0000000e+00
   6.0540934e-01  -9.3727611e-01  -2.9318603e+00   3.9327376e-01   1.9634273e+00   0.0000000e+00
   6.8310334e-01  -1.0212039e+00  -2.9864640e+00   3.4278173e-01   1.9780394e+00   0.0000000e+00
   7.4441126e-01  -1.1262318e+00  -3.0276034e+00   2.7514528e-01   1.9730115e+00   0.0000000e+00
   7.8927124e-01  -1.2432047e+00  -3.0527207e+00   1.9589948e-01   1.9525138e+00   0.0000000e+00
   8.1919999e-01  -1.3652478e+00  -3.0634330e+00   1.1154115e-01   1.9223199e+00   0.0000000e+00
   8.3341505e-01  -1.4739199e+00  -3.0636871e+00   3.7311473e-02   1.8912036e+00   0.0000000e+00
   8.3449925e-01  -1.5681934e+00  -3.0592959e+00  -2.5034743e-02   1.8614088e+00   0.0000000e+00
   8.2077529e-01  -1.6458506e+00  -3.0548479e+00  -7.4599053e-02   1.8318248e+00   0.0000000e+00
   7.9384625e-01  -1.6811086e+00  -3.0563977e+00  -9.7015809e-02   1.8077672e+00   0.0000000e+00
   7.6515566e-01  -1.6740591e+00  -3.0640512e+00  -9.3254765e-02   1.7930326e+00   0.0000000e+00
   7.3270970e-01  -1.6347340e+00  -3.0772521e+00  -6.8187011e-02   1.7841414e+00   0.0000000e+00
   6.9364765e-01  -1.5540708e+00  -3.0964937e+00  -1.1707900e-02   1.7845494e+00   0.0000000e+00
   6.5664860e-01  -1.4467782e+00  -3.1140373e+00   7.1373537e-02   1.8000265e+00   0.0000000e+00
   6.2578266e-01  -1.3186235e+00  -3.1221394e+00   1.7841546e-01   1.8342892e+00   0.0000000e+00
   6.1293653e-01  -1.1935274e+00  -3.1114897e+00   2.8489061e-01   1.8822681e+00   0.0000000e+00
   6.2208368e-01  -1.0967862e+00  -3.0846295e+00   3.6404345e-01   1.9296217e+00   0.0000000e+00
   6.5218217e-01  -1.0175317e+00  -3.0426616e+00   4.2445476e-01   1.9778449e+00   0.0000000e+00
   6.9989907e-01  -9.6113697e-01  -2.9909115e+00   4.6414325e-01   2.0225546e+00   0.0000000e+00
   7.6180289e-01  -9.2576928e-01  -2.9322264e+00   4.8755581e-01   2.0633591e+00   0.0000000e+00
   8.0395994e-01  -9.1405874e-01  -2.8948752e+00   4.9530401e-01   2.0855769e+00   0.0000000e+00
   8.4775327e-01  -9.0901134e-01  -2.8573210e+00   4.9916336e-01   2.1054499e+00   0.0000000e+00
   8.9179819e-01  -9.0982731e-01  -2.8203491e+00   4.9991882e-01   2.1227756e+00   0.0000000e+00
   9.3486402e-01  -9.1561332e-01  -2.7846720e+00   4.9827595e-01   2.1374753e+00   0.0000000e+00
   9.7702534e-01  -9.2574645e-01  -2.7500182e+00   4.9473773e-01   2.1498953e+00   0.0000000e+00
   1.0162567e+00  -9.3913950e-01  -2.7180211e+00   4.8987805e-01   2.1597782e+00   0.0000000e+00
   1.0520232e+00  -9.5486039e-01  -2.6892198e+00   4.8416416e-01   2.1674030e+00   0.0000000e+00
   1.0840412e+00  -9.7205805e-01  -2.6640814e+00   4.7797698e-01   2.1731102e+00   0.0000000e+00
   1.1167421e+00  -9.9310152e-01  -2.6397818e+00   4.7051654e-01   2.1778641e+00   0.0000000e+00
   1.1442885e+00  -1.0140849e+00  -2.6215887e+00   4.6319498e-01   2.1810473e+00   0.0000000e+00
   1.1669006e+00  -1.0341372e+00  -2.6098854e+00   4.5629531e-01   2.1831460e+00   0.0000000e+00
   1.1848486e+00  -1.0525591e+00  -2.6049177e+00   4.5001899e-01   2.1845553e+00   0.0000000e+00
   1.1999489e+00  -1.0708587e+00  -2.6075853e+00   4.4379968e-01   2.1856973e+00   0.0000000e+00
   1.2096725e+00  -1.0857845e+00  -2.6190287e+00   4.3866518e-01   2.1866160e+00   0.0000000e+00
   1.2141639e+00  -1.0969613e+00  -2.6389358e+00   4.3466825e-01   2.1874466e+00   0.0000000e+00
   1.2133742e+00  -1.1041903e+00  -2.6667637e+00   4.3181976e-01   2.1881780e+00   0.0000000e+00
   1.2066636e+00  -1.1074816e+00  -2.7032280e+00   4.3005851e-01   2.1886481e+00   0.0000000e+00
   1.1933398e+00  -1.1065641e+00  -2.7463221e+00   4.2950926e-01   2.1884874e+00   0.0000000e+00
   1.1723331e+00  -1.1016801e+00  -2.7947336e+00   4.3018182e-01   2.1870439e+00   0.0000000e+00
   1.1420504e+00  -1.0932383e+00  -2.8469251e+00   4.3210687e-01   2.1832724e+00   0.0000000e+00
   1.1098462e+00  -1.0843518e+00  -2.8900930e+00   4.3455934e-01   2.1775782e+00   0.0000000e+00
   1.0689345e+00  -1.0740175e+00  -2.9335310e+00   4.3783514e-01   2.1682150e+00   0.0000000e+00
   1.0178069e+00  -1.0628512e+00  -2.9761118e+00   4.4183147e-01   2.1535098e+00   0.0000000e+00
   9.5507409e-01  -1.0516836e+00  -3.0165956e+00   4.4628216e-01   2.1312932e+00   0.0000000e+00
   8.5043021e-01  -1.0385261e+00  -3.0655501e+00   4.5207105e-01   2.0848400e+00   0.0000000e+00
   7.2466278e-01  -1.0306308e+00  -3.1049124e+00   4.5532151e-01   2.0146006e+00   0.0000000e+00
   5.8510517e-01  -1.0315245e+00  -3.1317911e+00   4.5247070e-01   1.9199754e+00   0.0000000e+00
   4.4292137e-01  -1.0437003e+00  -3.1444740e+00   4.4030771e-01   1.8084244e+00   0.0000000e+00
   2.9561667e-01  -1.0696053e+00  -3.1425183e+00   4.1629311e-01   1.6824647e+00   0.0000000e+00
   1.6653996e-01  -1.1031487e+00  -3.1276911e+00   3.8713726e-01   1.5708859e+00   0.0000000e+00
   7.6087664e-02  -1.1306720e+00  -3.1098652e+00   3.6506395e-01   1.4965955e+00   0.0000000e+00
   5.4765115e-03  -1.1515702e+00  -3.0916274e+00   3.4971825e-01   1.4429377e+00   0.0000000e+00
  -4.5862114e-02  -1.1622884e+00  -3.0756545e+00   3.4280636e-01   1.4074706e+00   0.0000000e+00
  -7.1641105e-02  -1.1591686e+00  -3.0659379e+00   3.4581211e-01   1.3922885e+00   0.0000000e+00
  -6.9491156e-02  -1.1392813e+00  -3.0642031e+00   3.6019871e-01   1.3981281e+00   0.0000000e+00
  -3.3906818e-02  -1.1043981e+00  -3.0722933e+00   3.8490368e-01   1.4292376e+00   0.0000000e+00
   4.1882482e-03  -1.0780036e+00  -3.0813664e+00   4.0391336e-01   1.4617270e+00   0.0000000e+00
   5.4907625e-02  -1.0497429e+00  -3.0927830e+00   4.2485571e-01   1.5057762e+00   0.0000000e+00
   1.1828082e-01  -1.0220180e+00  -3.1056318e+00   4.4611437e-01   1.5619713e+00   0.0000000e+00
   1.9423380e-01  -9.9778024e-01  -3.1188312e+00   4.6535270e-01   1.6300658e+00   0.0000000e+00
   3.0603901e-01  -9.7755823e-01  -3.1339556e+00   4.8186988e-01   1.7291715e+00   0.0000000e+00
   4.3606710e-01  -9.7412385e-01  -3.1456272e+00   4.8405813e-01   1.8376683e+00   0.0000000e+00
   5.8123736e-01  -9.9216265e-01  -3.1519402e+00   4.6641711e-01   1.9443037e+00   0.0000000e+00
   7.3429280e-01  -1.0336317e+00  -3.1511504e+00   4.2671580e-01   2.0350338e+00   0.0000000e+00
   8.6676891e-01  -1.0889249e+00  -3.1431822e+00   3.7518256e-01   2.0923257e+00   0.0000000e+00
   9.8738727e-01  -1.1593772e+00  -3.1273901e+00   3.1283542e-01   2.1247269e+00   0.0000000e+00
   1.1105516e+00  -1.2619029e+00  -3.0971035e+00   2.3019936e-01   2.1350431e+00   0.0000000e+00
   1.2052743e+00  -1.3770698e+00  -3.0560024e+00   1.4956524e-01   2.1243640e+00   0.0000000e+00
   1.2758831e+00  -1.4997527e+00  -3.0064092e+00   7.7152440e-02   2.1039380e+00   0.0000000e+00
   1.3269304e+00  -1.6222027e+00  -2.9523266e+00   1.7072461e-02   2.0815435e+00   0.0000000e+00
   1.3671725e+00  -1.7521201e+00  -2.8909147e+00  -3.5502868e-02   2.0586698e+00   0.0000000e+00
   1.3953581e+00  -1.8718609e+00  -2.8315705e+00  -7.5658807e-02   2.0392848e+00   0.0000000e+00
   1.4187146e+00  -2.0019575e+00  -2.7659267e+00  -1.1221644e-01   2.0202353e+00   0.0000000e+00
   1.4339003e+00  -2.1148515e+00  -2.7107347e+00  -1.3952208e-01   2.0053201e+00   0.0000000e+00
   1.4409822e+00  -2.1837396e+00  -2.6798131e+00  -1.5483269e-01   1.9969111e+00   0.0000000e+00
   1.4457516e+00  -2.2447472e+00  -2.6558987e+00  -1.6793656e-01   1.9898881e+00   0.0000000e+00
   1.4485249e+00  -2.2980500e+00  -2.6394736e+00  -1.7938076e-01   1.9840674e+00   0.0000000e+00
   1.4494874e+00  -2.3437823e+00  -2.6308473e+00  -1.8955910e-01   1.9792911e+00   0.0000000e+00
   1.4486499e+00  -2.3832325e+00  -2.6302761e+00  -1.9903545e-01   1.9752942e+00   0.0000000e+00
   1.4459323e+00  -2.4147488e+00  -2.6381527e+00  -2.0762897e-01   1.9720953e+00   0.0000000e+00
   1.4412176e+00  -2.4383263e+00  -2.6542480e+00  -2.1542219e-01   1.9694989e+00   0.0000000e+00
   1.4342867e+00  -2.4538604e+00  -2.6781617e+00  -2.2238536e-01   1.9672658e+00   0.0000000e+00
   1.4232798e+00  -2.4613949e+00  -2.7142496e+00  -2.2905925e-01   1.9647609e+00   0.0000000e+00
   1.4082753e+00  -2.4574117e+00  -2.7587848e+00  -2.3397611e-01   1.9617070e+00   0.0000000e+00
   1.3884804e+00  -2.4403082e+00  -2.8107510e+00  -2.3601490e-01   1.9570841e+00   0.0000000e+00
   1.3631074e+00  -2.4073091e+00  -2.8692014e+00  -2.3309201e-01   1.9493552e+00   0.0000000e+00
   1.3363556e+00  -2.3629449e+00  -2.9241975e+00  -2.2393892e-01   1.9385482e+00   0.0000000e+00
   1.3055600e+00  -2.2998557e+00  -2.9833576e+00  -2.0414635e-01   1.9218807e+00   0.0000000e+00
   1.2725183e+00  -2.2142162e+00  -3.0470149e+00  -1.6613638e-01   1.8972866e+00   0.0000000e+00
   1.2405949e+00  -2.1058799e+00  -3.1156145e+00  -9.7722428e-02   1.8635066e+00   0.0000000e+00
   1.2161087e+00  -2.0000315e+00  -3.1794214e+00  -1.1141522e-03   1.8269335e+00   0.0000000e+00
   1.1962081e+00  -1.9026954e+00  -3.2420761e+00   1.2953556e-01   1.7870917e+00   0.0000000e+00
   1.1808517e+00  -1.8278044e+00  -3.2982984e+00   2.7929013e-01   1.7472662e+00   0.0000000e+00
   1.1703011e+00  -1.7765495e+00  -3.3454580e+00   4.3076940e-01   1.7098033e+00   0.0000000e+00
   1.1651810e+00  -1.7470194e+00  -3.3793092e+00   5.5646105e-01   1.6804013e+00   0.0000000e+00
   1.1636385e+00  -1.7279743e+00  -3.4069954e+00   6.7239079e-01   1.6551430e+00   0.0000000e+00
   1.1656373e+00  -1.7152446e+00  -3.4330182e+00   7.9545169e-01   1.6313010e+00   0.0000000e+00
   1.1705340e+00  -1.7101579e+00  -3.4528103e+00   9.0118299e-01   1.6143300e+00   0.0000000e+00
   1.1787999e+00  -1.7107469e+00  -3.4710017e+00   1.0102675e+00   1.6016594e+00   0.0000000e+00
   1.1864662e+00  -1.7149483e+00  -3.4826436e+00   1.0860700e+00   1.5971913e+00   0.0000000e+00
   1.1900130e+00  -1.7176754e+00  -3.4875529e+00   1.1175678e+00   1.5972852e+00   0.0000000e+00
   1.1915502e+00  -1.7190905e+00  -3.4904798e+00   1.1325340e+00   1.5987558e+00   0.0000000e+00
   1.1907573e+00  -1.7185673e+00  -3.4917809e+00   1.1307678e+00   1.6006471e+00   0.0000000e+00
   1.1875606e+00  -1.7158975e+00  -3.4918139e+00   1.1122650e+00   1.6020456e+00   0.0000000e+00
   1.1823583e+00  -1.7114401e+00  -3.4909609e+00   1.0787851e+00   1.6021022e+00   0.0000000e+00
   1.1753999e+00  -1.7054973e+00  -3.4894379e+00   1.0303825e+00   1.6000825e+00   0.0000000e+00
   1.1670990e+00  -1.6983625e+00  -3.4872857e+00   9.6761149e-01   1.5951814e+00   0.0000000e+00
   1.1579350e+00  -1.6901540e+00  -3.4843821e+00   8.9108079e-01   1.5865933e+00   0.0000000e+00
   1.1415155e+00  -1.6724363e+00  -3.4766918e+00   7.2573431e-01   1.5604105e+00   0.0000000e+00
   1.1282163e+00  -1.6456066e+00  -3.4645720e+00   5.2062635e-01   1.5174605e+00   0.0000000e+00
   1.1247563e+00  -1.6184622e+00  -3.4549524e+00   3.7071218e-01   1.4819470e+00   0.0000000e+00
   1.1292065e+00  -1.5756745e+00  -3.4456559e+00   2.0487046e-01   1.4421052e+00   0.0000000e+00
   1.1483870e+00  -1.5019711e+00  -3.4415793e+00   2.0732526e-02   1.4017813e+00   0.0000000e+00
   1.1851354e+00  -1.3934828e+00  -3.4527909e+00  -1.4525525e-01   1.3732218e+00   0.0000000e+00
   1.2310916e+00  -1.2669285e+00  -3.4842768e+00  -2.6800908e-01   1.3580549e+00   0.0000000e+00
   1.2747418e+00  -1.1488025e+00  -3.5315449e+00  -3.4930780e-01   1.3488836e+00   0.0000000e+00
   1.3003735e+00  -1.0814643e+00  -3.5688549e+00  -3.8798071e-01   1.3432540e+00   0.0000000e+00
   1.3214372e+00  -1.0289467e+00  -3.6059149e+00  -4.1625877e-01   1.3378523e+00   0.0000000e+00
   1.3438336e+00  -9.7835795e-01  -3.6526673e+00  -4.4359144e-01   1.3310392e+00   0.0000000e+00
   1.3614990e+00  -9.4520413e-01  -3.6955900e+00  -4.6337471e-01   1.3247204e+00   0.0000000e+00
   1.3792443e+00  -9.2347304e-01  -3.7445583e+00  -4.8133682e-01   1.3172501e+00   0.0000000e+00
   1.3918876e+00  -9.2349971e-01  -3.7828516e+00  -4.9182241e-01   1.3107472e+00   0.0000000e+00
   1.3978056e+00  -9.3426324e-01  -3.8013121e+00  -4.9501672e-01   1.3069688e+00   0.0000000e+00
   1.4020784e+00  -9.5321303e-01  -3.8142790e+00  -4.9539946e-01   1.3035042e+00   0.0000000e+00
   1.4048004e+00  -9.8029462e-01  -3.8215453e+00  -4.9292931e-01   1.3003267e+00   0.0000000e+00
   1.4060166e+00  -1.0156036e+00  -3.8230109e+00  -4.8749946e-01   1.2974278e+00   0.0000000e+00
   1.4057101e+00  -1.0599617e+00  -3.8186030e+00  -4.7880897e-01   1.2947971e+00   0.0000000e+00
   1.4038043e+00  -1.1133984e+00  -3.8084054e+00  -4.6665826e-01   1.2925173e+00   0.0000000e+00
   1.4001883e+00  -1.1765491e+00  -3.7926994e+00  -4.5064672e-01   1.2907145e+00   0.0000000e+00
   1.3946909e+00  -1.2503242e+00  -3.7719239e+00  -4.3017582e-01   1.2896199e+00   0.0000000e+00
   1.3819105e+00  -1.3885842e+00  -3.7312710e+00  -3.8747398e-01   1.2903287e+00   0.0000000e+00
   1.3630795e+00  -1.5624187e+00  -3.6837190e+00  -3.2565352e-01   1.2972044e+00   0.0000000e+00
   1.3468577e+00  -1.7045779e+00  -3.6509867e+00  -2.6713798e-01   1.3095367e+00   0.0000000e+00
   1.3291569e+00  -1.8687791e+00  -3.6219265e+00  -1.8820944e-01   1.3345659e+00   0.0000000e+00
   1.3141230e+00  -2.0506678e+00  -3.6021116e+00  -8.2683584e-02   1.3816680e+00   0.0000000e+00
   1.3089681e+00  -2.2347353e+00  -3.5968348e+00   4.8157946e-02   1.4587582e+00   0.0000000e+00
   1.3166531e+00  -2.3776484e+00  -3.6040242e+00   1.6841115e-01   1.5449795e+00   0.0000000e+00
   1.3360502e+00  -2.5024525e+00  -3.6188606e+00   2.8601243e-01   1.6410776e+00   0.0000000e+00
   1.3658253e+00  -2.6077000e+00  -3.6375683e+00   3.9196330e-01   1.7348650e+00   0.0000000e+00
   1.4062712e+00  -2.6997342e+00  -3.6583093e+00   4.8695573e-01   1.8196342e+00   0.0000000e+00
   1.4700198e+00  -2.8008878e+00  -3.6852426e+00   5.9053455e-01   1.8975988e+00   0.0000000e+00
   1.5400458e+00  -2.8957187e+00  -3.7134574e+00   6.8432421e-01   1.9308009e+00   0.0000000e+00
   1.5980900e+00  -2.9918767e+00  -3.7441281e+00   7.7489999e-01   1.9202853e+00   0.0000000e+00
   1.6315787e+00  -3.0866169e+00  -3.7766842e+00   8.5918103e-01   1.8889571e+00   0.0000000e+00
   1.6455179e+00  -3.1707598e+00  -3.8081769e+00   9.2957112e-01   1.8590921e+00   0.0000000e+00
   1.6501946e+00  -3.2459847e+00  -3.8384737e+00   9.8877873e-01   1.8356611e+00   0.0000000e+00
   1.6508438e+00  -3.3174648e+00  -3.8683784e+00   1.0417626e+00   1.8173949e+00   0.0000000e+00
   1.6500699e+00  -3.3774124e+00  -3.8926226e+00   1.0837833e+00   1.8051593e+00   0.0000000e+00
   1.6492258e+00  -3.4420118e+00  -3.9136121e+00   1.1265912e+00   1.7951308e+00   0.0000000e+00
   1.6497523e+00  -3.4895727e+00  -3.9187822e+00   1.1561654e+00   1.7901972e+00   0.0000000e+00
   1.6510288e+00  -3.5111763e+00  -3.9133311e+00   1.1686416e+00   1.7891003e+00   0.0000000e+00
   1.6531257e+00  -3.5256838e+00  -3.9011258e+00   1.1760276e+00   1.7894581e+00   0.0000000e+00
   1.6560907e+00  -3.5322932e+00  -3.8825142e+00   1.1776622e+00   1.7913776e+00   0.0000000e+00
   1.6599411e+00  -3.5298181e+00  -3.8581556e+00   1.1724045e+00   1.7951749e+00   0.0000000e+00
   1.6640649e+00  -3.5187982e+00  -3.8324634e+00   1.1606275e+00   1.8005750e+00   0.0000000e+00
   1.6687241e+00  -3.4982441e+00  -3.8040173e+00   1.1404177e+00   1.8085937e+00   0.0000000e+00
   1.6735255e+00  -3.4673130e+00  -3.7741034e+00   1.1099048e+00   1.8201955e+00   0.0000000e+00
   1.6777135e+00  -3.4257350e+00  -3.7442677e+00   1.0672207e+00   1.8365861e+00   0.0000000e+00
   1.6794875e+00  -3.3318223e+00  -3.6982348e+00   9.6225309e-01   1.8793974e+00   0.0000000e+00
   1.6638832e+00  -3.2178300e+00  -3.6647272e+00   8.2188705e-01   1.9414116e+00   0.0000000e+00
   1.6256609e+00  -3.1153285e+00  -3.6494633e+00   6.9147164e-01   1.9972500e+00   0.0000000e+00
   1.5619436e+00  -3.0156437e+00  -3.6473369e+00   5.6945287e-01   2.0302729e+00   0.0000000e+00
   1.4985900e+00  -2.9343270e+00  -3.6555556e+00   4.7763731e-01   2.0221485e+00   0.0000000e+00
   1.4461192e+00  -2.8579135e+00  -3.6712865e+00   3.9923748e-01   1.9826050e+00   0.0000000e+00
   1.4159193e+00  -2.7959182e+00  -3.6891888e+00   3.4141650e-01   1.9374315e+00   0.0000000e+00
   1.3976989e+00  -2.7369777e+00  -3.7104456e+00   2.9093566e-01   1.8918726e+00   0.0000000e+00
   1.3866598e+00  -2.6667311e+00  -3.7422270e+00   2.3567064e-01   1.8401139e+00   0.0000000e+00
   1.3840027e+00  -2.6092919e+00  -3.7756616e+00   1.9344282e-01   1.8017747e+00   0.0000000e+00
   1.3849005e+00  -2.5610311e+00  -3.8132505e+00   1.5871395e-01   1.7726200e+00   0.0000000e+00
   1.3860500e+00  -2.5337263e+00  -3.8453141e+00   1.3758228e-01   1.7571147e+00   0.0000000e+00
   1.3859842e+00  -2.5267556e+00  -3.8611316e+00   1.3037476e-01   1.7530023e+00   0.0000000e+00
   1.3850656e+00  -2.5269166e+00  -3.8732574e+00   1.2726249e-01   1.7525477e+00   0.0000000e+00
   1.3832009e+00  -2.5338151e+00  -3.8813605e+00   1.2802136e-01   1.7555202e+00   0.0000000e+00
   1.3803704e+00  -2.5470792e+00  -3.8852331e+00   1.3251140e-01   1.7618663e+00   0.0000000e+00
   1.3749604e+00  -2.5754133e+00  -3.8834243e+00   1.4482677e-01   1.7764905e+00   0.0000000e+00
   1.3681288e+00  -2.6144077e+00  -3.8733583e+00   1.6419207e-01   1.7986723e+00   0.0000000e+00
   1.3608056e+00  -2.6628214e+00  -3.8554137e+00   1.9062297e-01   1.8294637e+00   0.0000000e+00
   1.3547302e+00  -2.7189553e+00  -3.8301933e+00   2.2411021e-01   1.8698767e+00   0.0000000e+00
   1.3529143e+00  -2.7908396e+00  -3.7926958e+00   2.7174257e-01   1.9294296e+00   0.0000000e+00
   1.3625574e+00  -2.8653806e+00  -3.7471847e+00   3.2821867e-01   1.9990017e+00   0.0000000e+00
   1.3889053e+00  -2.9381176e+00  -3.6940589e+00   3.9327756e-01   2.0684587e+00   0.0000000e+00
   1.4316903e+00  -3.0058850e+00  -3.6336837e+00   4.6820695e-01   2.1230300e+00   0.0000000e+00
   1.4752061e+00  -3.0565862e+00  -3.5766674e+00   5.4160766e-01   2.1497995e+00   0.0000000e+00
   1.5166801e+00  -3.0939962e+00  -3.5145036e+00   6.2029107e-01   2.1588283e+00   0.0000000e+00
   1.5487731e+00  -3.1120338e+00  -3.4462112e+00   6.9092980e-01   2.1574382e+00   0.0000000e+00
   1.5675066e+00  -3.1153740e+00  -3.3727089e+00   7.3465871e-01   2.1546818e+00   0.0000000e+00
   1.5741219e+00  -3.1186741e+00  -3.3078503e+00   7.4460247e-01   2.1553365e+00   0.0000000e+00
   1.5752728e+00  -3.1310621e+00  -3.2462470e+00   7.3422325e-01   2.1589907e+00   0.0000000e+00
   1.5731929e+00  -3.1617054e+00  -3.1754754e+00   7.0554332e-01   2.1661681e+00   0.0000000e+00
   1.5692604e+00  -3.2037061e+00  -3.1155923e+00   6.7115479e-01   2.1745484e+00   0.0000000e+00
   1.5636021e+00  -3.2514845e+00  -3.0672657e+00   6.3655357e-01   2.1833514e+00   0.0000000e+00
   1.5557057e+00  -3.2999303e+00  -3.0322415e+00   6.0438077e-01   2.1916502e+00   0.0000000e+00
   1.5491033e+00  -3.3304595e+00  -3.0169080e+00   5.8499231e-01   2.1962065e+00   0.0000000e+00
   1.5413971e+00  -3.3594339e+00  -3.0077259e+00   5.6689221e-01   2.1995102e+00   0.0000000e+00
   1.5328177e+00  -3.3865317e+00  -3.0047557e+00   5.4996809e-01   2.2011562e+00   0.0000000e+00
   1.5237576e+00  -3.4116339e+00  -3.0079612e+00   5.3402313e-01   2.2009197e+00   0.0000000e+00
   1.5131468e+00  -3.4386597e+00  -3.0194292e+00   5.1617219e-01   2.1982705e+00   0.0000000e+00
   1.5030549e+00  -3.4632840e+00  -3.0388057e+00   4.9880371e-01   2.1937359e+00   0.0000000e+00
   1.4935737e+00  -3.4858799e+00  -3.0655144e+00   4.8134106e-01   2.1881695e+00   0.0000000e+00
   1.4843547e+00  -3.5068515e+00  -3.0988515e+00   4.6313654e-01   2.1824139e+00   0.0000000e+00
   1.4754931e+00  -3.5250224e+00  -3.1346491e+00   4.4511410e-01   2.1776095e+00   0.0000000e+00
   1.4654934e+00  -3.5423938e+00  -3.1746664e+00   4.2512210e-01   2.1736259e+00   0.0000000e+00
   1.4534762e+00  -3.5589586e+00  -3.2181457e+00   4.0227853e-01   2.1709151e+00   0.0000000e+00
   1.4384707e+00  -3.5743263e+00  -3.2642721e+00   3.7554238e-01   2.1701626e+00   0.0000000e+00
   1.4054482e+00  -3.5939023e+00  -3.3427067e+00   3.2087581e-01   2.1763872e+00   0.0000000e+00
   1.3630371e+00  -3.5979388e+00  -3.4224270e+00   2.4993283e-01   2.2014167e+00   0.0000000e+00
   1.3391180e+00  -3.5875901e+00  -3.4700956e+00   2.0077367e-01   2.2310130e+00   0.0000000e+00
   1.3248202e+00  -3.5666155e+00  -3.5170110e+00   1.5122241e-01   2.2714311e+00   0.0000000e+00
   1.3258173e+00  -3.5389546e+00  -3.5631144e+00   1.0671741e-01   2.3170531e+00   0.0000000e+00
   1.3415570e+00  -3.5115831e+00  -3.6081675e+00   7.1332087e-02   2.3598985e+00   0.0000000e+00
   1.3686242e+00  -3.4884754e+00  -3.6556964e+00   4.3772082e-02   2.3973299e+00   0.0000000e+00
   1.3974705e+00  -3.4750942e+00  -3.7000757e+00   2.5878423e-02   2.4234517e+00   0.0000000e+00
   1.4241984e+00  -3.4705231e+00  -3.7422161e+00   1.4409816e-02   2.4413611e+00   0.0000000e+00
   1.4454810e+00  -3.4735855e+00  -3.7787406e+00   8.1707653e-03   2.4530061e+00   0.0000000e+00
   1.4583721e+00  -3.4800546e+00  -3.8027034e+00   6.0644592e-03   2.4595449e+00   0.0000000e+00
   1.4685378e+00  -3.4894489e+00  -3.8225114e+00   5.9973764e-03   2.4648813e+00   0.0000000e+00
   1.4763852e+00  -3.5013251e+00  -3.8379260e+00   7.7888858e-03   2.4696262e+00   0.0000000e+00
   1.4822636e+00  -3.5153333e+00  -3.8487658e+00   1.1335262e-02   2.4741896e+00   0.0000000e+00
   1.4870866e+00  -3.5344069e+00  -3.8555416e+00   1.7777538e-02   2.4797222e+00   0.0000000e+00
   1.4898396e+00  -3.5555751e+00  -3.8555414e+00   2.6534340e-02   2.4855746e+00   0.0000000e+00
   1.4907176e+00  -3.5782244e+00  -3.8487785e+00   3.7454072e-02   2.4918158e+00   0.0000000e+00
   1.4897852e+00  -3.6016011e+00  -3.8353810e+00   5.0303146e-02   2.4983591e+00   0.0000000e+00
   1.4866297e+00  -3.6267361e+00  -3.8135953e+00   6.6028971e-02   2.5054887e+00   0.0000000e+00
   1.4810086e+00  -3.6500896e+00  -3.7847104e+00   8.2951338e-02   2.5121135e+00   0.0000000e+00
   1.4723785e+00  -3.6697491e+00  -3.7493233e+00   9.9956595e-02   2.5171612e+00   0.0000000e+00
   1.4598128e+00  -3.6834464e+00  -3.7081998e+00   1.1536188e-01   2.5188648e+00   0.0000000e+00
   1.4417916e+00  -3.6887222e+00  -3.6620611e+00   1.2683544e-01   2.5144497e+00   0.0000000e+00
   1.4161387e+00  -3.6836589e+00  -3.6123719e+00   1.3105983e-01   2.4991064e+00   0.0000000e+00
   1.3804956e+00  -3.6685726e+00  -3.5607714e+00   1.2495276e-01   2.4646832e+00   0.0000000e+00
   1.3375884e+00  -3.6460957e+00  -3.5088269e+00   1.0621433e-01   2.3994586e+00   0.0000000e+00
   1.3032524e+00  -3.6208731e+00  -3.4642015e+00   7.3816075e-02   2.3166659e+00   0.0000000e+00
   1.2700813e+00  -3.5912830e+00  -3.4195821e+00   1.8575903e-02   2.2164157e+00   0.0000000e+00
   1.2282496e+00  -3.5611553e+00  -3.3724567e+00  -6.5153281e-02   2.0917791e+00   0.0000000e+00
   1.1756040e+00  -3.5386288e+00  -3.3263209e+00  -1.6875810e-01   1.9458327e+00   0.0000000e+00
   1.1180849e+00  -3.5283498e+00  -3.2870021e+00  -2.7137437e-01   1.7959878e+00   0.0000000e+00
   1.0490614e+00  -3.5293239e+00  -3.2505675e+00  -3.7849033e-01   1.6243355e+00   0.0000000e+00
   9.6873605e-01  -3.5428690e+00  -3.2195169e+00  -4.8435088e-01   1.4299014e+00   0.0000000e+00
   8.7951831e-01  -3.5687249e+00  -3.1968600e+00  -5.8557124e-01   1.2135537e+00   0.0000000e+00
   7.5653466e-01  -3.6162188e+00  -3.1839764e+00  -7.1533231e-01   9.0046701e-01   0.0000000e+00
   6.6192743e-01  -3.6567991e+00  -3.1881244e+00  -8.3122188e-01   6.2887628e-01   0.0000000e+00
   5.7740254e-01  -3.6932358e+00  -3.1983137e+00  -1.0302226e+00   2.9299273e-01   0.0000000e+00
   6.0109180e-01  -4.1397116e+00  -3.0785740e+00  -1.5400302e+00   1.1577333e-02   0.0000000e+00
   6.4075440e-01  -4.3700794e+00  -3.0365293e+00  -1.5422406e+00   9.0575890e-03   0.0000000e+00
   6.4935426e-01  -4.4818785e+00  -3.0212645e+00  -1.5429721e+00   9.1521106e-03   0.0000000e+00
   6.3026764e-01  -4.5390063e+00  -3.0243378e+00  -1.5451482e+00   1.1060381e-02   0.0000000e+00
   5.7803452e-01  -4.5671165e+00  -3.0447025e+00  -1.5496800e+00   1.5629247e-02   0.0000000e+00
   4.5529921e-01  -4.4931837e+00  -3.1013811e+00  -1.5637220e+00   3.6671480e-02   0.0000000e+00
   3.5192902e-01  -4.4077762e+00  -3.0838574e+00  -1.6628113e+00   4.0380670e-01   0.0000000e+00
   3.1481931e-01  -4.4026261e+00  -3.0735089e+00  -1.6512101e+00   6.6403787e-01   0.0000000e+00
   3.1329249e-01  -4.3950068e+00  -3.0621870e+00  -1.6345556e+00   8.9137527e-01   0.0000000e+00
   3.3309451e-01  -4.3910892e+00  -3.0494305e+00  -1.6267326e+00   1.1544563e+00   0.0000000e+00
   3.6389620e-01  -4.3932502e+00  -3.0415229e+00  -1.6326606e+00   1.3890669e+00   0.0000000e+00
   4.0661018e-01  -4.4009745e+00  -3.0387727e+00  -1.6511485e+00   1.6296598e+00   0.0000000e+00
   4.6401286e-01  -4.4153675e+00  -3.0423953e+00  -1.6836459e+00   1.8778049e+00   0.0000000e+00
   5.4412653e-01  -4.4397227e+00  -3.0526541e+00  -1.7347166e+00   2.1372276e+00   0.0000000e+00
   6.6413991e-01  -4.4815130e+00  -3.0677761e+00  -1.8139929e+00   2.4071744e+00   0.0000000e+00
   8.8317504e-01  -4.5624089e+00  -3.0820944e+00  -1.9505088e+00   2.6882066e+00   0.0000000e+00
   1.1392014e+00  -4.6568676e+00  -3.0888964e+00  -2.0958990e+00   2.8308971e+00   0.0000000e+00
   1.3014072e+00  -4.7302760e+00  -3.1069287e+00  -2.1941147e+00   2.8572459e+00   0.0000000e+00
   1.3895085e+00  -4.7878943e+00  -3.1414011e+00  -2.2571734e+00   2.8511014e+00   0.0000000e+00
   1.4311612e+00  -4.8247868e+00  -3.1778044e+00  -2.2912805e+00   2.8415318e+00   0.0000000e+00
   1.4577456e+00  -4.8536491e+00  -3.2173271e+00  -2.3151701e+00   2.8322051e+00   0.0000000e+00
   1.4759720e+00  -4.8769779e+00  -3.2583050e+00  -2.3330488e+00   2.8236508e+00   0.0000000e+00
   1.4975932e+00  -4.9113357e+00  -3.3340340e+00  -2.3574175e+00   2.8096358e+00   0.0000000e+00
   1.5105298e+00  -4.9401852e+00  -3.4044817e+00  -2.3757839e+00   2.7974822e+00   0.0000000e+00
   1.5190911e+00  -4.9700288e+00  -3.4685760e+00  -2.3921162e+00   2.7861686e+00   0.0000000e+00
   1.5245225e+00  -5.0029817e+00  -3.5190149e+00  -2.4071675e+00   2.7760593e+00   0.0000000e+00
   1.5270369e+00  -5.0291140e+00  -3.5447342e+00  -2.4175114e+00   2.7696040e+00   0.0000000e+00
   1.5287368e+00  -5.0584414e+00  -3.5619332e+00  -2.4280498e+00   2.7635664e+00   0.0000000e+00
   1.5297480e+00  -5.0912866e+00  -3.5702061e+00  -2.4390240e+00   2.7578788e+00   0.0000000e+00
   1.5301442e+00  -5.1277910e+00  -3.5693665e+00  -2.4506484e+00   2.7524690e+00   0.0000000e+00
   1.5298514e+00  -5.1758164e+00  -3.5565936e+00  -2.4655573e+00   2.7462994e+00   0.0000000e+00
   1.5287234e+00  -5.2285902e+00  -3.5314836e+00  -2.4819671e+00   2.7402636e+00   0.0000000e+00
   1.5266758e+00  -5.2853809e+00  -3.4948531e+00  -2.5001744e+00   2.7342018e+00   0.0000000e+00
   1.5235352e+00  -5.3450414e+00  -3.4478500e+00  -2.5204538e+00   2.7279441e+00   0.0000000e+00
   1.5189311e+00  -5.4063513e+00  -3.3914477e+00  -2.5430978e+00   2.7212585e+00   0.0000000e+00
   1.5124691e+00  -5.4665428e+00  -3.3276112e+00  -2.5683173e+00   2.7140884e+00   0.0000000e+00
   1.5031731e+00  -5.5218810e+00  -3.2581813e+00  -2.5952609e+00   2.7063004e+00   0.0000000e+00
   1.4892525e+00  -5.5667779e+00  -3.1852393e+00  -2.6210860e+00   2.6976698e+00   0.0000000e+00
   1.4766093e+00  -5.5867013e+00  -3.1374990e+00  -2.6344177e+00   2.6913271e+00   0.0000000e+00
   1.4601409e+00  -5.5968064e+00  -3.0900646e+00  -2.6408970e+00   2.6832820e+00   0.0000000e+00
   1.4401733e+00  -5.5955955e+00  -3.0438735e+00  -2.6347147e+00   2.6713971e+00   0.0000000e+00
   1.4203715e+00  -5.5846045e+00  -2.9999811e+00  -2.6093957e+00   2.6527886e+00   0.0000000e+00
   1.4081060e+00  -5.5683043e+00  -2.9535678e+00  -2.5539888e+00   2.6228383e+00   0.0000000e+00
   1.4159872e+00  -5.5601482e+00  -2.9126797e+00  -2.4798532e+00   2.5925476e+00   0.0000000e+00
   1.4462056e+00  -5.5690280e+00  -2.8721663e+00  -2.3862933e+00   2.5710057e+00   0.0000000e+00
   1.4832933e+00  -5.5960202e+00  -2.8402908e+00  -2.3002333e+00   2.5685677e+00   0.0000000e+00
   1.5153183e+00  -5.6326664e+00  -2.8164242e+00  -2.2301422e+00   2.5779757e+00   0.0000000e+00
   1.5400380e+00  -5.6720326e+00  -2.7983154e+00  -2.1750519e+00   2.5917319e+00   0.0000000e+00
   1.5603755e+00  -5.7146149e+00  -2.7834202e+00  -2.1276073e+00   2.6079714e+00   0.0000000e+00
   1.5711609e+00  -5.7435155e+00  -2.7766362e+00  -2.1003373e+00   2.6201997e+00   0.0000000e+00
   1.5733266e+00  -5.7525540e+00  -2.7766875e+00  -2.0928166e+00   2.6255825e+00   0.0000000e+00
   1.5731028e+00  -5.7534630e+00  -2.7775050e+00  -2.0922668e+00   2.6268607e+00   0.0000000e+00
