   0.0000000e+00  -2.0943951e+00  -1.0471976e+00   0.0000000e+00   1.5707963e+00   0.0000000e+00
  -4.1138490e-03  -2.0944880e+00  -1.0526678e+00   1.0466277e-03   1.5706359e+00   0.0000000e+00
  -8.9673812e-03  -2.0932740e+00  -1.0687286e+00   4.3891520e-03   1.5710086e+00   0.0000000e+00
  -1.5155781e-02  -2.0914884e+00  -1.0935926e+00   9.3508987e-03   1.5717113e+00   0.0000000e+00
  -2.3171418e-02  -2.0900109e+00  -1.1252501e+00   1.5167789e-02   1.5725350e+00   0.0000000e+00
  -3.3373188e-02  -2.0898529e+00  -1.1609755e+00   2.0950518e-02   1.5732474e+00   0.0000000e+00
  -4.5896726e-02  -2.0919091e+00  -1.1969939e+00   2.5860367e-02   1.5736087e+00   0.0000000e+00
  -6.0691094e-02  -2.0966790e+00  -1.2302628e+00   2.9390339e-02   1.5734630e+00   0.0000000e+00
  -7.7530282e-02  -2.1042427e+00  -1.2586829e+00   3.1362440e-02   1.5727446e+00   0.0000000e+00
  -9.8394445e-02  -2.1157069e+00  -1.2832299e+00   3.1813978e-02   1.5712695e+00   0.0000000e+00
  -1.2068569e-01  -2.1295546e+00  -1.2989876e+00   3.0630345e-02   1.5691610e+00   0.0000000e+00
  -1.4359711e-01  -2.1447507e+00  -1.3055335e+00   2.8120357e-02   1.5665415e+00   0.0000000e+00
  -1.6619672e-01  -2.1600938e+00  -1.3030299e+00   2.4621695e-02   1.5635706e+00   0.0000000e+00
  -1.9375071e-01  -2.1784062e+00  -1.2870791e+00   1.9067629e-02   1.5594337e+00   0.0000000e+00
  -2.1652876e-01  -2.1922703e+00  -1.2591167e+00   1.3019916e-02   1.5554416e+00   0.0000000e+00
  -2.3228315e-01  -2.2000378e+00  -1.2217517e+00   6.8919156e-03   1.5519679e+00   0.0000000e+00
  -2.3910175e-01  -2.2011190e+00  -1.1772612e+00   8.2388851e-04   1.5492963e+00   0.0000000e+00
  -2.3783911e-01  -2.1982572e+00  -1.1438331e+00  -3.3401423e-03   1.5480354e+00   0.0000000e+00
  -2.3139656e-01  -2.1930471e+00  -1.1080125e+00  -7.7272395e-03   1.5472507e+00   0.0000000e+00
  -2.1954465e-01  -2.1862034e+00  -1.0697475e+00  -1.2612962e-02   1.5469362e+00   0.0000000e+00
  -2.0216944e-01  -2.1786079e+00  -1.0288381e+00  -1.8370426e-02   1.5470603e+00   0.0000000e+00
  -1.8615063e-01  -2.1732174e+00  -9.9739704e-01  -2.3348562e-02   1.5473913e+00   0.0000000e+00
  -1.6728900e-01  -2.1683383e+00  -9.6434867e-01  -2.9214139e-02   1.5478960e+00   0.0000000e+00
  -1.4567480e-01  -2.1643685e+00  -9.2949351e-01  -3.6222498e-02   1.5485308e+00   0.0000000e+00
  -1.2144253e-01  -2.1617531e+00  -8.9235803e-01  -4.4749608e-02   1.5492247e+00   0.0000000e+00
  -8.4624778e-02  -2.1613728e+00  -8.3645983e-01  -5.9887019e-02   1.5500474e+00   0.0000000e+00
  -4.3916404e-02  -2.1660265e+00  -7.7202763e-01  -8.1021264e-02   1.5503686e+00   0.0000000e+00
  -1.6398424e-04  -2.1757923e+00  -7.0150807e-01  -1.0871751e-01   1.5500588e+00   0.0000000e+00
   4.5571969e-02  -2.1901350e+00  -6.2775747e-01  -1.4317868e-01   1.5489982e+00   0.0000000e+00
   9.9194722e-02  -2.2112549e+00  -5.4181468e-01  -1.9141132e-01   1.5466426e+00   0.0000000e+00
   1.5249673e-01  -2.2353015e+00  -4.5915413e-01  -2.4754982e-01   1.5430606e+00   0.0000000e+00
   2.0540381e-01  -2.2598201e+00  -3.8493062e-01  -3.0809685e-01   1.5386746e+00   0.0000000e+00
   2.5459189e-01  -2.2820988e+00  -3.2508297e-01  -3.6588516e-01   1.5341417e+00   0.0000000e+00
   2.8742614e-01  -2.2953537e+00  -2.9419668e-01  -3.9993692e-01   1.5317282e+00   0.0000000e+00
   3.1556796e-01  -2.3039343e+00  -2.7947953e-01  -4.1837393e-01   1.5314954e+00   0.0000000e+00
   3.3854417e-01  -2.3068728e+00  -2.8287768e-01  -4.1714275e-01   1.5343279e+00   0.0000000e+00
   3.5609521e-01  -2.3037662e+00  -3.0420037e-01  -3.9696341e-01   1.5402350e+00   0.0000000e+00
   3.6979236e-01  -2.2926440e+00  -3.4932961e-01  -3.5559265e-01   1.5500010e+00   0.0000000e+00
   3.7590551e-01  -2.2748914e+00  -4.0994137e-01  -3.0552162e-01   1.5609018e+00   0.0000000e+00
   3.7396555e-01  -2.2494700e+00  -4.8868483e-01  -2.4878435e-01   1.5726637e+00   0.0000000e+00
   3.6304652e-01  -2.2215383e+00  -5.6972843e-01  -1.9829490e-01   1.5825503e+00   0.0000000e+00
   3.5083588e-01  -2.2026257e+00  -6.2244784e-01  -1.6898128e-01   1.5878658e+00   0.0000000e+00
   3.3500315e-01  -2.1845760e+00  -6.7145430e-01  -1.4383127e-01   1.5919763e+00   0.0000000e+00
   3.1583060e-01  -2.1679938e+00  -7.1543088e-01  -1.2278658e-01   1.5948633e+00   0.0000000e+00
   2.9365452e-01  -2.1533833e+00  -7.5332247e-01  -1.0569209e-01   1.5965415e+00   0.0000000e+00
   2.5642090e-01  -2.1363302e+00  -7.9630645e-01  -8.7302553e-02   1.5969035e+00   0.0000000e+00
   2.1510203e-01  -2.1254497e+00  -8.2248413e-01  -7.6513646e-02   1.5949402e+00   0.0000000e+00
   1.7144238e-01  -2.1213922e+00  -8.3080134e-01  -7.3004402e-02   1.5909063e+00   0.0000000e+00
   1.2726417e-01  -2.1244052e+00  -8.2107551e-01  -7.6633538e-02   1.5851013e+00   0.0000000e+00
   1.0062354e-01  -2.1297048e+00  -8.0642141e-01  -8.2410530e-02   1.5807957e+00   0.0000000e+00
   7.4347189e-02  -2.1376406e+00  -7.8529305e-01  -9.1055444e-02   1.5759415e+00   0.0000000e+00
   4.8547332e-02  -2.1481719e+00  -7.5791061e-01  -1.0274907e-01   1.5705646e+00   0.0000000e+00
   2.3864830e-02  -2.1610812e+00  -7.2480806e-01  -1.1759992e-01   1.5647711e+00   0.0000000e+00
   1.1841532e-03  -2.1759689e+00  -6.8685366e-01  -1.3560954e-01   1.5587178e+00   0.0000000e+00
  -1.9027880e-02  -2.1923096e+00  -6.4517330e-01  -1.5669262e-01   1.5525262e+00   0.0000000e+00
  -3.6454117e-02  -2.2094893e+00  -6.0112832e-01  -1.8056587e-01   1.5463218e+00   0.0000000e+00
  -5.0902394e-02  -2.2267922e+00  -5.5635423e-01  -2.0666960e-01   1.5402457e+00   0.0000000e+00
  -6.9414503e-02  -2.2561030e+00  -4.7885547e-01  -2.5692723e-01   1.5300236e+00   0.0000000e+00
  -7.7455775e-02  -2.2771380e+00  -4.2046237e-01  -2.9969556e-01   1.5225020e+00   0.0000000e+00
  -7.6873100e-02  -2.2840684e+00  -3.9875313e-01  -3.1657673e-01   1.5199917e+00   0.0000000e+00
  -7.0990627e-02  -2.2815977e+00  -4.0171848e-01  -3.1349011e-01   1.5210853e+00   0.0000000e+00
  -6.0243842e-02  -2.2695463e+00  -4.3055216e-01  -2.8996579e-01   1.5258592e+00   0.0000000e+00
  -4.5120386e-02  -2.2491691e+00  -4.8247414e-01  -2.5146962e-01   1.5336067e+00   0.0000000e+00
  -2.1994627e-02  -2.2169964e+00  -5.6781059e-01  -1.9642994e-01   1.5453714e+00   0.0000000e+00
   5.3631152e-03  -2.1809477e+00  -6.6859516e-01  -1.4196543e-01   1.5583250e+00   0.0000000e+00
   2.2698903e-02  -2.1598948e+00  -7.3100522e-01  -1.1297893e-01   1.5659815e+00   0.0000000e+00
   4.0663841e-02  -2.1397215e+00  -7.9438467e-01  -8.6718004e-02   1.5735266e+00   0.0000000e+00
   5.8971699e-02  -2.1209935e+00  -8.5766559e-01  -6.3378725e-02   1.5808556e+00   0.0000000e+00
   7.7387512e-02  -2.1041437e+00  -9.2000729e-01  -4.2966158e-02   1.5878950e+00   0.0000000e+00
   9.8819427e-02  -2.0872375e+00  -9.9083995e-01  -2.2626027e-02   1.5956957e+00   0.0000000e+00
   1.2006556e-01  -2.0736943e+00  -1.0586171e+00  -5.8290665e-03   1.6029941e+00   0.0000000e+00
   1.4081695e-01  -2.0637394e+00  -1.1226023e+00   7.7338575e-03   1.6097347e+00   0.0000000e+00
   1.6038380e-01  -2.0574352e+00  -1.1822173e+00   1.8399027e-02   1.6158315e+00   0.0000000e+00
   1.7718088e-01  -2.0547206e+00  -1.2346148e+00   2.6198931e-02   1.6209645e+00   0.0000000e+00
   1.9181665e-01  -2.0549064e+00  -1.2825639e+00   3.2036043e-02   1.6254194e+00   0.0000000e+00
   2.0404756e-01  -2.0576464e+00  -1.3262333e+00   3.6238391e-02   1.6292078e+00   0.0000000e+00
   2.1373863e-01  -2.0626191e+00  -1.3662071e+00   3.9117884e-02   1.6323736e+00   0.0000000e+00
   2.2263885e-01  -2.0722401e+00  -1.4145004e+00   4.1302112e-02   1.6356966e+00   0.0000000e+00
   2.2704061e-01  -2.0840730e+00  -1.4558549e+00   4.1994543e-02   1.6380041e+00   0.0000000e+00
   2.2718495e-01  -2.0965750e+00  -1.4893863e+00   4.1676720e-02   1.6393553e+00   0.0000000e+00
   2.2345908e-01  -2.1083016e+00  -1.5153555e+00   4.0842348e-02   1.6398800e+00   0.0000000e+00
   2.1743260e-01  -2.1169282e+00  -1.5325645e+00   4.0040171e-02   1.6397925e+00   0.0000000e+00
   2.0927548e-01  -2.1233470e+00  -1.5449037e+00   3.9378372e-02   1.6392907e+00   0.0000000e+00
   1.9947453e-01  -2.1271049e+00  -1.5526077e+00   3.8996903e-02   1.6384613e+00   0.0000000e+00
   1.8856115e-01  -2.1279658e+00  -1.5558092e+00   3.8971553e-02   1.6373813e+00   0.0000000e+00
   1.7342104e-01  -2.1246644e+00  -1.5532002e+00   3.9498233e-02   1.6356845e+00   0.0000000e+00
   1.5863630e-01  -2.1169003e+00  -1.5426071e+00   4.0526562e-02   1.6337806e+00   0.0000000e+00
   1.4543473e-01  -2.1057544e+00  -1.5236987e+00   4.1770198e-02   1.6317473e+00   0.0000000e+00
   1.3491235e-01  -2.0926956e+00  -1.4961246e+00   4.2810327e-02   1.6296282e+00   0.0000000e+00
   1.2877255e-01  -2.0813726e+00  -1.4655878e+00   4.3138711e-02   1.6277660e+00   0.0000000e+00
   1.2570871e-01  -2.0709875e+00  -1.4286799e+00   4.2584934e-02   1.6258559e+00   0.0000000e+00
   1.2603505e-01  -2.0624784e+00  -1.3856203e+00   4.0791677e-02   1.6238914e+00   0.0000000e+00
   1.2990724e-01  -2.0565885e+00  -1.3365677e+00   3.7396166e-02   1.6218464e+00   0.0000000e+00
   1.3731341e-01  -2.0538998e+00  -1.2806373e+00   3.1906615e-02   1.6196159e+00   0.0000000e+00
   1.4800727e-01  -2.0550398e+00  -1.2183899e+00   2.3861305e-02   1.6171320e+00   0.0000000e+00
   1.6155154e-01  -2.0601948e+00  -1.1524079e+00   1.3183821e-02   1.6144416e+00   0.0000000e+00
   1.7734583e-01  -2.0689120e+00  -1.0856750e+00   1.2488549e-04   1.6116348e+00   0.0000000e+00
   1.9482684e-01  -2.0803382e+00  -1.0207063e+00  -1.4875915e-02   1.6088106e+00   0.0000000e+00
   2.1300129e-01  -2.0930298e+00  -9.6151632e-01  -3.0580009e-02   1.6061889e+00   0.0000000e+00
   2.3096574e-01  -2.1054165e+00  -9.1167465e-01  -4.5450516e-02   1.6040273e+00   0.0000000e+00
   2.4778682e-01  -2.1158619e+00  -8.7470084e-01  -5.7612704e-02   1.6026320e+00   0.0000000e+00
   2.6134247e-01  -2.1223844e+00  -8.5486514e-01  -6.4674822e-02   1.6022920e+00   0.0000000e+00
   2.7251463e-01  -2.1252442e+00  -8.4970957e-01  -6.6870678e-02   1.6029858e+00   0.0000000e+00
   2.8072583e-01  -2.1241470e+00  -8.5947639e-01  -6.3938048e-02   1.6047130e+00   0.0000000e+00
   2.8549298e-01  -2.1193036e+00  -8.8322075e-01  -5.6400095e-02   1.6073208e+00   0.0000000e+00
   2.8652806e-01  -2.1124181e+00  -9.1431218e-01  -4.6823202e-02   1.6101387e+00   0.0000000e+00
   2.8436568e-01  -2.1037960e+00  -9.5294648e-01  -3.5564026e-02   1.6131837e+00   0.0000000e+00
   2.7887176e-01  -2.0941856e+00  -9.9713567e-01  -2.3578752e-02   1.6162177e+00   0.0000000e+00
   2.6997459e-01  -2.0843463e+00  -1.0448836e+00  -1.1681321e-02   1.6190256e+00   0.0000000e+00
   2.5601572e-01  -2.0739922e+00  -1.1000152e+00   7.0650678e-04   1.6216668e+00   0.0000000e+00
   2.3789496e-01  -2.0651546e+00  -1.1547583e+00   1.1603002e-02   1.6236060e+00   0.0000000e+00
   2.1581197e-01  -2.0585444e+00  -1.2070143e+00   2.0664996e-02   1.6247137e+00   0.0000000e+00
   1.9008305e-01  -2.0546731e+00  -1.2550238e+00   2.7750846e-02   1.6249200e+00   0.0000000e+00
   1.5809362e-01  -2.0539458e+00  -1.3012548e+00   3.3292874e-02   1.6240902e+00   0.0000000e+00
   1.2299537e-01  -2.0570123e+00  -1.3393062e+00   3.6636861e-02   1.6222089e+00   0.0000000e+00
   8.5725585e-02  -2.0637269e+00  -1.3685316e+00   3.8032043e-02   1.6193997e+00   0.0000000e+00
   4.7366784e-02  -2.0737320e+00  -1.3890154e+00   3.7780144e-02   1.6158479e+00   0.0000000e+00
   6.9845197e-03  -2.0872719e+00  -1.4021359e+00   3.6104891e-02   1.6115550e+00   0.0000000e+00
  -3.2815835e-02  -2.1031930e+00  -1.4063264e+00   3.3204162e-02   1.6068098e+00   0.0000000e+00
  -7.1540544e-02  -2.1206028e+00  -1.4017709e+00   2.9319921e-02   1.6017351e+00   0.0000000e+00
  -1.0742311e-01  -2.1381370e+00  -1.3900127e+00   2.4845498e-02   1.5966628e+00   0.0000000e+00
  -1.3281849e-01  -2.1513029e+00  -1.3770041e+00   2.1130404e-02   1.5928563e+00   0.0000000e+00
  -1.5420171e-01  -2.1627095e+00  -1.3625154e+00   1.7613305e-02   1.5894955e+00   0.0000000e+00
  -1.7117016e-01  -2.1717784e+00  -1.3479522e+00   1.4518929e-02   1.5866989e+00   0.0000000e+00
  -1.8346443e-01  -2.1780786e+00  -1.3346068e+00   1.2049803e-02   1.5845582e+00   0.0000000e+00
  -1.9318484e-01  -2.1817328e+00  -1.3181938e+00   9.7881384e-03   1.5826322e+00   0.0000000e+00
  -1.8952762e-01  -2.1769110e+00  -1.3117752e+00   1.0177170e-02   1.5828645e+00   0.0000000e+00
  -1.7280664e-01  -2.1646559e+00  -1.3169246e+00   1.3208004e-02   1.5852763e+00   0.0000000e+00
  -1.4392305e-01  -2.1471867e+00  -1.3331846e+00   1.8353821e-02   1.5897161e+00   0.0000000e+00
  -1.2084182e-01  -2.1352677e+00  -1.3477299e+00   2.2144735e-02   1.5933074e+00   0.0000000e+00
  -9.4279327e-02  -2.1234050e+00  -1.3649757e+00   2.6112000e-02   1.5974364e+00   0.0000000e+00
  -6.4746371e-02  -2.1123779e+00  -1.3842556e+00   3.0010298e-02   1.6019959e+00   0.0000000e+00
  -3.2616187e-02  -2.1028569e+00  -1.4049803e+00   3.3631725e-02   1.6068964e+00   0.0000000e+00
   2.2483697e-03  -2.0953311e+00  -1.4267185e+00   3.6825546e-02   1.6121148e+00   0.0000000e+00
   3.8974926e-02  -2.0905205e+00  -1.4484853e+00   3.9368455e-02   1.6174747e+00   0.0000000e+00
   7.5941540e-02  -2.0890457e+00  -1.4692453e+00   4.1069058e-02   1.6227127e+00   0.0000000e+00
   1.1174279e-01  -2.0911090e+00  -1.4883965e+00   4.1865693e-02   1.6276226e+00   0.0000000e+00
   1.4654364e-01  -2.0968205e+00  -1.5063575e+00   4.1787598e-02   1.6322276e+00   0.0000000e+00
   1.7802927e-01  -2.1057162e+00  -1.5223587e+00   4.0904700e-02   1.6362384e+00   0.0000000e+00
   2.0542726e-01  -2.1171630e+00  -1.5365752e+00   3.9376216e-02   1.6395972e+00   0.0000000e+00
   2.2809945e-01  -2.1303855e+00  -1.5493005e+00   3.7388906e-02   1.6422770e+00   0.0000000e+00
   2.5096362e-01  -2.1501851e+00  -1.5652601e+00   3.4225654e-02   1.6448884e+00   0.0000000e+00
   2.6286952e-01  -2.1693026e+00  -1.5798545e+00   3.1091803e-02   1.6462381e+00   0.0000000e+00
   2.6355685e-01  -2.1855956e+00  -1.5934578e+00   2.8427436e-02   1.6464049e+00   0.0000000e+00
   2.5325448e-01  -2.1973877e+00  -1.6058272e+00   2.6553606e-02   1.6454640e+00   0.0000000e+00
   2.2742111e-01  -2.2040550e+00  -1.6177715e+00   2.5607675e-02   1.6429690e+00   0.0000000e+00
   1.8871268e-01  -2.2023182e+00  -1.6236475e+00   2.6094263e-02   1.6390290e+00   0.0000000e+00
   1.3976035e-01  -2.1932772e+00  -1.6197605e+00   2.7719583e-02   1.6337051e+00   0.0000000e+00
   8.3857860e-02  -2.1793786e+00  -1.6022211e+00   2.9863445e-02   1.6270968e+00   0.0000000e+00
   4.4032643e-02  -2.1689953e+00  -1.5807223e+00   3.1142652e-02   1.6219723e+00   0.0000000e+00
   3.9961740e-03  -2.1591830e+00  -1.5505239e+00   3.1857009e-02   1.6163976e+00   0.0000000e+00
  -3.5074000e-02  -2.1510278e+00  -1.5112392e+00   3.1600851e-02   1.6104555e+00   0.0000000e+00
  -7.2113112e-02  -2.1454360e+00  -1.4629151e+00   2.9953712e-02   1.6042380e+00   0.0000000e+00
  -1.0615682e-01  -2.1430523e+00  -1.4060970e+00   2.6512619e-02   1.5978520e+00   0.0000000e+00
  -1.3727196e-01  -2.1446898e+00  -1.3410011e+00   2.0718378e-02   1.5912611e+00   0.0000000e+00
  -1.6557072e-01  -2.1508729e+00  -1.2682378e+00   1.2046653e-02   1.5844448e+00   0.0000000e+00
  -1.9055953e-01  -2.1614587e+00  -1.1893930e+00   1.6185905e-04   1.5775082e+00   0.0000000e+00
  -2.0934460e-01  -2.1739764e+00  -1.1160181e+00  -1.3217839e-02   1.5713878e+00   0.0000000e+00
  -2.2459930e-01  -2.1885334e+00  -1.0420913e+00  -2.9021163e-02   1.5654656e+00   0.0000000e+00
  -2.3636130e-01  -2.2042473e+00  -9.6979215e-01  -4.6865965e-02   1.5598514e+00   0.0000000e+00
  -2.4484358e-01  -2.2202185e+00  -9.0103938e-01  -6.6194783e-02   1.5546356e+00   0.0000000e+00
  -2.5048265e-01  -2.2359949e+00  -8.3575275e-01  -8.6872168e-02   1.5497682e+00   0.0000000e+00
  -2.5348147e-01  -2.2502325e+00  -7.7796412e-01  -1.0720179e-01   1.5455127e+00   0.0000000e+00
  -2.5433424e-01  -2.2617825e+00  -7.3101789e-01  -1.2523765e-01   1.5420988e+00   0.0000000e+00
  -2.5357834e-01  -2.2695490e+00  -6.9814796e-01  -1.3870096e-01   1.5397818e+00   0.0000000e+00
  -2.5194075e-01  -2.2726425e+00  -6.8245272e-01  -1.4520107e-01   1.5388072e+00   0.0000000e+00
  -2.4984786e-01  -2.2718339e+00  -6.8096001e-01  -1.4548751e-01   1.5389567e+00   0.0000000e+00
  -2.4771281e-01  -2.2675656e+00  -6.9271573e-01  -1.3996242e-01   1.5401177e+00   0.0000000e+00
  -2.4591848e-01  -2.2606597e+00  -7.1579133e-01  -1.2984162e-01   1.5420707e+00   0.0000000e+00
  -2.4481417e-01  -2.2522373e+00  -7.4745897e-01  -1.1692499e-01   1.5445163e+00   0.0000000e+00
  -2.4469270e-01  -2.2433690e+00  -7.8517394e-01  -1.0276204e-01   1.5471881e+00   0.0000000e+00
  -2.4579637e-01  -2.2350306e+00  -8.2666182e-01  -8.8608893e-02   1.5498608e+00   0.0000000e+00
  -2.4830518e-01  -2.2280301e+00  -8.7013073e-01  -7.5320099e-02   1.5523688e+00   0.0000000e+00
  -2.5179055e-01  -2.2235512e+00  -9.0872415e-01  -6.4817912e-02   1.5543338e+00   0.0000000e+00
  -2.5648033e-01  -2.2212180e+00  -9.4525032e-01  -5.6026048e-02   1.5559286e+00   0.0000000e+00
  -2.6234362e-01  -2.2212815e+00  -9.7816413e-01  -4.9165419e-02   1.5570800e+00   0.0000000e+00
  -2.6930211e-01  -2.2237542e+00  -1.0064891e+00  -4.4233512e-02   1.5577625e+00   0.0000000e+00
  -2.8044499e-01  -2.2307516e+00  -1.0371335e+00  -4.0289876e-02   1.5579620e+00   0.0000000e+00
  -2.9294847e-01  -2.2411286e+00  -1.0577074e+00  -3.9175298e-02   1.5573918e+00   0.0000000e+00
  -3.0621090e-01  -2.2538112e+00  -1.0683569e+00  -4.0344912e-02   1.5561845e+00   0.0000000e+00
  -3.1952590e-01  -2.2675666e+00  -1.0697102e+00  -4.3270217e-02   1.5544995e+00   0.0000000e+00
  -3.3416082e-01  -2.2833110e+00  -1.0608451e+00  -4.8274750e-02   1.5521520e+00   0.0000000e+00
  -3.4649027e-01  -2.2967509e+00  -1.0427685e+00  -5.4305162e-02   1.5496786e+00   0.0000000e+00
  -3.5527610e-01  -2.3062954e+00  -1.0177239e+00  -6.0767292e-02   1.5473429e+00   0.0000000e+00
  -3.5939006e-01  -2.3108560e+00  -9.8782328e-01  -6.7198486e-02   1.5453714e+00   0.0000000e+00
  -3.5803381e-01  -2.3100618e+00  -9.5632753e-01  -7.3042701e-02   1.5439931e+00   0.0000000e+00
  -3.5077829e-01  -2.3044146e+00  -9.2289733e-01  -7.8528074e-02   1.5432133e+00   0.0000000e+00
  -3.3707554e-01  -2.2946326e+00  -8.8782283e-01  -8.3852704e-02   1.5430750e+00   0.0000000e+00
  -3.1654784e-01  -2.2819099e+00  -8.5086891e-01  -8.9474889e-02   1.5435655e+00   0.0000000e+00
  -2.9036961e-01  -2.2684622e+00  -8.1320971e-01  -9.5779390e-02   1.5445605e+00   0.0000000e+00
  -2.5778944e-01  -2.2552834e+00  -7.7256432e-01  -1.0383694e-01   1.5459625e+00   0.0000000e+00
  -2.2776286e-01  -2.2462141e+00  -7.3747819e-01  -1.1227673e-01   1.5472151e+00   0.0000000e+00
  -1.9410116e-01  -2.2395742e+00  -6.9747423e-01  -1.2405276e-01   1.5483359e+00   0.0000000e+00
  -1.5711323e-01  -2.2366791e+00  -6.5020548e-01  -1.4113154e-01   1.5489765e+00   0.0000000e+00
  -1.1726522e-01  -2.2376076e+00  -5.9752670e-01  -1.6387238e-01   1.5490605e+00   0.0000000e+00
  -5.5163860e-02  -2.2449954e+00  -5.1576215e-01  -2.0708127e-01   1.5481027e+00   0.0000000e+00
   9.2674698e-03  -2.2579978e+00  -4.3361672e-01  -2.6156358e-01   1.5456452e+00   0.0000000e+00
   5.8027927e-02  -2.2699679e+00  -3.7514301e-01  -3.0846641e-01   1.5428144e+00   0.0000000e+00
   1.0559252e-01  -2.2818508e+00  -3.2459478e-01  -3.5560045e-01   1.5396950e+00   0.0000000e+00
   1.5203333e-01  -2.2919882e+00  -2.8620787e-01  -3.9637299e-01   1.5373879e+00   0.0000000e+00
   1.9518996e-01  -2.2993428e+00  -2.6302493e-01  -4.2385686e-01   1.5369813e+00   0.0000000e+00
   2.3617988e-01  -2.3026811e+00  -2.5883315e-01  -4.3036860e-01   1.5403128e+00   0.0000000e+00
   2.6887399e-01  -2.2996232e+00  -2.7894807e-01  -4.0864690e-01   1.5484792e+00   0.0000000e+00
   2.9036126e-01  -2.2912323e+00  -3.1523416e-01  -3.7077488e-01   1.5588915e+00   0.0000000e+00
   3.0489700e-01  -2.2779280e+00  -3.6525752e-01  -3.2315416e-01   1.5708042e+00   0.0000000e+00
   3.1349679e-01  -2.2551784e+00  -4.4292971e-01  -2.5841220e-01   1.5861819e+00   0.0000000e+00
   3.1100542e-01  -2.2289032e+00  -5.2660864e-01  -1.9867939e-01   1.5997464e+00   0.0000000e+00
   3.0503516e-01  -2.2138821e+00  -5.7268903e-01  -1.6940070e-01   1.6060949e+00   0.0000000e+00
   2.9595781e-01  -2.1991757e+00  -6.1692737e-01  -1.4333357e-01   1.6114695e+00   0.0000000e+00
   2.8394117e-01  -2.1852025e+00  -6.5832649e-01  -1.2056514e-01   1.6158255e+00   0.0000000e+00
   2.6918320e-01  -2.1723304e+00  -6.9603678e-01  -1.0107453e-01   1.6191465e+00   0.0000000e+00
   2.4623886e-01  -2.1577416e+00  -7.3845172e-01  -8.0448817e-02   1.6219324e+00   0.0000000e+00
   2.1963806e-01  -2.1461621e+00  -7.7211567e-01  -6.4998316e-02   1.6230220e+00   0.0000000e+00
   1.9008356e-01  -2.1380732e+00  -7.9603704e-01  -5.4525793e-02   1.6224929e+00   0.0000000e+00
   1.5838013e-01  -2.1338305e+00  -8.0952539e-01  -4.8882260e-02   1.6204503e+00   0.0000000e+00
   1.2744563e-01  -2.1335606e+00  -8.1232595e-01  -4.7908153e-02   1.6172674e+00   0.0000000e+00
   9.6146624e-02  -2.1369316e+00  -8.0554754e-01  -5.1087140e-02   1.6129853e+00   0.0000000e+00
   6.4999757e-02  -2.1439579e+00  -7.8926483e-01  -5.8519286e-02   1.6076908e+00   0.0000000e+00
   3.4141128e-02  -2.1546926e+00  -7.6354261e-01  -7.0497830e-02   1.6014045e+00   0.0000000e+00
   3.8112123e-03  -2.1691442e+00  -7.2856796e-01  -8.7442345e-02   1.5941499e+00   0.0000000e+00
  -2.4651739e-02  -2.1868491e+00  -6.8533467e-01  -1.0959488e-01   1.5861365e+00   0.0000000e+00
  -5.0105474e-02  -2.2070520e+00  -6.3542415e-01  -1.3696739e-01   1.5775950e+00   0.0000000e+00
  -7.1881215e-02  -2.2288252e+00  -5.8083637e-01  -1.6935867e-01   1.5687313e+00   0.0000000e+00
  -8.8010281e-02  -2.2487672e+00  -5.2996005e-01  -2.0218801e-01   1.5606893e+00   0.0000000e+00
  -1.0077243e-01  -2.2681107e+00  -4.7955465e-01  -2.3766108e-01   1.5527692e+00   0.0000000e+00
  -1.1009722e-01  -2.2857518e+00  -4.3234428e-01  -2.7389521e-01   1.5452979e+00   0.0000000e+00
  -1.1599005e-01  -2.3004906e+00  -3.9150294e-01  -3.0787169e-01   1.5387496e+00   0.0000000e+00
  -1.1864256e-01  -2.3124864e+00  -3.5626076e-01  -3.3935751e-01   1.5330715e+00   0.0000000e+00
  -1.1686813e-01  -2.3170793e+00  -3.4007457e-01  -3.5420693e-01   1.5307284e+00   0.0000000e+00
  -1.1096913e-01  -2.3133216e+00  -3.4642871e-01  -3.4722041e-01   1.5325332e+00   0.0000000e+00
  -1.0124780e-01  -2.3012431e+00  -3.7572156e-01  -3.1897407e-01   1.5384133e+00   0.0000000e+00
  -8.3740702e-02  -2.2753829e+00  -4.4217051e-01  -2.6172066e-01   1.5503829e+00   0.0000000e+00
  -6.1261347e-02  -2.2414445e+00  -5.3228958e-01  -1.9552372e-01   1.5650958e+00   0.0000000e+00
  -3.4113591e-02  -2.2029222e+00  -6.3909396e-01  -1.3034396e-01   1.5810935e+00   0.0000000e+00
  -4.2075953e-03  -2.1650385e+00  -7.5181235e-01  -7.3771795e-02   1.5968018e+00   0.0000000e+00
   1.6817706e-02  -2.1415067e+00  -8.2819020e-01  -4.1326651e-02   1.6069085e+00   0.0000000e+00
   3.7977232e-02  -2.1205124e+00  -9.0312419e-01  -1.3483907e-02   1.6164586e+00   0.0000000e+00
   5.8945527e-02  -2.1025570e+00  -9.7560991e-01   1.0038339e-02   1.6253812e+00   0.0000000e+00
   7.9543816e-02  -2.0879607e+00  -1.0448771e+00   2.9605724e-02   1.6336428e+00   0.0000000e+00
   1.0086304e-01  -2.0763705e+00  -1.1139632e+00   4.6443996e-02   1.6416533e+00   0.0000000e+00
   1.2106236e-01  -2.0688268e+00  -1.1780622e+00   5.9737165e-02   1.6488404e+00   0.0000000e+00
   1.3934768e-01  -2.0652241e+00  -1.2367251e+00   6.9931233e-02   1.6551311e+00   0.0000000e+00
   1.5513316e-01  -2.0652390e+00  -1.2898736e+00   7.7501870e-02   1.6605043e+00   0.0000000e+00
   1.6584393e-01  -2.0675718e+00  -1.3291950e+00   8.2062208e-02   1.6642129e+00   0.0000000e+00
   1.7456257e-01  -2.0718097e+00  -1.3656732e+00   8.5452125e-02   1.6673832e+00   0.0000000e+00
   1.8124514e-01  -2.0777383e+00  -1.3994504e+00   8.7842185e-02   1.6700390e+00   0.0000000e+00
   1.8589721e-01  -2.0849844e+00  -1.4300384e+00   8.9356558e-02   1.6721761e+00   0.0000000e+00
   1.8856603e-01  -2.0930563e+00  -1.4568284e+00   9.0124610e-02   1.6737921e+00   0.0000000e+00
   1.8932684e-01  -2.1014773e+00  -1.4799423e+00   9.0340759e-02   1.6749338e+00   0.0000000e+00
   1.8828617e-01  -2.1098059e+00  -1.4995387e+00   9.0176173e-02   1.6756501e+00   0.0000000e+00
   1.8557962e-01  -2.1176390e+00  -1.5158088e+00   8.9780961e-02   1.6759916e+00   0.0000000e+00
   1.7581575e-01  -2.1304484e+00  -1.5391551e+00   8.8785498e-02   1.6757477e+00   0.0000000e+00
   1.6165462e-01  -2.1376860e+00  -1.5511070e+00   8.8085769e-02   1.6745695e+00   0.0000000e+00
   1.4492774e-01  -2.1382888e+00  -1.5523225e+00   8.8039028e-02   1.6727580e+00   0.0000000e+00
   1.2758146e-01  -2.1323919e+00  -1.5429218e+00   8.8636629e-02   1.6705344e+00   0.0000000e+00
   1.1203241e-01  -2.1216262e+00  -1.5233930e+00   8.9509418e-02   1.6681214e+00   0.0000000e+00
   9.9317174e-02  -2.1078819e+00  -1.4930236e+00   9.0075257e-02   1.6655008e+00   0.0000000e+00
   9.0776813e-02  -2.0934156e+00  -1.4514769e+00   8.9594415e-02   1.6626802e+00   0.0000000e+00
   8.7490320e-02  -2.0805082e+00  -1.3989146e+00   8.7246352e-02   1.6596509e+00   0.0000000e+00
   8.8154711e-02  -2.0750627e+00  -1.3668755e+00   8.4951908e-02   1.6579567e+00   0.0000000e+00
   9.0569462e-02  -2.0708663e+00  -1.3321432e+00   8.1791742e-02   1.6561976e+00   0.0000000e+00
   9.4751143e-02  -2.0681042e+00  -1.2946983e+00   7.7627385e-02   1.6543530e+00   0.0000000e+00
   1.0066803e-01  -2.0669549e+00  -1.2541514e+00   7.2250432e-02   1.6523691e+00   0.0000000e+00
   1.0823620e-01  -2.0676201e+00  -1.2101719e+00   6.5426887e-02   1.6501851e+00   0.0000000e+00
   1.1730256e-01  -2.0702068e+00  -1.1638245e+00   5.7132738e-02   1.6478276e+00   0.0000000e+00
   1.2766834e-01  -2.0746372e+00  -1.1163970e+00   4.7469739e-02   1.6453474e+00   0.0000000e+00
   1.3909866e-01  -2.0806886e+00  -1.0689942e+00   3.6603153e-02   1.6427932e+00   0.0000000e+00
   1.5434169e-01  -2.0899303e+00  -1.0117620e+00   2.1827250e-02   1.6396013e+00   0.0000000e+00
   1.7027122e-01  -2.1003443e+00  -9.5813799e-01   6.2632532e-03   1.6365110e+00   0.0000000e+00
   1.8632013e-01  -2.1109989e+00  -9.1031608e-01  -9.1141744e-03   1.6337086e+00   0.0000000e+00
   2.0190312e-01  -2.1208797e+00  -8.7056762e-01  -2.3065625e-02   1.6314267e+00   0.0000000e+00
   2.1459802e-01  -2.1280320e+00  -8.4431695e-01  -3.2934680e-02   1.6300683e+00   0.0000000e+00
   2.2611491e-01  -2.1332466e+00  -8.2700296e-01  -3.9797048e-02   1.6294538e+00   0.0000000e+00
   2.3609871e-01  -2.1361104e+00  -8.1939271e-01  -4.3036953e-02   1.6296845e+00   0.0000000e+00
   2.4422643e-01  -2.1364098e+00  -8.2176003e-01  -4.2383842e-02   1.6307901e+00   0.0000000e+00
   2.5021198e-01  -2.1341396e+00  -8.3387139e-01  -3.7932829e-02   1.6327232e+00   0.0000000e+00
   2.5381716e-01  -2.1295380e+00  -8.5491643e-01  -3.0227482e-02   1.6353407e+00   0.0000000e+00
   2.5484987e-01  -2.1229967e+00  -8.8373560e-01  -2.0009214e-02   1.6384536e+00   0.0000000e+00
   2.5316467e-01  -2.1150267e+00  -9.1890511e-01  -8.1265983e-03   1.6418443e+00   0.0000000e+00
   2.4782204e-01  -2.1049822e+00  -9.6457840e-01   6.2943911e-03   1.6457473e+00   0.0000000e+00
   2.3876303e-01  -2.0947380e+00  -1.0140565e+00   2.0671233e-02   1.6494177e+00   0.0000000e+00
   2.2599129e-01  -2.0851082e+00  -1.0651449e+00   3.4184013e-02   1.6526115e+00   0.0000000e+00
   2.0959066e-01  -2.0768004e+00  -1.1158649e+00   4.6270307e-02   1.6551439e+00   0.0000000e+00
   1.8720678e-01  -2.0698055e+00  -1.1699119e+00   5.7673633e-02   1.6570353e+00   0.0000000e+00
   1.6088398e-01  -2.0657817e+00  -1.2192640e+00   6.6679397e-02   1.6578464e+00   0.0000000e+00
   1.3114265e-01  -2.0650767e+00  -1.2623051e+00   7.3261067e-02   1.6575521e+00   0.0000000e+00
   9.8655339e-02  -2.0677874e+00  -1.2979059e+00   7.7534197e-02   1.6561972e+00   0.0000000e+00
   7.1298121e-02  -2.0723184e+00  -1.3205386e+00   7.9438290e-02   1.6544262e+00   0.0000000e+00
   4.3194880e-02  -2.0787789e+00  -1.3380407e+00   8.0160715e-02   1.6521354e+00   0.0000000e+00
   1.4779067e-02  -2.0869683e+00  -1.3505723e+00   7.9847952e-02   1.6494137e+00   0.0000000e+00
  -1.3648460e-02  -2.0966779e+00  -1.3583681e+00   7.8631541e-02   1.6463363e+00   0.0000000e+00
  -4.2096464e-02  -2.1077466e+00  -1.3615055e+00   7.6592544e-02   1.6429293e+00   0.0000000e+00
  -7.0253001e-02  -2.1198901e+00  -1.3599311e+00   7.3805142e-02   1.6392489e+00   0.0000000e+00
  -9.7357698e-02  -2.1326123e+00  -1.3540469e+00   7.0423685e-02   1.6354318e+00   0.0000000e+00
  -1.2254631e-01  -2.1452878e+00  -1.3446644e+00   6.6661632e-02   1.6316487e+00   0.0000000e+00
  -1.4387734e-01  -2.1566179e+00  -1.3335446e+00   6.2975866e-02   1.6282608e+00   0.0000000e+00
  -1.6255352e-01  -2.1669137e+00  -1.3210376e+00   5.9325687e-02   1.6251389e+00   0.0000000e+00
  -1.7834420e-01  -2.1758101e+00  -1.3079524e+00   5.5872582e-02   1.6223622e+00   0.0000000e+00
  -1.9107358e-01  -2.1829994e+00  -1.2950784e+00   5.2772682e-02   1.6199997e+00   0.0000000e+00
  -2.0739763e-01  -2.1915508e+00  -1.2717981e+00   4.8014588e-02   1.6166178e+00   0.0000000e+00
  -2.0875980e-01  -2.1901919e+00  -1.2584339e+00   4.6604991e-02   1.6157604e+00   0.0000000e+00
  -1.9517496e-01  -2.1793461e+00  -1.2580931e+00   4.8968071e-02   1.6175925e+00   0.0000000e+00
  -1.6736771e-01  -2.1610795e+00  -1.2710985e+00   5.4709791e-02   1.6220164e+00   0.0000000e+00
  -1.4893766e-01  -2.1504347e+00  -1.2817764e+00   5.8437799e-02   1.6250372e+00   0.0000000e+00
  -1.2767686e-01  -2.1393253e+00  -1.2948148e+00   6.2537021e-02   1.6285402e+00   0.0000000e+00
  -1.0389427e-01  -2.1282580e+00  -1.3098135e+00   6.6825515e-02   1.6324542e+00   0.0000000e+00
  -7.7951938e-02  -2.1177335e+00  -1.3263682e+00   7.1125266e-02   1.6366996e+00   0.0000000e+00
  -3.4666292e-02  -2.1036585e+00  -1.3540241e+00   7.7393951e-02   1.6436954e+00   0.0000000e+00
   1.2067009e-02  -2.0932754e+00  -1.3833970e+00   8.2857786e-02   1.6510765e+00   0.0000000e+00
   6.1800298e-02  -2.0876935e+00  -1.4131422e+00   8.7116760e-02   1.6586514e+00   0.0000000e+00
   1.1068303e-01  -2.0880916e+00  -1.4410343e+00   8.9715948e-02   1.6657828e+00   0.0000000e+00
   1.5586403e-01  -2.0944131e+00  -1.4661100e+00   9.0632277e-02   1.6720703e+00   0.0000000e+00
   1.9532090e-01  -2.1056503e+00  -1.4881683e+00   9.0126155e-02   1.6773047e+00   0.0000000e+00
   2.2762254e-01  -2.1203900e+00  -1.5075358e+00   8.8575139e-02   1.6814051e+00   0.0000000e+00
   2.5170877e-01  -2.1369578e+00  -1.5248292e+00   8.6414439e-02   1.6843715e+00   0.0000000e+00
   2.6717298e-01  -2.1539568e+00  -1.5411605e+00   8.4037778e-02   1.6863005e+00   0.0000000e+00
   2.7301136e-01  -2.1691946e+00  -1.5564889e+00   8.1898994e-02   1.6871861e+00   0.0000000e+00
   2.6929783e-01  -2.1812137e+00  -1.5707945e+00   8.0303107e-02   1.6871038e+00   0.0000000e+00
   2.5643541e-01  -2.1889814e+00  -1.5835426e+00   7.9438334e-02   1.6861094e+00   0.0000000e+00
   2.3299649e-01  -2.1919491e+00  -1.5944055e+00   7.9403995e-02   1.6840425e+00   0.0000000e+00
   2.0091633e-01  -2.1893305e+00  -1.6002473e+00   8.0225100e-02   1.6809562e+00   0.0000000e+00
   1.6180804e-01  -2.1818876e+00  -1.5988174e+00   8.1649840e-02   1.6768613e+00   0.0000000e+00
   1.1760344e-01  -2.1710202e+00  -1.5878082e+00   8.3260892e-02   1.6717831e+00   0.0000000e+00
   7.9664594e-02  -2.1610467e+00  -1.5704157e+00   8.4309368e-02   1.6669939e+00   0.0000000e+00
   4.1051782e-02  -2.1512288e+00  -1.5444857e+00   8.4726415e-02   1.6616393e+00   0.0000000e+00
   2.9638375e-03  -2.1426461e+00  -1.5095256e+00   8.4102206e-02   1.6557824e+00   0.0000000e+00
  -3.3475274e-02  -2.1362377e+00  -1.4654728e+00   8.2013626e-02   1.6495027e+00   0.0000000e+00
  -5.9750576e-02  -2.1332793e+00  -1.4256199e+00   7.9141275e-02   1.6444408e+00   0.0000000e+00
  -8.4204525e-02  -2.1323248e+00  -1.3808864e+00   7.4956641e-02   1.6392065e+00   0.0000000e+00
  -1.0675318e-01  -2.1336061e+00  -1.3316094e+00   6.9256590e-02   1.6338067e+00   0.0000000e+00
  -1.2749145e-01  -2.1373364e+00  -1.2781457e+00   6.1822793e-02   1.6282278e+00   0.0000000e+00
  -1.4650464e-01  -2.1436296e+00  -1.2209836e+00   5.2456499e-02   1.6224662e+00   0.0000000e+00
  -1.6338740e-01  -2.1521802e+00  -1.1612911e+00   4.1147581e-02   1.6166263e+00   0.0000000e+00
  -1.7779104e-01  -2.1625199e+00  -1.1003880e+00   2.8002831e-02   1.6108232e+00   0.0000000e+00
  -1.8957791e-01  -2.1741316e+00  -1.0395003e+00   1.3200495e-02   1.6051484e+00   0.0000000e+00
  -1.9752913e-01  -2.1845429e+00  -9.8881804e-01  -4.2941351e-04   1.6005012e+00   0.0000000e+00
  -2.0370851e-01  -2.1952684e+00  -9.3910274e-01  -1.5036201e-02   1.5959968e+00   0.0000000e+00
  -2.0822847e-01  -2.2060354e+00  -8.9096400e-01  -3.0404848e-02   1.5916704e+00   0.0000000e+00
  -2.1123515e-01  -2.2164231e+00  -8.4577386e-01  -4.5991475e-02   1.5876228e+00   0.0000000e+00
  -2.1290211e-01  -2.2259071e+00  -8.0530298e-01  -6.0996943e-02   1.5839974e+00   0.0000000e+00
  -2.1341805e-01  -2.2339756e+00  -7.7095463e-01  -7.4515185e-02   1.5809327e+00   0.0000000e+00
  -2.1298259e-01  -2.2402042e+00  -7.4387909e-01  -8.5678565e-02   1.5785520e+00   0.0000000e+00
  -2.1180274e-01  -2.2442853e+00  -7.2490333e-01  -9.3730493e-02   1.5769533e+00   0.0000000e+00
  -2.0996440e-01  -2.2460793e+00  -7.1412584e-01  -9.8244162e-02   1.5761809e+00   0.0000000e+00
  -2.0777299e-01  -2.2452698e+00  -7.1307201e-01  -9.8373240e-02   1.5763652e+00   0.0000000e+00
  -2.0547100e-01  -2.2420819e+00  -7.2124000e-01  -9.4340500e-02   1.5774348e+00   0.0000000e+00
  -2.0328824e-01  -2.2369203e+00  -7.3766890e-01  -8.6766327e-02   1.5792539e+00   0.0000000e+00
  -2.0092299e-01  -2.2278702e+00  -7.7029635e-01  -7.2679616e-02   1.5825412e+00   0.0000000e+00
  -1.9961846e-01  -2.2177617e+00  -8.1163264e-01  -5.6262832e-02   1.5863554e+00   0.0000000e+00
  -1.9976012e-01  -2.2079932e+00  -8.5814741e-01  -3.9510817e-02   1.5902688e+00   0.0000000e+00
  -2.0164707e-01  -2.1997243e+00  -9.0687423e-01  -2.3818687e-02   1.5939549e+00   0.0000000e+00
  -2.0437865e-01  -2.1949917e+00  -9.4397669e-01  -1.3105626e-02   1.5964675e+00   0.0000000e+00
  -2.0828031e-01  -2.1919113e+00  -9.8050719e-01  -3.6177806e-03   1.5986745e+00   0.0000000e+00
  -2.1335036e-01  -2.1907170e+00  -1.0156602e+00   4.4957607e-03   1.6005225e+00   0.0000000e+00
  -2.1954066e-01  -2.1915941e+00  -1.0481318e+00   1.1035415e-02   1.6019381e+00   0.0000000e+00
  -2.2676102e-01  -2.1946034e+00  -1.0765711e+00   1.5865370e-02   1.6028594e+00   0.0000000e+00
  -2.3488622e-01  -2.1995611e+00  -1.1004579e+00   1.9099756e-02   1.6032947e+00   0.0000000e+00
  -2.4375642e-01  -2.2061927e+00  -1.1195344e+00   2.0898546e-02   1.6032734e+00   0.0000000e+00
  -2.5317940e-01  -2.2141488e+00  -1.1337747e+00   2.1451732e-02   1.6028427e+00   0.0000000e+00
  -2.6964810e-01  -2.2293883e+00  -1.1472605e+00   2.0133134e-02   1.6013619e+00   0.0000000e+00
  -2.8584672e-01  -2.2451455e+00  -1.1488359e+00   1.6755836e-02   1.5992070e+00   0.0000000e+00
  -3.0051111e-01  -2.2594401e+00  -1.1402935e+00   1.2114495e-02   1.5966985e+00   0.0000000e+00
  -3.1237352e-01  -2.2705325e+00  -1.1237575e+00   6.8981096e-03   1.5941480e+00   0.0000000e+00
  -3.2159124e-01  -2.2779297e+00  -1.0941669e+00   1.9779555e-04   1.5912479e+00   0.0000000e+00
  -3.2181277e-01  -2.2762542e+00  -1.0589517e+00  -5.7050393e-03   1.5892312e+00   0.0000000e+00
  -3.1126051e-01  -2.2657418e+00  -1.0206090e+00  -1.0568567e-02   1.5883937e+00   0.0000000e+00
  -2.8871199e-01  -2.2482559e+00  -9.8000106e-01  -1.4798210e-02   1.5888386e+00   0.0000000e+00
  -2.7150990e-01  -2.2371658e+00  -9.5720467e-01  -1.7140928e-02   1.5895777e+00   0.0000000e+00
  -2.5067863e-01  -2.2255744e+00  -9.3352281e-01  -1.9784921e-02   1.5906373e+00   0.0000000e+00
  -2.2626927e-01  -2.2140995e+00  -9.0866885e-01  -2.3013364e-02   1.5919653e+00   0.0000000e+00
  -1.9840495e-01  -2.2034301e+00  -8.8198275e-01  -2.7262851e-02   1.5934657e+00   0.0000000e+00
  -1.6195374e-01  -2.1931453e+00  -8.4692944e-01  -3.4445038e-02   1.5951978e+00   0.0000000e+00
  -1.2159324e-01  -2.1863541e+00  -8.0593001e-01  -4.5242043e-02   1.5966251e+00   0.0000000e+00
  -5.8353844e-02  -2.1830155e+00  -7.4158012e-01  -6.6553530e-02   1.5981704e+00   0.0000000e+00
  -2.2844556e-02  -2.1840808e+00  -7.0670410e-01  -8.0253835e-02   1.5987837e+00   0.0000000e+00
   1.3161373e-02  -2.1868342e+00  -6.7276503e-01  -9.5087258e-02   1.5992731e+00   0.0000000e+00
   4.9284588e-02  -2.1908822e+00  -6.4083664e-01  -1.1045273e-01   1.5997182e+00   0.0000000e+00
   8.7696930e-02  -2.1959637e+00  -6.1066126e-01  -1.2631484e-01   1.6003464e+00   0.0000000e+00
   1.2582935e-01  -2.2014706e+00  -5.8510296e-01  -1.4092045e-01   1.6012524e+00   0.0000000e+00
   1.6243173e-01  -2.2069926e+00  -5.6503178e-01  -1.5334998e-01   1.6024906e+00   0.0000000e+00
   1.9634465e-01  -2.2119116e+00  -5.5154829e-01  -1.6244915e-01   1.6041898e+00   0.0000000e+00
   2.2424791e-01  -2.2152547e+00  -5.4598013e-01  -1.6680565e-01   1.6063095e+00   0.0000000e+00
   2.4884483e-01  -2.2170078e+00  -5.4748837e-01  -1.6672210e-01   1.6091059e+00   0.0000000e+00
   2.6986111e-01  -2.2168261e+00  -5.5631370e-01  -1.6197825e-01   1.6126299e+00   0.0000000e+00
   2.8709382e-01  -2.2145133e+00  -5.7230872e-01  -1.5279825e-01   1.6168421e+00   0.0000000e+00
   3.0082905e-01  -2.2098164e+00  -5.9591277e-01  -1.3925744e-01   1.6218054e+00   0.0000000e+00
   3.1027689e-01  -2.2029269e+00  -6.2565911e-01  -1.2265475e-01   1.6271529e+00   0.0000000e+00
   3.1542618e-01  -2.1941282e+00  -6.6030004e-01  -1.0409924e-01   1.6326360e+00   0.0000000e+00
   3.1632139e-01  -2.1838145e+00  -6.9842275e-01  -8.4660330e-02   1.6380034e+00   0.0000000e+00
   3.1265070e-01  -2.1715882e+00  -7.4154856e-01  -6.3888806e-02   1.6433702e+00   0.0000000e+00
   3.0434691e-01  -2.1587919e+00  -7.8513190e-01  -4.4112379e-02   1.6480883e+00   0.0000000e+00
   2.9163573e-01  -2.1460434e+00  -8.2747622e-01  -2.5998536e-02   1.6519699e+00   0.0000000e+00
   2.7479900e-01  -2.1339280e+00  -8.6704971e-01  -1.0000224e-02   1.6548798e+00   0.0000000e+00
   2.4895408e-01  -2.1206957e+00  -9.0992095e-01   6.3743800e-03   1.6570011e+00   0.0000000e+00
   2.1816176e-01  -2.1101244e+00  -9.4444801e-01   1.8854263e-02   1.6574467e+00   0.0000000e+00
   1.8334505e-01  -2.1029410e+00  -9.6896794e-01   2.7274251e-02   1.6562135e+00   0.0000000e+00
   1.4558148e-01  -2.0996941e+00  -9.8228949e-01   3.1544266e-02   1.6533672e+00   0.0000000e+00
   1.0553030e-01  -2.1008050e+00  -9.8360697e-01   3.1578837e-02   1.6489627e+00   0.0000000e+00
   6.5151106e-02  -2.1064138e+00  -9.7257541e-01   2.7272629e-02   1.6432348e+00   0.0000000e+00
   2.5615257e-02  -2.1164471e+00  -9.4950018e-01   1.8543174e-02   1.6363737e+00   0.0000000e+00
  -1.2538024e-02  -2.1308031e+00  -9.1490596e-01   5.1704280e-03   1.6284917e+00   0.0000000e+00
  -4.9326586e-02  -2.1494965e+00  -8.6920805e-01  -1.3323024e-02   1.6195982e+00   0.0000000e+00
  -8.2796050e-02  -2.1715345e+00  -8.1471088e-01  -3.6864358e-02   1.6100879e+00   0.0000000e+00
  -1.1117607e-01  -2.1953587e+00  -7.5485419e-01  -6.4713920e-02   1.6004509e+00   0.0000000e+00
  -1.3361818e-01  -2.2191837e+00  -6.9376968e-01  -9.5499256e-02   1.5911556e+00   0.0000000e+00
  -1.4774445e-01  -2.2377533e+00  -6.4499576e-01  -1.2207626e-01   1.5839709e+00   0.0000000e+00
  -1.5749933e-01  -2.2535955e+00  -6.0211538e-01  -1.4698645e-01   1.5777924e+00   0.0000000e+00
  -1.6295292e-01  -2.2654342e+00  -5.6853796e-01  -1.6755319e-01   1.5730804e+00   0.0000000e+00
  -1.6425913e-01  -2.2721576e+00  -5.4744542e-01  -1.8086469e-01   1.5703111e+00   0.0000000e+00
  -1.6237729e-01  -2.2732450e+00  -5.4135519e-01  -1.8444484e-01   1.5697955e+00   0.0000000e+00
  -1.5798090e-01  -2.2701163e+00  -5.4629073e-01  -1.8063060e-01   1.5709909e+00   0.0000000e+00
  -1.5123773e-01  -2.2628729e+00  -5.6231457e-01  -1.6959688e-01   1.5738681e+00   0.0000000e+00
  -1.4233294e-01  -2.2518849e+00  -5.8880858e-01  -1.5232941e-01   1.5782659e+00   0.0000000e+00
  -1.3191014e-01  -2.2383357e+00  -6.2308050e-01  -1.3132799e-01   1.5836862e+00   0.0000000e+00
  -1.1987705e-01  -2.2225700e+00  -6.6454012e-01  -1.0763882e-01   1.5899927e+00   0.0000000e+00
  -1.0646004e-01  -2.2053252e+00  -7.1170571e-01  -8.2716883e-02   1.5969181e+00   0.0000000e+00
  -9.1907987e-02  -2.1873384e+00  -7.6311967e-01  -5.7763875e-02   1.6042216e+00   0.0000000e+00
  -7.5096955e-02  -2.1677546e+00  -8.2226957e-01  -3.1655711e-02   1.6123534e+00   0.0000000e+00
  -5.7628652e-02  -2.1489391e+00  -8.8325644e-01  -7.3671056e-03   1.6204690e+00   0.0000000e+00
  -3.9857970e-02  -2.1315611e+00  -9.4476374e-01   1.4635457e-02   1.6283978e+00   0.0000000e+00
  -2.2105357e-02  -2.1161420e+00  -1.0057106e+00   3.4128141e-02   1.6360113e+00   0.0000000e+00
  -3.0969655e-03  -2.1019990e+00  -1.0705654e+00   5.2503741e-02   1.6438509e+00   0.0000000e+00
   1.5412033e-02  -2.0909421e+00  -1.1327844e+00   6.7946897e-02   1.6511373e+00   0.0000000e+00
   3.3235073e-02  -2.0831350e+00  -1.1916557e+00   8.0633110e-02   1.6578203e+00   0.0000000e+00
   4.9943412e-02  -2.0786496e+00  -1.2467024e+00   9.0788465e-02   1.6638424e+00   0.0000000e+00
   6.3176924e-02  -2.0774265e+00  -1.2917200e+00   9.7836589e-02   1.6685373e+00   0.0000000e+00
   7.4745023e-02  -2.0787254e+00  -1.3340129e+00   1.0336077e-01   1.6726822e+00   0.0000000e+00
   8.4408307e-02  -2.0824292e+00  -1.3733603e+00   1.0749621e-01   1.6762525e+00   0.0000000e+00
   9.2023803e-02  -2.0882165e+00  -1.4090388e+00   1.1035750e-01   1.6792102e+00   0.0000000e+00
   9.7529937e-02  -2.0956073e+00  -1.4403522e+00   1.1209462e-01   1.6815367e+00   0.0000000e+00
   1.0091715e-01  -2.1041014e+00  -1.4674213e+00   1.1294448e-01   1.6832746e+00   0.0000000e+00
   1.0222633e-01  -2.1132005e+00  -1.4904012e+00   1.1312178e-01   1.6844719e+00   0.0000000e+00
   1.0154305e-01  -2.1224148e+00  -1.5094872e+00   1.1282145e-01   1.6851819e+00   0.0000000e+00
   9.4863010e-02  -2.1391490e+00  -1.5365216e+00   1.1147742e-01   1.6853679e+00   0.0000000e+00
   8.2342038e-02  -2.1514340e+00  -1.5507214e+00   1.0996846e-01   1.6842991e+00   0.0000000e+00
   6.5669990e-02  -2.1572958e+00  -1.5531397e+00   1.0892146e-01   1.6823363e+00   0.0000000e+00
   4.6687137e-02  -2.1560915e+00  -1.5442466e+00   1.0853223e-01   1.6797480e+00   0.0000000e+00
   3.1036933e-02  -2.1504048e+00  -1.5288359e+00   1.0856020e-01   1.6773314e+00   0.0000000e+00
   1.5908852e-02  -2.1415553e+00  -1.5056326e+00   1.0856032e-01   1.6746341e+00   0.0000000e+00
   2.1599821e-03  -2.1307959e+00  -1.4742380e+00   1.0810251e-01   1.6716590e+00   0.0000000e+00
  -9.1674998e-03  -2.1194865e+00  -1.4344286e+00   1.0668176e-01   1.6684273e+00   0.0000000e+00
  -1.7006111e-02  -2.1090136e+00  -1.3861764e+00   1.0373367e-01   1.6649642e+00   0.0000000e+00
  -2.0673467e-02  -2.1006418e+00  -1.3299108e+00   9.8681220e-02   1.6612737e+00   0.0000000e+00
  -1.9770305e-02  -2.0953823e+00  -1.2663318e+00   9.0967821e-02   1.6573457e+00   0.0000000e+00
  -1.4169466e-02  -2.0939187e+00  -1.1962794e+00   8.0068164e-02   1.6531521e+00   0.0000000e+00
  -8.3351039e-03  -2.0951281e+00  -1.1494320e+00   7.1373003e-02   1.6503604e+00   0.0000000e+00
  -7.4791751e-04  -2.0981716e+00  -1.0994145e+00   6.0813684e-02   1.6473318e+00   0.0000000e+00
   8.5307829e-03  -2.1031225e+00  -1.0468190e+00   4.8253949e-02   1.6440644e+00   0.0000000e+00
   1.9421977e-02  -2.1097687e+00  -9.9330175e-01   3.3896401e-02   1.6406541e+00   0.0000000e+00
   4.0948812e-02  -2.1238535e+00  -9.0472865e-01   6.4292017e-03   1.6348125e+00   0.0000000e+00
   6.4947780e-02  -2.1398282e+00  -8.2311473e-01  -2.3364822e-02   1.6291660e+00   0.0000000e+00
   7.9530635e-02  -2.1492075e+00  -7.8041310e-01  -4.0859223e-02   1.6261192e+00   0.0000000e+00
   9.3868838e-02  -2.1577920e+00  -7.4362165e-01  -5.7059355e-02   1.6234972e+00   0.0000000e+00
   1.0758005e-01  -2.1650028e+00  -7.1404413e-01  -7.0895103e-02   1.6214883e+00   0.0000000e+00
   1.2031366e-01  -2.1703228e+00  -6.9281538e-01  -8.1304787e-02   1.6202801e+00   0.0000000e+00
   1.3175155e-01  -2.1733328e+00  -6.8081604e-01  -8.7346691e-02   1.6200379e+00   0.0000000e+00
   1.4160933e-01  -2.1738061e+00  -6.7843675e-01  -8.8518124e-02   1.6208417e+00   0.0000000e+00
   1.4964024e-01  -2.1717057e+00  -6.8558594e-01  -8.4783747e-02   1.6226778e+00   0.0000000e+00
   1.5563680e-01  -2.1671867e+00  -7.0168555e-01  -7.6590171e-02   1.6254346e+00   0.0000000e+00
   1.5970884e-01  -2.1597346e+00  -7.2882278e-01  -6.3301068e-02   1.6293364e+00   0.0000000e+00
   1.6089165e-01  -2.1503490e+00  -7.6392280e-01  -4.7027027e-02   1.6337926e+00   0.0000000e+00
   1.5906765e-01  -2.1397491e+00  -8.0500292e-01  -2.9189793e-02   1.6384648e+00   0.0000000e+00
   1.5417425e-01  -2.1286743e+00  -8.5006266e-01  -1.1023610e-02   1.6430463e+00   0.0000000e+00
   1.4590201e-01  -2.1175175e+00  -8.9866388e-01   7.0033059e-03   1.6473992e+00   0.0000000e+00
   1.3441272e-01  -2.1073214e+00  -9.4753864e-01   2.3583516e-02   1.6511637e+00   0.0000000e+00
   1.1983387e-01  -2.0986653e+00  -9.9503116e-01   3.8237243e-02   1.6541892e+00   0.0000000e+00
   1.0236559e-01  -2.0919993e+00  -1.0397377e+00   5.0701937e-02   1.6563827e+00   0.0000000e+00
   7.8649959e-02  -2.0871621e+00  -1.0868941e+00   6.2381775e-02   1.6578352e+00   0.0000000e+00
   5.1960737e-02  -2.0857412e+00  -1.1272417e+00   7.1008669e-02   1.6581044e+00   0.0000000e+00
   2.2890677e-02  -2.0878034e+00  -1.1597616e+00   7.6737929e-02   1.6572418e+00   0.0000000e+00
  -8.1035144e-03  -2.0932732e+00  -1.1837958e+00   7.9776409e-02   1.6553152e+00   0.0000000e+00
  -4.6919516e-02  -2.1039813e+00  -1.2004234e+00   8.0121641e-02   1.6517240e+00   0.0000000e+00
  -8.6646096e-02  -2.1186222e+00  -1.2051307e+00   7.7461180e-02   1.6470304e+00   0.0000000e+00
  -1.2467196e-01  -2.1358329e+00  -1.1996296e+00   7.2500979e-02   1.6417515e+00   0.0000000e+00
  -1.5905982e-01  -2.1540454e+00  -1.1860707e+00   6.5958028e-02   1.6363358e+00   0.0000000e+00
  -1.8831324e-01  -2.1715019e+00  -1.1669423e+00   5.8579940e-02   1.6311851e+00   0.0000000e+00
  -2.1173362e-01  -2.1868170e+00  -1.1446790e+00   5.1035384e-02   1.6265747e+00   0.0000000e+00
  -2.2857935e-01  -2.1986545e+00  -1.1219539e+00   4.4072881e-02   1.6227944e+00   0.0000000e+00
  -2.3831934e-01  -2.2059480e+00  -1.1013424e+00   3.8434048e-02   1.6200965e+00   0.0000000e+00
  -2.4063251e-01  -2.2079705e+00  -1.0851498e+00   3.4796474e-02   1.6186855e+00   0.0000000e+00
  -2.3542596e-01  -2.2045467e+00  -1.0749546e+00   3.3616863e-02   1.6186891e+00   0.0000000e+00
  -2.2272914e-01  -2.1959226e+00  -1.0719015e+00   3.5144367e-02   1.6201866e+00   0.0000000e+00
  -2.0274186e-01  -2.1827907e+00  -1.0765023e+00   3.9350161e-02   1.6231869e+00   0.0000000e+00
  -1.7887374e-01  -2.1680402e+00  -1.0870646e+00   4.5164827e-02   1.6271122e+00   0.0000000e+00
  -1.4983115e-01  -2.1515403e+00  -1.1030930e+00   5.2458702e-02   1.6320900e+00   0.0000000e+00
  -1.1618725e-01  -2.1343896e+00  -1.1237115e+00   6.0712296e-02   1.6379650e+00   0.0000000e+00
  -7.8696057e-02  -2.1177124e+00  -1.1478600e+00   6.9370116e-02   1.6445403e+00   0.0000000e+00
  -2.9786526e-02  -2.0998008e+00  -1.1799771e+00   7.9554678e-02   1.6530569e+00   0.0000000e+00
   2.1601612e-02  -2.0856666e+00  -1.2137948e+00   8.8790738e-02   1.6618551e+00   0.0000000e+00
   7.4909297e-02  -2.0762192e+00  -1.2481477e+00   9.6649267e-02   1.6707236e+00   0.0000000e+00
   1.2857164e-01  -2.0723699e+00  -1.2815986e+00   1.0271354e-01   1.6793118e+00   0.0000000e+00
   1.7534050e-01  -2.0741606e+00  -1.3116105e+00   1.0667028e-01   1.6865981e+00   0.0000000e+00
   2.1658887e-01  -2.0806072e+00  -1.3409375e+00   1.0922382e-01   1.6929659e+00   0.0000000e+00
   2.4837742e-01  -2.0896821e+00  -1.3666693e+00   1.1050242e-01   1.6978664e+00   0.0000000e+00
   2.7388521e-01  -2.1006562e+00  -1.3910080e+00   1.1102009e-01   1.7018537e+00   0.0000000e+00
   2.9266408e-01  -2.1123645e+00  -1.4138894e+00   1.1106122e-01   1.7049404e+00   0.0000000e+00
   3.0448638e-01  -2.1236972e+00  -1.4354695e+00   1.1091417e-01   1.7071769e+00   0.0000000e+00
   3.0946659e-01  -2.1358379e+00  -1.4608756e+00   1.1085219e-01   1.7088813e+00   0.0000000e+00
   3.0390171e-01  -2.1444239e+00  -1.4841548e+00   1.1119764e-01   1.7094524e+00   0.0000000e+00
   2.8847708e-01  -2.1486019e+00  -1.5043114e+00   1.1208269e-01   1.7089384e+00   0.0000000e+00
   2.6420829e-01  -2.1481355e+00  -1.5197740e+00   1.1347255e-01   1.7073519e+00   0.0000000e+00
   2.3242112e-01  -2.1433874e+00  -1.5285367e+00   1.1517696e-01   1.7046810e+00   0.0000000e+00
   1.9475190e-01  -2.1353736e+00  -1.5283796e+00   1.1685275e-01   1.7009126e+00   0.0000000e+00
   1.5305872e-01  -2.1255043e+00  -1.5173010e+00   1.1802354e-01   1.6960580e+00   0.0000000e+00
   1.0937158e-01  -2.1154615e+00  -1.4937311e+00   1.1809705e-01   1.6901660e+00   0.0000000e+00
   6.5952377e-02  -2.1070862e+00  -1.4568321e+00   1.1639791e-01   1.6833501e+00   0.0000000e+00
   2.4718385e-02  -2.1018768e+00  -1.4064999e+00   1.1219444e-01   1.6757348e+00   0.0000000e+00
  -1.2692202e-02  -2.1009527e+00  -1.3436184e+00   1.0480826e-01   1.6674773e+00   0.0000000e+00
  -4.5322713e-02  -2.1049511e+00  -1.2699777e+00   9.3663917e-02   1.6587219e+00   0.0000000e+00
  -6.9758705e-02  -2.1125866e+00  -1.1992566e+00   8.0605971e-02   1.6507899e+00   0.0000000e+00
  -9.0420723e-02  -2.1239819e+00  -1.1231035e+00   6.3913558e-02   1.6425644e+00   0.0000000e+00
  -1.0702439e-01  -2.1386081e+00  -1.0427412e+00   4.3367854e-02   1.6341198e+00   0.0000000e+00
  -1.1928518e-01  -2.1554118e+00  -9.6162779e-01   1.9479527e-02   1.6257259e+00   0.0000000e+00
  -1.2624764e-01  -2.1701934e+00  -8.9624283e-01  -2.3759163e-03   1.6189731e+00   0.0000000e+00
  -1.3034607e-01  -2.1839344e+00  -8.3842763e-01  -2.3736301e-02   1.6129815e+00   0.0000000e+00
  -1.3198407e-01  -2.1953428e+00  -7.9152438e-01  -4.2585809e-02   1.6081181e+00   0.0000000e+00
  -1.3164764e-01  -2.2033249e+00  -7.5831456e-01  -5.6796382e-02   1.6047311e+00   0.0000000e+00
  -1.3035537e-01  -2.2066561e+00  -7.4319694e-01  -6.3408816e-02   1.6032975e+00   0.0000000e+00
  -1.2845195e-01  -2.2072503e+00  -7.3817796e-01  -6.5475048e-02   1.6030044e+00   0.0000000e+00
  -1.2620392e-01  -2.2051891e+00  -7.4312527e-01  -6.2957973e-02   1.6038226e+00   0.0000000e+00
  -1.2386986e-01  -2.2007639e+00  -7.5737974e-01  -5.6286834e-02   1.6056378e+00   0.0000000e+00
