   0.0000000e+00  -2.0943951e+00  -1.0471976e+00   0.0000000e+00   1.5707963e+00   0.0000000e+00
   2.9719955e-02  -2.0583231e+00  -1.1251446e+00   2.2918725e-02   1.5796695e+00   0.0000000e+00
   5.6437978e-02  -2.0317553e+00  -1.1809902e+00   3.8224036e-02   1.5866996e+00   0.0000000e+00
   8.4600656e-02  -2.0078393e+00  -1.2297886e+00   5.0953476e-02   1.5934704e+00   0.0000000e+00
   1.1345038e-01  -1.9864050e+00  -1.2720500e+00   6.1577907e-02   1.5999377e+00   0.0000000e+00
   1.4205474e-01  -1.9672282e+00  -1.3084553e+00   7.0499375e-02   1.6060377e+00   0.0000000e+00
   1.7675530e-01  -1.9454267e+00  -1.3480705e+00   8.0026792e-02   1.6132194e+00   0.0000000e+00
   2.0697721e-01  -1.9259308e+00  -1.3821732e+00   8.8076377e-02   1.6195539e+00   0.0000000e+00
   2.3054040e-01  -1.9077431e+00  -1.4137623e+00   9.5320421e-02   1.6249534e+00   0.0000000e+00
   2.4555959e-01  -1.8899284e+00  -1.4458818e+00   1.0231733e-01   1.6293620e+00   0.0000000e+00
   2.5062889e-01  -1.8741822e+00  -1.4763820e+00   1.0850742e-01   1.6323747e+00   0.0000000e+00
   2.4812859e-01  -1.8582252e+00  -1.5102256e+00   1.1482230e-01   1.6346259e+00   0.0000000e+00
   2.3844284e-01  -1.8424071e+00  -1.5475955e+00   1.2114279e-01   1.6361268e+00   0.0000000e+00
   2.2242191e-01  -1.8273432e+00  -1.5879861e+00   1.2723870e-01   1.6369001e+00   0.0000000e+00
   2.0219870e-01  -1.8142889e+00  -1.6287121e+00   1.3261572e-01   1.6369966e+00   0.0000000e+00
   1.7880518e-01  -1.8032421e+00  -1.6701654e+00   1.3730114e-01   1.6365605e+00   0.0000000e+00
   1.5387332e-01  -1.7945661e+00  -1.7113515e+00   1.4116348e-01   1.6357339e+00   0.0000000e+00
   1.2894856e-01  -1.7883389e+00  -1.7514946e+00   1.4416719e-01   1.6346831e+00   0.0000000e+00
   1.0061824e-01  -1.7837855e+00  -1.7981339e+00   1.4673895e-01   1.6333579e+00   0.0000000e+00
   7.6055464e-02  -1.7818022e+00  -1.8420543e+00   1.4833281e-01   1.6322369e+00   0.0000000e+00
   5.6371293e-02  -1.7815013e+00  -1.8831780e+00   1.4919816e-01   1.6315323e+00   0.0000000e+00
   4.2084302e-02  -1.7820031e+00  -1.9216462e+00   1.4958249e-01   1.6313847e+00   0.0000000e+00
   3.2453699e-02  -1.7825433e+00  -1.9622425e+00   1.4971988e-01   1.6319780e+00   0.0000000e+00
   2.9310324e-02  -1.7823297e+00  -2.0000917e+00   1.4976039e-01   1.6333924e+00   0.0000000e+00
   3.2034520e-02  -1.7808395e+00  -2.0354140e+00   1.4987430e-01   1.6356012e+00   0.0000000e+00
   3.9931700e-02  -1.7777561e+00  -2.0683319e+00   1.5018170e-01   1.6385508e+00   0.0000000e+00
   5.3248486e-02  -1.7725306e+00  -2.1008047e+00   1.5081580e-01   1.6424327e+00   0.0000000e+00
   7.0924135e-02  -1.7651451e+00  -2.1305141e+00   1.5185496e-01   1.6470047e+00   0.0000000e+00
   9.2344065e-02  -1.7554078e+00  -2.1572870e+00   1.5339645e-01   1.6522014e+00   0.0000000e+00
   1.1698774e-01  -1.7430635e+00  -2.1808284e+00   1.5555292e-01   1.6579650e+00   0.0000000e+00
   1.4432019e-01  -1.7278515e+00  -2.2006668e+00   1.5844015e-01   1.6642224e+00   0.0000000e+00
   1.7395343e-01  -1.7093574e+00  -2.2162680e+00   1.6221095e-01   1.6709267e+00   0.0000000e+00
   2.0535579e-01  -1.6873491e+00  -2.2268867e+00   1.6697126e-01   1.6779815e+00   0.0000000e+00
   2.3787501e-01  -1.6618487e+00  -2.2316584e+00   1.7275583e-01   1.6852424e+00   0.0000000e+00
   2.7070760e-01  -1.6332163e+00  -2.2297293e+00   1.7950147e-01   1.6925119e+00   0.0000000e+00
   3.0287241e-01  -1.6025517e+00  -2.2203046e+00   1.8691994e-01   1.6995025e+00   0.0000000e+00
   3.3315013e-01  -1.5713605e+00  -2.2035101e+00   1.9458375e-01   1.7058951e+00   0.0000000e+00
   3.6004137e-01  -1.5413922e+00  -2.1807942e+00   2.0197046e-01   1.7113642e+00   0.0000000e+00
   3.7993406e-01  -1.5171201e+00  -2.1578956e+00   2.0788693e-01   1.7152540e+00   0.0000000e+00
   3.9531538e-01  -1.4958703e+00  -2.1363875e+00   2.1296814e-01   1.7182473e+00   0.0000000e+00
   4.0615404e-01  -1.4779233e+00  -2.1204346e+00   2.1716446e-01   1.7205442e+00   0.0000000e+00
   4.1309045e-01  -1.4632556e+00  -2.1140973e+00   2.2053920e-01   1.7224889e+00   0.0000000e+00
   4.1703427e-01  -1.4527544e+00  -2.1194022e+00   2.2295678e-01   1.7242921e+00   0.0000000e+00
   4.2021302e-01  -1.4450992e+00  -2.1358733e+00   2.2470018e-01   1.7264266e+00   0.0000000e+00
   4.2406156e-01  -1.4408579e+00  -2.1627375e+00   2.2556848e-01   1.7290704e+00   0.0000000e+00
   4.2993566e-01  -1.4408058e+00  -2.1978049e+00   2.2527644e-01   1.7322891e+00   0.0000000e+00
   4.3825056e-01  -1.4452552e+00  -2.2349820e+00   2.2368886e-01   1.7357714e+00   0.0000000e+00
   4.4983175e-01  -1.4544072e+00  -2.2735702e+00   2.2070205e-01   1.7396123e+00   0.0000000e+00
   4.6481221e-01  -1.4681462e+00  -2.3110011e+00   2.1634840e-01   1.7436864e+00   0.0000000e+00
   4.8295600e-01  -1.4858273e+00  -2.3452513e+00   2.1083449e-01   1.7478705e+00   0.0000000e+00
   5.0524711e-01  -1.5078396e+00  -2.3767978e+00   2.0405735e-01   1.7523468e+00   0.0000000e+00
   5.2963211e-01  -1.5312721e+00  -2.4024597e+00   1.9692712e-01   1.7567543e+00   0.0000000e+00
   5.5518451e-01  -1.5543583e+00  -2.4222662e+00   1.8998177e-01   1.7610572e+00   0.0000000e+00
   5.8103951e-01  -1.5755733e+00  -2.4367826e+00   1.8367119e-01   1.7652471e+00   0.0000000e+00
   6.1280590e-01  -1.5977866e+00  -2.4489585e+00   1.7714544e-01   1.7703657e+00   0.0000000e+00
   6.4279763e-01  -1.6139892e+00  -2.4560482e+00   1.7244386e-01   1.7753244e+00   0.0000000e+00
   6.7027975e-01  -1.6236631e+00  -2.4596140e+00   1.6966290e-01   1.7801240e+00   0.0000000e+00
   6.9479068e-01  -1.6267803e+00  -2.4608792e+00   1.6876072e-01   1.7847613e+00   0.0000000e+00
   7.1839728e-01  -1.6228638e+00  -2.4606682e+00   1.6982054e-01   1.7897523e+00   0.0000000e+00
   7.3760420e-01  -1.6115172e+00  -2.4595630e+00   1.7291875e-01   1.7945025e+00   0.0000000e+00
   7.5197713e-01  -1.5930871e+00  -2.4581959e+00   1.7793374e-01   1.7989607e+00   0.0000000e+00
   7.6088406e-01  -1.5677921e+00  -2.4570239e+00   1.8479507e-01   1.8030356e+00   0.0000000e+00
   7.6327104e-01  -1.5309849e+00  -2.4563135e+00   1.9476435e-01   1.8070006e+00   0.0000000e+00
   7.5546245e-01  -1.4855391e+00  -2.4564761e+00   2.0710318e-01   1.8098980e+00   0.0000000e+00
   7.3500447e-01  -1.4323500e+00  -2.4573182e+00   2.2163070e-01   1.8110503e+00   0.0000000e+00
   6.9926945e-01  -1.3737557e+00  -2.4581852e+00   2.3777995e-01   1.8094311e+00   0.0000000e+00
   6.5766584e-01  -1.3250317e+00  -2.4582456e+00   2.5135236e-01   1.8052407e+00   0.0000000e+00
   6.0504987e-01  -1.2791803e+00  -2.4573538e+00   2.6423849e-01   1.7977629e+00   0.0000000e+00
   5.4464682e-01  -1.2396699e+00  -2.4559289e+00   2.7542085e-01   1.7871942e+00   0.0000000e+00
   4.8317426e-01  -1.2089595e+00  -2.4553236e+00   2.8413412e-01   1.7749393e+00   0.0000000e+00
   4.2403191e-01  -1.1854427e+00  -2.4584427e+00   2.9072509e-01   1.7622504e+00   0.0000000e+00
   3.9230314e-01  -1.1718772e+00  -2.4683461e+00   2.9430597e-01   1.7559053e+00   0.0000000e+00
   3.9968883e-01  -1.1652238e+00  -2.4849052e+00   2.9570533e-01   1.7598049e+00   0.0000000e+00
   4.4846240e-01  -1.1651028e+00  -2.5035930e+00   2.9510892e-01   1.7745835e+00   0.0000000e+00
   5.2934959e-01  -1.1738538e+00  -2.5170874e+00   2.9202244e-01   1.7968225e+00   0.0000000e+00
   6.2436777e-01  -1.1927182e+00  -2.5192432e+00   2.8630412e-01   1.8205109e+00   0.0000000e+00
   6.8665755e-01  -1.2095911e+00  -2.5134827e+00   2.8149807e-01   1.8345531e+00   0.0000000e+00
   7.4364647e-01  -1.2277412e+00  -2.5029373e+00   2.7653520e-01   1.8463367e+00   0.0000000e+00
   7.9321682e-01  -1.2452242e+00  -2.4890561e+00   2.7194344e-01   1.8557315e+00   0.0000000e+00
   8.3457906e-01  -1.2603793e+00  -2.4734953e+00   2.6813309e-01   1.8629760e+00   0.0000000e+00
   8.6949984e-01  -1.2724473e+00  -2.4571378e+00   2.6526109e-01   1.8687905e+00   0.0000000e+00
   8.9641036e-01  -1.2799588e+00  -2.4421268e+00   2.6363708e-01   1.8732151e+00   0.0000000e+00
   9.1625460e-01  -1.2827479e+00  -2.4294320e+00   2.6324753e-01   1.8766420e+00   0.0000000e+00
   9.2996062e-01  -1.2810032e+00  -2.4196259e+00   2.6400668e-01   1.8793571e+00   0.0000000e+00
   9.3851352e-01  -1.2749833e+00  -2.4128334e+00   2.6583507e-01   1.8815932e+00   0.0000000e+00
   9.4218511e-01  -1.2651859e+00  -2.4093974e+00   2.6859409e-01   1.8833898e+00   0.0000000e+00
   9.4144298e-01  -1.2521122e+00  -2.4093161e+00   2.7216018e-01   1.8847948e+00   0.0000000e+00
   9.3654468e-01  -1.2362141e+00  -2.4125691e+00   2.7642778e-01   1.8858008e+00   0.0000000e+00
   9.2474211e-01  -1.2131579e+00  -2.4212306e+00   2.8256542e-01   1.8863936e+00   0.0000000e+00
   9.0625724e-01  -1.1869628e+00  -2.4351685e+00   2.8952052e-01   1.8860579e+00   0.0000000e+00
   8.8025622e-01  -1.1582575e+00  -2.4546489e+00   2.9715217e-01   1.8843974e+00   0.0000000e+00
   8.4541792e-01  -1.1278158e+00  -2.4800159e+00   3.0527071e-01   1.8807932e+00   0.0000000e+00
   8.1275530e-01  -1.1046473e+00  -2.5029112e+00   3.1146459e-01   1.8763504e+00   0.0000000e+00
   7.7342080e-01  -1.0818021e+00  -2.5292888e+00   3.1757088e-01   1.8698524e+00   0.0000000e+00
   7.2678233e-01  -1.0602850e+00  -2.5589920e+00   3.2327672e-01   1.8607486e+00   0.0000000e+00
   6.7258094e-01  -1.0414401e+00  -2.5916057e+00   3.2813775e-01   1.8484941e+00   0.0000000e+00
   6.1111539e-01  -1.0268718e+00  -2.6264248e+00   3.3159746e-01   1.8326456e+00   0.0000000e+00
   5.4393113e-01  -1.0184811e+00  -2.6622958e+00   3.3292225e-01   1.8131395e+00   0.0000000e+00
   4.7370780e-01  -1.0176285e+00  -2.6978136e+00   3.3152588e-01   1.7905212e+00   0.0000000e+00
   4.0417675e-01  -1.0247637e+00  -2.7314078e+00   3.2711874e-01   1.7660252e+00   0.0000000e+00
   3.5180338e-01  -1.0358352e+00  -2.7559211e+00   3.2147544e-01   1.7462125e+00   0.0000000e+00
   3.0503780e-01  -1.0502056e+00  -2.7775423e+00   3.1449080e-01   1.7275547e+00   0.0000000e+00
   2.6600367e-01  -1.0658896e+00  -2.7958748e+00   3.0696648e-01   1.7112720e+00   0.0000000e+00
   2.3644586e-01  -1.0804268e+00  -2.8107757e+00   2.9995573e-01   1.6985164e+00   0.0000000e+00
   2.1040342e-01  -1.0954252e+00  -2.8288119e+00   2.9236857e-01   1.6872481e+00   0.0000000e+00
   2.1659199e-01  -1.0893405e+00  -2.8361824e+00   2.9449519e-01   1.6914195e+00   0.0000000e+00
   2.4769477e-01  -1.0626767e+00  -2.8315022e+00   3.0640543e-01   1.7084651e+00   0.0000000e+00
   2.9348511e-01  -1.0237735e+00  -2.8132408e+00   3.2429748e-01   1.7331375e+00   0.0000000e+00
   3.2345925e-01  -9.9908930e-01  -2.7958174e+00   3.3572422e-01   1.7489503e+00   0.0000000e+00
   3.5248000e-01  -9.7587022e-01  -2.7744818e+00   3.4646867e-01   1.7639027e+00   0.0000000e+00
   3.7867433e-01  -9.5530099e-01  -2.7504205e+00   3.5595678e-01   1.7770317e+00   0.0000000e+00
   4.0057613e-01  -9.3786221e-01  -2.7250352e+00   3.6395531e-01   1.7877017e+00   0.0000000e+00
   4.1887505e-01  -9.2181405e-01  -2.6966714e+00   3.7125122e-01   1.7963963e+00   0.0000000e+00
   4.2982194e-01  -9.0902058e-01  -2.6702981e+00   3.7698014e-01   1.8015325e+00   0.0000000e+00
   4.3332575e-01  -8.9880065e-01  -2.6472782e+00   3.8145114e-01   1.8032755e+00   0.0000000e+00
   4.2970846e-01  -8.9053460e-01  -2.6284989e+00   3.8495013e-01   1.8019074e+00   0.0000000e+00
   4.2090283e-01  -8.8435483e-01  -2.6156121e+00   3.8746412e-01   1.7983137e+00   0.0000000e+00
   4.0737489e-01  -8.7914547e-01  -2.6065747e+00   3.8949333e-01   1.7927206e+00   0.0000000e+00
   3.8967308e-01  -8.7479788e-01  -2.6013000e+00   3.9110541e-01   1.7853490e+00   0.0000000e+00
   3.6834526e-01  -8.7128918e-01  -2.5995898e+00   3.9233079e-01   1.7764048e+00   0.0000000e+00
   3.3746935e-01  -8.6816064e-01  -2.6020369e+00   3.9331431e-01   1.7633346e+00   0.0000000e+00
   3.0303021e-01  -8.6658237e-01  -2.6090425e+00   3.9364775e-01   1.7485982e+00   0.0000000e+00
   2.6630184e-01  -8.6674100e-01  -2.6200903e+00   3.9326340e-01   1.7327160e+00   0.0000000e+00
   2.2855541e-01  -8.6881895e-01  -2.6347556e+00   3.9207816e-01   1.7162337e+00   0.0000000e+00
   1.8105424e-01  -8.7451512e-01  -2.6581426e+00   3.8925344e-01   1.6952820e+00   0.0000000e+00
   1.3644095e-01  -8.8388332e-01  -2.6865602e+00   3.8476207e-01   1.6753911e+00   0.0000000e+00
   9.7240735e-02  -8.9731103e-01  -2.7199134e+00   3.7828886e-01   1.6576397e+00   0.0000000e+00
   6.6070640e-02  -9.1538234e-01  -2.7582446e+00   3.6936189e-01   1.6430536e+00   0.0000000e+00
   5.1541709e-02  -9.2983797e-01  -2.7855291e+00   3.6202327e-01   1.6357998e+00   0.0000000e+00
   4.2234279e-02  -9.4695404e-01  -2.8148019e+00   3.5311682e-01   1.6304859e+00   0.0000000e+00
   3.8918652e-02  -9.6724159e-01  -2.8458298e+00   3.4227063e-01   1.6273039e+00   0.0000000e+00
   4.2331606e-02  -9.9134947e-01  -2.8781809e+00   3.2900269e-01   1.6263870e+00   0.0000000e+00
   5.3115326e-02  -1.0200132e+00  -2.9112003e+00   3.1274408e-01   1.6277921e+00   0.0000000e+00
   7.1769089e-02  -1.0540982e+00  -2.9438732e+00   2.9274663e-01   1.6314439e+00   0.0000000e+00
   9.8351204e-02  -1.0941390e+00  -2.9749550e+00   2.6840829e-01   1.6371302e+00   0.0000000e+00
   1.3233469e-01  -1.1401196e+00  -3.0030366e+00   2.3943570e-01   1.6445019e+00   0.0000000e+00
   1.6868673e-01  -1.1864998e+00  -3.0247895e+00   2.0920145e-01   1.6522890e+00   0.0000000e+00
   2.0841276e-01  -1.2354111e+00  -3.0421174e+00   1.7640298e-01   1.6607521e+00   0.0000000e+00
   2.4913393e-01  -1.2841787e+00  -3.0548076e+00   1.4295289e-01   1.6695343e+00   0.0000000e+00
   2.8790124e-01  -1.3292810e+00  -3.0632861e+00   1.1152543e-01   1.6782343e+00   0.0000000e+00
   3.4068213e-01  -1.3868996e+00  -3.0711538e+00   7.0922381e-02   1.6915307e+00   0.0000000e+00
   3.6247592e-01  -1.4052905e+00  -3.0757136e+00   5.7622289e-02   1.6990629e+00   0.0000000e+00
   3.4824494e-01  -1.3865936e+00  -3.0790415e+00   7.0649937e-02   1.6970032e+00   0.0000000e+00
   3.0114448e-01  -1.3440308e+00  -3.0795245e+00   1.0129320e-01   1.6833394e+00   0.0000000e+00
   2.0562885e-01  -1.2819567e+00  -3.0702000e+00   1.4664207e-01   1.6477469e+00   0.0000000e+00
   8.3594770e-02  -1.2336974e+00  -3.0456913e+00   1.8197913e-01   1.5930121e+00   0.0000000e+00
  -2.1773169e-02  -1.2153798e+00  -3.0159146e+00   1.9633154e-01   1.5408788e+00   0.0000000e+00
  -1.2261031e-01  -1.2166728e+00  -2.9813654e+00   1.9870890e-01   1.4894919e+00   0.0000000e+00
  -1.8447787e-01  -1.2264995e+00  -2.9576991e+00   1.9547628e-01   1.4581980e+00   0.0000000e+00
  -2.4045592e-01  -1.2415384e+00  -2.9349429e+00   1.8974015e-01   1.4304401e+00   0.0000000e+00
  -2.9000685e-01  -1.2602087e+00  -2.9139502e+00   1.8243089e-01   1.4065278e+00   0.0000000e+00
  -3.3301573e-01  -1.2811888e+00  -2.8953127e+00   1.7421998e-01   1.3863968e+00   0.0000000e+00
  -3.7089450e-01  -1.3042428e+00  -2.8788648e+00   1.6523504e-01   1.3691834e+00   0.0000000e+00
  -4.0240157e-01  -1.3278681e+00  -2.8654772e+00   1.5605335e-01   1.3552620e+00   0.0000000e+00
  -4.2801589e-01  -1.3515103e+00  -2.8551695e+00   1.4685498e-01   1.3442149e+00   0.0000000e+00
  -4.4822457e-01  -1.3748128e+00  -2.8478562e+00   1.3773503e-01   1.3356636e+00   0.0000000e+00
  -4.6609568e-01  -1.4022582e+00  -2.8427809e+00   1.2685550e-01   1.3281964e+00   0.0000000e+00
  -4.7738903e-01  -1.4287281e+00  -2.8415274e+00   1.1614748e-01   1.3234762e+00   0.0000000e+00
  -4.8255637e-01  -1.4541191e+00  -2.8437917e+00   1.0559666e-01   1.3212138e+00   0.0000000e+00
  -4.8182662e-01  -1.4783722e+00  -2.8493153e+00   9.5178421e-02   1.3212588e+00   0.0000000e+00
  -4.7217086e-01  -1.5078188e+00  -2.8608841e+00   8.1936487e-02   1.3247243e+00   0.0000000e+00
  -4.5209337e-01  -1.5351399e+00  -2.8773018e+00   6.8844058e-02   1.3323014e+00   0.0000000e+00
  -4.2009876e-01  -1.5600553e+00  -2.8985002e+00   5.5927153e-02   1.3448444e+00   0.0000000e+00
  -3.7373141e-01  -1.5821741e+00  -2.9244909e+00   4.3279834e-02   1.3638988e+00   0.0000000e+00
  -3.3628587e-01  -1.5942886e+00  -2.9430201e+00   3.5639629e-02   1.3799888e+00   0.0000000e+00
  -2.9095013e-01  -1.6050473e+00  -2.9633142e+00   2.8228105e-02   1.4003245e+00   0.0000000e+00
  -2.3662572e-01  -1.6144024e+00  -2.9851650e+00   2.1109764e-02   1.4259676e+00   0.0000000e+00
  -1.7225446e-01  -1.6223917e+00  -3.0081803e+00   1.4343590e-02   1.4582003e+00   0.0000000e+00
  -9.6981057e-02  -1.6291539e+00  -3.0317545e+00   7.9715957e-03   1.4984077e+00   0.0000000e+00
  -1.0480049e-02  -1.6351040e+00  -3.0548664e+00   1.9150544e-03   1.5481061e+00   0.0000000e+00
   8.6489245e-02  -1.6407814e+00  -3.0762382e+00  -4.0089787e-03   1.6079100e+00   0.0000000e+00
   1.9184413e-01  -1.6467567e+00  -3.0944270e+00  -1.0059030e-02   1.6770614e+00   0.0000000e+00
   3.7487909e-01  -1.6580523e+00  -3.1140660e+00  -2.0669038e-02   1.8042989e+00   0.0000000e+00
   5.4965364e-01  -1.6684950e+00  -3.1194185e+00  -2.9727864e-02   1.9273653e+00   0.0000000e+00
   6.8120726e-01  -1.6730215e+00  -3.1151248e+00  -3.3097184e-02   2.0165108e+00   0.0000000e+00
   7.7824617e-01  -1.6719649e+00  -3.1073270e+00  -3.1584685e-02   2.0790887e+00   0.0000000e+00
   8.3564478e-01  -1.6682013e+00  -3.1012525e+00  -2.8122959e-02   2.1150073e+00   0.0000000e+00
   8.5905494e-01  -1.6657016e+00  -3.0998348e+00  -2.6082186e-02   2.1297086e+00   0.0000000e+00
   8.4994143e-01  -1.6693371e+00  -3.1040241e+00  -2.9261345e-02   2.1231954e+00   0.0000000e+00
   8.0973113e-01  -1.6847834e+00  -3.1114050e+00  -4.2130970e-02   2.0923650e+00   0.0000000e+00
   7.3200555e-01  -1.7235085e+00  -3.1166034e+00  -7.4031120e-02   2.0242079e+00   0.0000000e+00
   6.2999462e-01  -1.7923968e+00  -3.1089419e+00  -1.2864563e-01   1.9225100e+00   0.0000000e+00
   5.3857257e-01  -1.8721323e+00  -3.0887343e+00  -1.8584491e-01   1.8277247e+00   0.0000000e+00
   4.4433954e-01  -1.9681301e+00  -3.0567170e+00  -2.4437461e-01   1.7366947e+00   0.0000000e+00
   3.5828090e-01  -2.0628643e+00  -3.0200213e+00  -2.9138757e-01   1.6642773e+00   0.0000000e+00
   2.8170747e-01  -2.1520418e+00  -2.9819171e+00  -3.2710020e-01   1.6088626e+00   0.0000000e+00
   2.1620218e-01  -2.2363780e+00  -2.9434833e+00  -3.5454248e-01   1.5682985e+00   0.0000000e+00
   1.6979280e-01  -2.3094596e+00  -2.9093054e+00  -3.7434816e-01   1.5446578e+00   0.0000000e+00
   1.3981703e-01  -2.3811920e+00  -2.8763921e+00  -3.9108435e-01   1.5350984e+00   0.0000000e+00
   1.3228275e-01  -2.4422965e+00  -2.8502288e+00  -4.0386961e-01   1.5411402e+00   0.0000000e+00
   1.4690335e-01  -2.5004491e+00  -2.8282827e+00  -4.1530580e-01   1.5637229e+00   0.0000000e+00
   1.8200979e-01  -2.5484365e+00  -2.8135008e+00  -4.2458211e-01   1.6008997e+00   0.0000000e+00
   2.1350745e-01  -2.5739792e+00  -2.8074405e+00  -4.2961472e-01   1.6316161e+00   0.0000000e+00
   2.5104235e-01  -2.5953888e+00  -2.8038582e+00  -4.3400055e-01   1.6673266e+00   0.0000000e+00
   2.9383907e-01  -2.6124163e+00  -2.8026807e+00  -4.3773416e-01   1.7076269e+00   0.0000000e+00
   3.4117802e-01  -2.6246718e+00  -2.8039031e+00  -4.4076542e-01   1.7520189e+00   0.0000000e+00
   3.9755042e-01  -2.6319844e+00  -2.8080809e+00  -4.4315991e-01   1.8047166e+00   0.0000000e+00
   4.5771287e-01  -2.6319633e+00  -2.8154023e+00  -4.4438115e-01   1.8605291e+00   0.0000000e+00
   5.2071563e-01  -2.6233832e+00  -2.8261041e+00  -4.4407269e-01   1.9181872e+00   0.0000000e+00
   5.8545567e-01  -2.6047016e+00  -2.8404600e+00  -4.4168404e-01   1.9762613e+00   0.0000000e+00
   6.5061669e-01  -2.5741186e+00  -2.8587328e+00  -4.3642165e-01   2.0333002e+00   0.0000000e+00
   7.1445785e-01  -2.5293378e+00  -2.8811551e+00  -4.2709040e-01   2.0880124e+00   0.0000000e+00
   7.7491173e-01  -2.4682924e+00  -2.9077039e+00  -4.1198390e-01   2.1398766e+00   0.0000000e+00
   8.2962733e-01  -2.3895274e+00  -2.9379830e+00  -3.8885173e-01   2.1894246e+00   0.0000000e+00
   8.8549582e-01  -2.2681809e+00  -2.9789674e+00  -3.4541516e-01   2.2497946e+00   0.0000000e+00
   9.2564181e-01  -2.1265294e+00  -3.0205644e+00  -2.8207642e-01   2.3138999e+00   0.0000000e+00
   9.4975239e-01  -1.9794550e+00  -3.0574317e+00  -2.0091395e-01   2.3838099e+00   0.0000000e+00
   9.6127205e-01  -1.8436349e+00  -3.0847345e+00  -1.1192270e-01   2.4553721e+00   0.0000000e+00
   9.6475225e-01  -1.7239441e+00  -3.1015996e+00  -2.3668688e-02   2.5239850e+00   0.0000000e+00
   9.6352478e-01  -1.6362360e+00  -3.1086762e+00   4.5296551e-02   2.5764010e+00   0.0000000e+00
   9.6151310e-01  -1.5877738e+00  -3.1110215e+00   8.4381413e-02   2.6057667e+00   0.0000000e+00
   9.6247610e-01  -1.5747730e+00  -3.1127226e+00   9.4865052e-02   2.6143060e+00   0.0000000e+00
   9.6904631e-01  -1.5924414e+00  -3.1137435e+00   8.0250957e-02   2.6054902e+00   0.0000000e+00
   9.8388212e-01  -1.6363039e+00  -3.1120624e+00   4.4391486e-02   2.5832172e+00   0.0000000e+00
   1.0099742e+00  -1.7085983e+00  -3.1036105e+00  -1.2921320e-02   2.5485423e+00   0.0000000e+00
   1.0463269e+00  -1.8048635e+00  -3.0847095e+00  -8.4055967e-02   2.5072665e+00   0.0000000e+00
   1.0892570e+00  -1.9179890e+00  -3.0542211e+00  -1.5810675e-01   2.4665724e+00   0.0000000e+00
   1.1333315e+00  -2.0350514e+00  -3.0148238e+00  -2.2293873e-01   2.4334283e+00   0.0000000e+00
   1.1848043e+00  -2.1684706e+00  -2.9594456e+00  -2.8239803e-01   2.4062355e+00   0.0000000e+00
   1.2283556e+00  -2.2700576e+00  -2.9062254e+00  -3.1768493e-01   2.3928966e+00   0.0000000e+00
   1.2594260e+00  -2.3303957e+00  -2.8660973e+00  -3.3431185e-01   2.3884918e+00   0.0000000e+00
   1.2852741e+00  -2.3691365e+00  -2.8325334e+00  -3.4274381e-01   2.3879961e+00   0.0000000e+00
   1.3017662e+00  -2.3864713e+00  -2.8117358e+00  -3.4545386e-01   2.3893110e+00   0.0000000e+00
   1.3159426e+00  -2.3952381e+00  -2.7948052e+00  -3.4591689e-01   2.3916700e+00   0.0000000e+00
   1.3280671e+00  -2.3967776e+00  -2.7815660e+00  -3.4470242e-01   2.3948379e+00   0.0000000e+00
   1.3383753e+00  -2.3922037e+00  -2.7717941e+00  -3.4220265e-01   2.3986672e+00   0.0000000e+00
   1.3488620e+00  -2.3795045e+00  -2.7641630e+00  -3.3772303e-01   2.4041708e+00   0.0000000e+00
   1.3572055e+00  -2.3601825e+00  -2.7609891e+00  -3.3196486e-01   2.4104723e+00   0.0000000e+00
   1.3636206e+00  -2.3351590e+00  -2.7619477e+00  -3.2508729e-01   2.4175481e+00   0.0000000e+00
   1.3682352e+00  -2.3050324e+00  -2.7668240e+00  -3.1713769e-01   2.4254262e+00   0.0000000e+00
   1.3714517e+00  -2.2621620e+00  -2.7778269e+00  -3.0598778e-01   2.4361535e+00   0.0000000e+00
   1.3719784e+00  -2.2123082e+00  -2.7945062e+00  -2.9292101e-01   2.4484066e+00   0.0000000e+00
   1.3694288e+00  -2.1550946e+00  -2.8171180e+00  -2.7740254e-01   2.4625662e+00   0.0000000e+00
   1.3630622e+00  -2.0897671e+00  -2.8460386e+00  -2.5856092e-01   2.4791847e+00   0.0000000e+00
   1.3491456e+00  -2.0016982e+00  -2.8883675e+00  -2.3055669e-01   2.5027459e+00   0.0000000e+00
   1.3250404e+00  -1.8996386e+00  -2.9398465e+00  -1.9300758e-01   2.5322683e+00   0.0000000e+00
   1.2850745e+00  -1.7834619e+00  -2.9989743e+00  -1.4132206e-01   2.5693686e+00   0.0000000e+00
   1.2200686e+00  -1.6568150e+00  -3.0613652e+00  -7.0508572e-02   2.6141075e+00   0.0000000e+00
   1.1499002e+00  -1.5637622e+00  -3.1042217e+00  -6.2266395e-03   2.6484187e+00   0.0000000e+00
   1.0562029e+00  -1.4775460e+00  -3.1402248e+00   6.4446405e-02   2.6775177e+00   0.0000000e+00
   9.4086680e-01  -1.4042763e+00  -3.1661787e+00   1.3371020e-01   2.6937074e+00   0.0000000e+00
   8.1774470e-01  -1.3481697e+00  -3.1815787e+00   1.9233838e-01   2.6930387e+00   0.0000000e+00
   7.2716233e-01  -1.3159774e+00  -3.1882778e+00   2.2786589e-01   2.6828615e+00   0.0000000e+00
   6.6776161e-01  -1.2983351e+00  -3.1917236e+00   2.4779316e-01   2.6718343e+00   0.0000000e+00
   6.5207214e-01  -1.2948219e+00  -3.1936163e+00   2.5169445e-01   2.6677050e+00   0.0000000e+00
   6.8458804e-01  -1.3042943e+00  -3.1940487e+00   2.4056870e-01   2.6743760e+00   0.0000000e+00
   7.6188229e-01  -1.3253320e+00  -3.1912975e+00   2.1629346e-01   2.6902690e+00   0.0000000e+00
   8.6861855e-01  -1.3551218e+00  -3.1825206e+00   1.8322418e-01   2.7085599e+00   0.0000000e+00
   9.6586900e-01  -1.3845087e+00  -3.1685745e+00   1.5276981e-01   2.7205111e+00   0.0000000e+00
   1.0564613e+00  -1.4151683e+00  -3.1482821e+00   1.2388814e-01   2.7270148e+00   0.0000000e+00
   1.1335934e+00  -1.4449574e+00  -3.1225535e+00   9.9006933e-02   2.7287380e+00   0.0000000e+00
   1.1956568e+00  -1.4721356e+00  -3.0930662e+00   7.9201399e-02   2.7275637e+00   0.0000000e+00
   1.2658695e+00  -1.5064076e+00  -3.0441659e+00   5.8405703e-02   2.7239968e+00   0.0000000e+00
   1.3123402e+00  -1.5292236e+00  -2.9966257e+00   4.7656680e-02   2.7214614e+00   0.0000000e+00
   1.3487059e+00  -1.5416060e+00  -2.9449079e+00   4.4234232e-02   2.7215653e+00   0.0000000e+00
   1.3698275e+00  -1.5380973e+00  -2.9051624e+00   4.8218505e-02   2.7253737e+00   0.0000000e+00
   1.3766882e+00  -1.5310408e+00  -2.8896929e+00   5.2290399e-02   2.7286099e+00   0.0000000e+00
   1.3814817e+00  -1.5209367e+00  -2.8775068e+00   5.7431749e-02   2.7326065e+00   0.0000000e+00
   1.3845498e+00  -1.5081504e+00  -2.8684418e+00   6.3479784e-02   2.7372889e+00   0.0000000e+00
   1.3861378e+00  -1.4930159e+00  -2.8623019e+00   7.0312985e-02   2.7425907e+00   0.0000000e+00
   1.3862175e+00  -1.4695247e+00  -2.8582885e+00   8.0573301e-02   2.7505810e+00   0.0000000e+00
   1.3841509e+00  -1.4429641e+00  -2.8587004e+00   9.1945737e-02   2.7594638e+00   0.0000000e+00
   1.3800056e+00  -1.4138617e+00  -2.8631699e+00   1.0433398e-01   2.7691393e+00   0.0000000e+00
   1.3736859e+00  -1.3826581e+00  -2.8714511e+00   1.1768455e-01   2.7795224e+00   0.0000000e+00
   1.3620576e+00  -1.3407432e+00  -2.8872185e+00   1.3592499e-01   2.7935252e+00   0.0000000e+00
   1.3455336e+00  -1.2967039e+00  -2.9090168e+00   1.5570956e-01   2.8083860e+00   0.0000000e+00
   1.3220660e+00  -1.2513981e+00  -2.9371581e+00   1.7700094e-01   2.8236743e+00   0.0000000e+00
   1.2880323e+00  -1.2061253e+00  -2.9720490e+00   1.9957463e-01   2.8384322e+00   0.0000000e+00
   1.2463438e+00  -1.1690271e+00  -3.0073775e+00   2.1939957e-01   2.8492157e+00   0.0000000e+00
   1.1862442e+00  -1.1355473e+00  -3.0475816e+00   2.3868269e-01   2.8554748e+00   0.0000000e+00
   1.0974179e+00  -1.1087489e+00  -3.0915259e+00   2.5534495e-01   2.8514333e+00   0.0000000e+00
   9.6585332e-01  -1.0919752e+00  -3.1364676e+00   2.6609351e-01   2.8256406e+00   0.0000000e+00
   8.4218030e-01  -1.0870961e+00  -3.1661996e+00   2.6832796e-01   2.7846368e+00   0.0000000e+00
   6.9804612e-01  -1.0875276e+00  -3.1921523e+00   2.6547820e-01   2.7179055e+00   0.0000000e+00
   5.4947940e-01  -1.0929384e+00  -3.2130044e+00   2.5682610e-01   2.6260755e+00   0.0000000e+00
   4.1548541e-01  -1.1038514e+00  -3.2282293e+00   2.4052145e-01   2.5188009e+00   0.0000000e+00
   2.7375469e-01  -1.1278779e+00  -3.2400962e+00   2.0349769e-01   2.3699706e+00   0.0000000e+00
   1.8456849e-01  -1.1576320e+00  -3.2432628e+00   1.5561266e-01   2.2454713e+00   0.0000000e+00
   1.3635283e-01  -1.1859536e+00  -3.2419263e+00   1.0891095e-01   2.1570184e+00   0.0000000e+00
   1.2446785e-01  -1.1975743e+00  -3.2411781e+00   8.9547600e-02   2.1280929e+00   0.0000000e+00
   1.2850972e-01  -1.1960788e+00  -3.2423220e+00   9.2038916e-02   2.1347082e+00   0.0000000e+00
   1.4528424e-01  -1.1801519e+00  -3.2447576e+00   1.1889855e-01   2.1757505e+00   0.0000000e+00
   1.7810713e-01  -1.1464509e+00  -3.2455856e+00   1.7527867e-01   2.2578669e+00   0.0000000e+00
   2.3093466e-01  -1.0950369e+00  -3.2370704e+00   2.5706270e-01   2.3771924e+00   0.0000000e+00
   2.8951981e-01  -1.0418136e+00  -3.2157835e+00   3.3354445e-01   2.4900935e+00   0.0000000e+00
   3.4367852e-01  -9.9236358e-01  -3.1850030e+00   3.9586791e-01   2.5808521e+00   0.0000000e+00
   3.8789484e-01  -9.4616728e-01  -3.1474778e+00   4.4638454e-01   2.6498723e+00   0.0000000e+00
   4.1467187e-01  -9.0528675e-01  -3.1080559e+00   4.8517182e-01   2.6956429e+00   0.0000000e+00
   4.1956272e-01  -8.6632304e-01  -3.0659843e+00   5.1733451e-01   2.7223740e+00   0.0000000e+00
   3.9274955e-01  -8.3178201e-01  -3.0264289e+00   5.4231206e-01   2.7260079e+00   0.0000000e+00
   3.3984919e-01  -8.0698549e-01  -2.9982768e+00   5.5846746e-01   2.7085035e+00   0.0000000e+00
   2.7148949e-01  -7.8987283e-01  -2.9802377e+00   5.6890611e-01   2.6767933e+00   0.0000000e+00
   1.8046252e-01  -7.7730686e-01  -2.9688765e+00   5.7628988e-01   2.6270234e+00   0.0000000e+00
   7.1946551e-02  -7.7176854e-01  -2.9657258e+00   5.7947730e-01   2.5598464e+00   0.0000000e+00
  -4.9457588e-02  -7.7683744e-01  -2.9718290e+00   5.7642660e-01   2.4764261e+00   0.0000000e+00
  -1.1271370e-01  -7.8515492e-01  -2.9788723e+00   5.7137637e-01   2.4297666e+00   0.0000000e+00
  -1.7087129e-01  -7.9736414e-01  -2.9880749e+00   5.6381033e-01   2.3847922e+00   0.0000000e+00
  -2.2318212e-01  -8.1337571e-01  -2.9992038e+00   5.5363065e-01   2.3422527e+00   0.0000000e+00
  -2.7194386e-01  -8.3450574e-01  -3.0130160e+00   5.3976657e-01   2.3000708e+00   0.0000000e+00
  -3.1305920e-01  -8.5977833e-01  -3.0287697e+00   5.2257101e-01   2.2613173e+00   0.0000000e+00
  -3.4603670e-01  -8.8926791e-01  -3.0464054e+00   5.0164922e-01   2.2260016e+00   0.0000000e+00
  -3.7027786e-01  -9.2322004e-01  -3.0658441e+00   4.7638291e-01   2.1939953e+00   0.0000000e+00
  -3.8867997e-01  -9.8547997e-01  -3.0989747e+00   4.2666158e-01   2.1505441e+00   0.0000000e+00
  -3.8004577e-01  -1.0622719e+00  -3.1342821e+00   3.5893661e-01   2.1134353e+00   0.0000000e+00
  -3.3788228e-01  -1.1575674e+00  -3.1677024e+00   2.6456954e-01   2.0818706e+00   0.0000000e+00
  -2.5384220e-01  -1.2760386e+00  -3.1916542e+00   1.3161206e-01   2.0564667e+00   0.0000000e+00
  -1.5396689e-01  -1.3893471e+00  -3.1965870e+00  -7.9748999e-03   2.0436022e+00   0.0000000e+00
  -2.6405531e-02  -1.5277705e+00  -3.1823971e+00  -1.8081754e-01   2.0425399e+00   0.0000000e+00
   1.0570728e-01  -1.6971720e+00  -3.1465650e+00  -3.6442197e-01   2.0615765e+00   0.0000000e+00
   2.0355562e-01  -1.8773330e+00  -3.1014738e+00  -5.0550464e-01   2.1041599e+00   0.0000000e+00
   2.5620198e-01  -2.0060937e+00  -3.0692432e+00  -5.7697808e-01   2.1493107e+00   0.0000000e+00
   2.8747554e-01  -2.0871292e+00  -3.0494789e+00  -6.1290772e-01   2.1854557e+00   0.0000000e+00
   3.0227253e-01  -2.1226978e+00  -3.0412614e+00  -6.2703178e-01   2.2044818e+00   0.0000000e+00
   2.9487368e-01  -2.1029781e+00  -3.0466579e+00  -6.1940323e-01   2.1949609e+00   0.0000000e+00
   2.6854593e-01  -2.0417672e+00  -3.0617441e+00  -5.9347086e-01   2.1616719e+00   0.0000000e+00
   2.2202445e-01  -1.9429346e+00  -3.0855589e+00  -5.4407035e-01   2.1082826e+00   0.0000000e+00
   1.4075236e-01  -1.8024249e+00  -3.1185283e+00  -4.5352102e-01   2.0335614e+00   0.0000000e+00
   3.0028795e-02  -1.6664508e+00  -3.1464071e+00  -3.3849289e-01   1.9556976e+00   0.0000000e+00
  -9.8637865e-02  -1.5557509e+00  -3.1588513e+00  -2.2790184e-01   1.8766687e+00   0.0000000e+00
  -2.3140917e-01  -1.4733429e+00  -3.1521438e+00  -1.4340303e-01   1.7951012e+00   0.0000000e+00
  -3.4599255e-01  -1.4248259e+00  -3.1303136e+00  -9.6436457e-02   1.7210618e+00   0.0000000e+00
  -4.5706914e-01  -1.4018907e+00  -3.0940193e+00  -7.4442450e-02   1.6462266e+00   0.0000000e+00
  -5.2242871e-01  -1.4024749e+00  -3.0653213e+00  -7.1910907e-02   1.6017799e+00   0.0000000e+00
  -6.0301795e-01  -1.4216314e+00  -3.0220813e+00  -7.8797208e-02   1.5478974e+00   0.0000000e+00
  -6.6322547e-01  -1.4538893e+00  -2.9836800e+00  -9.1502000e-02   1.5089905e+00   0.0000000e+00
  -7.1350896e-01  -1.5004922e+00  -2.9468162e+00  -1.0913799e-01   1.4774772e+00   0.0000000e+00
  -7.4529860e-01  -1.5506990e+00  -2.9200197e+00  -1.2748515e-01   1.4576236e+00   0.0000000e+00
  -7.5747602e-01  -1.5827966e+00  -2.9080462e+00  -1.3907310e-01   1.4496486e+00   0.0000000e+00
  -7.6444266e-01  -1.6150496e+00  -2.8994634e+00  -1.5072123e-01   1.4444910e+00   0.0000000e+00
  -7.6657986e-01  -1.6473491e+00  -2.8940150e+00  -1.6246930e-01   1.4418351e+00   0.0000000e+00
  -7.6405683e-01  -1.6796894e+00  -2.8914810e+00  -1.7438449e-01   1.4415242e+00   0.0000000e+00
  -7.5490391e-01  -1.7183233e+00  -2.8920150e+00  -1.8890213e-01   1.4442308e+00   0.0000000e+00
  -7.3861355e-01  -1.7573861e+00  -2.8962411e+00  -2.0398042e-01   1.4505161e+00   0.0000000e+00
  -7.1413888e-01  -1.7973617e+00  -2.9040311e+00  -2.1990595e-01   1.4610976e+00   0.0000000e+00
  -6.7976582e-01  -1.8390389e+00  -2.9152653e+00  -2.3709202e-01   1.4772813e+00   0.0000000e+00
  -6.2766958e-01  -1.8881802e+00  -2.9313329e+00  -2.5810155e-01   1.5040238e+00   0.0000000e+00
  -5.5596593e-01  -1.9434119e+00  -2.9506023e+00  -2.8250203e-01   1.5450229e+00   0.0000000e+00
  -4.5873915e-01  -2.0085649e+00  -2.9714405e+00  -3.1194974e-01   1.6089147e+00   0.0000000e+00
  -3.3046291e-01  -2.0890785e+00  -2.9905852e+00  -3.4860625e-01   1.7099832e+00   0.0000000e+00
  -2.0789976e-01  -2.1666314e+00  -3.0011771e+00  -3.8352956e-01   1.8269450e+00   0.0000000e+00
  -6.7703933e-02  -2.2589103e+00  -3.0059162e+00  -4.2409655e-01   1.9857018e+00   0.0000000e+00
   9.0400688e-02  -2.3639197e+00  -3.0056217e+00  -4.6907574e-01   2.1865440e+00   0.0000000e+00
   2.7666224e-01  -2.4743960e+00  -3.0043411e+00  -5.1627625e-01   2.4190580e+00   0.0000000e+00
   5.0856275e-01  -2.5734335e+00  -3.0069721e+00  -5.6045746e-01   2.6545781e+00   0.0000000e+00
   7.4628796e-01  -2.6281851e+00  -3.0133920e+00  -5.8690549e-01   2.8233475e+00   0.0000000e+00
   9.3762607e-01  -2.6375526e+00  -3.0196041e+00  -5.9218255e-01   2.9175020e+00   0.0000000e+00
   1.0629395e+00  -2.6219092e+00  -3.0239806e+00  -5.8443635e-01   2.9667202e+00   0.0000000e+00
   1.1308973e+00  -2.6026828e+00  -3.0265971e+00  -5.7437289e-01   2.9919292e+00   0.0000000e+00
   1.1693906e+00  -2.5876548e+00  -3.0285145e+00  -5.6635361e-01   3.0063092e+00   0.0000000e+00
   1.1633814e+00  -2.5924780e+00  -3.0283299e+00  -5.6898587e-01   3.0030315e+00   0.0000000e+00
   1.1264251e+00  -2.6121469e+00  -3.0254722e+00  -5.7939766e-01   2.9866251e+00   0.0000000e+00
   1.0497747e+00  -2.6423413e+00  -3.0181090e+00  -5.9458733e-01   2.9530785e+00   0.0000000e+00
   9.2428022e-01  -2.6708060e+00  -3.0049323e+00  -6.0741511e-01   2.8928570e+00   0.0000000e+00
   7.5212221e-01  -2.6828720e+00  -2.9853018e+00  -6.1077825e-01   2.7852974e+00   0.0000000e+00
   5.7841767e-01  -2.6761901e+00  -2.9614518e+00  -6.0519065e-01   2.6284640e+00   0.0000000e+00
   4.4099956e-01  -2.6669198e+00  -2.9364596e+00  -5.9850666e-01   2.4566268e+00   0.0000000e+00
   2.9538126e-01  -2.6683288e+00  -2.8990990e+00  -5.9299325e-01   2.2280747e+00   0.0000000e+00
   2.1240528e-01  -2.6806822e+00  -2.8709789e+00  -5.9116884e-01   2.0883167e+00   0.0000000e+00
   1.3688871e-01  -2.7008116e+00  -2.8403985e+00  -5.8994579e-01   1.9657831e+00   0.0000000e+00
   6.5899520e-02  -2.7286375e+00  -2.8061558e+00  -5.8882013e-01   1.8609941e+00   0.0000000e+00
   6.7475886e-03  -2.7628892e+00  -2.7703233e+00  -5.8783057e-01   1.7849390e+00   0.0000000e+00
  -3.4875714e-02  -2.8068792e+00  -2.7321587e+00  -5.8732282e-01   1.7425823e+00   0.0000000e+00
  -4.3872844e-02  -2.8331901e+00  -2.7132000e+00  -5.8751172e-01   1.7396201e+00   0.0000000e+00
  -4.2206398e-02  -2.8590829e+00  -2.6972124e+00  -5.8808723e-01   1.7506789e+00   0.0000000e+00
  -3.1026476e-02  -2.8842612e+00  -2.6841391e+00  -5.8903863e-01   1.7742465e+00   0.0000000e+00
  -1.2807104e-02  -2.9071337e+00  -2.6743684e+00  -5.9026005e-01   1.8070953e+00   0.0000000e+00
   1.1948696e-02  -2.9289425e+00  -2.6670061e+00  -5.9177950e-01   1.8497133e+00   0.0000000e+00
   4.2509288e-02  -2.9495372e+00  -2.6619997e+00  -5.9358940e-01   1.9017723e+00   0.0000000e+00
   7.8341904e-02  -2.9688127e+00  -2.6593450e+00  -5.9569295e-01   1.9630854e+00   0.0000000e+00
   1.4266169e-01  -2.9955784e+00  -2.6599650e+00  -5.9950711e-01   2.0743444e+00   0.0000000e+00
   2.1961259e-01  -3.0192212e+00  -2.6667171e+00  -6.0415195e-01   2.2070322e+00   0.0000000e+00
   2.8365381e-01  -3.0341843e+00  -2.6756725e+00  -6.0801071e-01   2.3137280e+00   0.0000000e+00
   3.5899010e-01  -3.0478137e+00  -2.6886104e+00  -6.1239664e-01   2.4309951e+00   0.0000000e+00
   4.5037564e-01  -3.0599176e+00  -2.7060660e+00  -6.1727518e-01   2.5574651e+00   0.0000000e+00
   5.6404560e-01  -3.0693793e+00  -2.7284914e+00  -6.2235194e-01   2.6884080e+00   0.0000000e+00
   7.3979036e-01  -3.0720346e+00  -2.7629991e+00  -6.2729149e-01   2.8386223e+00   0.0000000e+00
   9.2536041e-01  -3.0540579e+00  -2.8020253e+00  -6.2679961e-01   2.9446456e+00   0.0000000e+00
   1.0739113e+00  -3.0115564e+00  -2.8425313e+00  -6.1800913e-01   3.0044641e+00   0.0000000e+00
   1.1727849e+00  -2.9526826e+00  -2.8825440e+00  -6.0178803e-01   3.0399755e+00   0.0000000e+00
   1.2446354e+00  -2.8745494e+00  -2.9275002e+00  -5.7574450e-01   3.0713368e+00   0.0000000e+00
   1.2932522e+00  -2.7851562e+00  -2.9741524e+00  -5.3998353e-01   3.1039799e+00   0.0000000e+00
   1.3331670e+00  -2.6679961e+00  -3.0314674e+00  -4.8230260e-01   3.1507277e+00   0.0000000e+00
   1.3597060e+00  -2.5572307e+00  -3.0836568e+00  -4.1404607e-01   3.2031339e+00   0.0000000e+00
   1.3806966e+00  -2.4538753e+00  -3.1320856e+00  -3.3509541e-01   3.2617837e+00   0.0000000e+00
   1.3933828e+00  -2.3908572e+00  -3.1627607e+00  -2.7783521e-01   3.3032538e+00   0.0000000e+00
   1.3980622e+00  -2.3729475e+00  -3.1727548e+00  -2.6007207e-01   3.3157411e+00   0.0000000e+00
   1.3976365e+00  -2.3969321e+00  -3.1603537e+00  -2.8387094e-01   3.2979072e+00   0.0000000e+00
   1.3981612e+00  -2.4493268e+00  -3.1289066e+00  -3.3052536e-01   3.2626706e+00   0.0000000e+00
   1.4042270e+00  -2.5213169e+00  -3.0805101e+00  -3.8396930e-01   3.2215124e+00   0.0000000e+00
   1.4166490e+00  -2.5993038e+00  -3.0204584e+00  -4.2995335e-01   3.1855692e+00   0.0000000e+00
   1.4324818e+00  -2.6682117e+00  -2.9569390e+00  -4.6163656e-01   3.1606128e+00   0.0000000e+00
   1.4511478e+00  -2.7280181e+00  -2.8862620e+00  -4.8262891e-01   3.1440208e+00   0.0000000e+00
   1.4673331e+00  -2.7639444e+00  -2.8255760e+00  -4.9166959e-01   3.1368564e+00   0.0000000e+00
   1.4773896e+00  -2.7770112e+00  -2.7884896e+00  -4.9343083e-01   3.1354561e+00   0.0000000e+00
   1.4857566e+00  -2.7800600e+00  -2.7590646e+00  -4.9228076e-01   3.1363657e+00   0.0000000e+00
   1.4926447e+00  -2.7747197e+00  -2.7371305e+00  -4.8904497e-01   3.1389313e+00   0.0000000e+00
   1.4982863e+00  -2.7624208e+00  -2.7222189e+00  -4.8425818e-01   3.1427236e+00   0.0000000e+00
   1.5033162e+00  -2.7423293e+00  -2.7131526e+00  -4.7757124e-01   3.1480069e+00   0.0000000e+00
   1.5073382e+00  -2.7165690e+00  -2.7109744e+00  -4.6964188e-01   3.1542438e+00   0.0000000e+00
   1.5105226e+00  -2.6861019e+00  -2.7150492e+00  -4.6060958e-01   3.1613050e+00   0.0000000e+00
   1.5129851e+00  -2.6516066e+00  -2.7249669e+00  -4.5051703e-01   3.1691362e+00   0.0000000e+00
   1.5151159e+00  -2.6040740e+00  -2.7450399e+00  -4.3651175e-01   3.1798957e+00   0.0000000e+00
   1.5162712e+00  -2.5514123e+00  -2.7740552e+00  -4.2057403e-01   3.1919851e+00   0.0000000e+00
   1.5163499e+00  -2.4939188e+00  -2.8126603e+00  -4.0228055e-01   3.2056648e+00   0.0000000e+00
   1.5150808e+00  -2.4320961e+00  -2.8617133e+00  -3.8103896e-01   3.2213108e+00   0.0000000e+00
   1.5132774e+00  -2.3895021e+00  -2.9001102e+00  -3.6512120e-01   3.2328949e+00   0.0000000e+00
   1.5104628e+00  -2.3461827e+00  -2.9434162e+00  -3.4742495e-01   3.2456551e+00   0.0000000e+00
   1.5062533e+00  -2.3033498e+00  -2.9913476e+00  -3.2794852e-01   3.2596098e+00   0.0000000e+00
   1.5000288e+00  -2.2628161e+00  -3.0432034e+00  -3.0701798e-01   3.2745944e+00   0.0000000e+00
   1.4853960e+00  -2.2134055e+00  -3.1221908e+00  -2.7620781e-01   3.2970256e+00   0.0000000e+00
   1.4581269e+00  -2.1814128e+00  -3.2003087e+00  -2.5063095e-01   3.3179324e+00   0.0000000e+00
   1.4247854e+00  -2.1715288e+00  -3.2488214e+00  -2.4167709e-01   3.3304982e+00   0.0000000e+00
   1.3723085e+00  -2.1698778e+00  -3.2881292e+00  -2.4371769e-01   3.3443810e+00   0.0000000e+00
   1.3011852e+00  -2.1728883e+00  -3.3154831e+00  -2.5727392e-01   3.3660481e+00   0.0000000e+00
   1.2355297e+00  -2.1769350e+00  -3.3305710e+00  -2.7675985e-01   3.3928180e+00   0.0000000e+00
   1.2123910e+00  -2.1787377e+00  -3.3345601e+00  -2.8633648e-01   3.4031581e+00   0.0000000e+00
   1.2289857e+00  -2.1780075e+00  -3.3317164e+00  -2.8215607e-01   3.3931819e+00   0.0000000e+00
   1.3068821e+00  -2.1724916e+00  -3.3178378e+00  -2.5641838e-01   3.3621633e+00   0.0000000e+00
   1.3908514e+00  -2.1631919e+00  -3.2952280e+00  -2.2383504e-01   3.3484543e+00   0.0000000e+00
   1.4492097e+00  -2.1500174e+00  -3.2655751e+00  -1.9022432e-01   3.3554031e+00   0.0000000e+00
   1.4856936e+00  -2.1329993e+00  -3.2307810e+00  -1.5760948e-01   3.3718048e+00   0.0000000e+00
   1.5097463e+00  -2.1122369e+00  -3.1906975e+00  -1.2650684e-01   3.3915086e+00   0.0000000e+00
   1.5254649e+00  -2.0897804e+00  -3.1483988e+00  -9.9315739e-02   3.4105862e+00   0.0000000e+00
   1.5395794e+00  -2.0570111e+00  -3.0883690e+00  -6.7437873e-02   3.4344833e+00   0.0000000e+00
   1.5481080e+00  -2.0249594e+00  -3.0345729e+00  -4.2390944e-02   3.4540913e+00   0.0000000e+00
   1.5518088e+00  -2.0053661e+00  -3.0060181e+00  -2.9173722e-02   3.4645621e+00   0.0000000e+00
   1.5547524e+00  -1.9857017e+00  -2.9815591e+00  -1.7052148e-02   3.4741159e+00   0.0000000e+00
   1.5571780e+00  -1.9657928e+00  -2.9613396e+00  -5.6223590e-03   3.4829874e+00   0.0000000e+00
   1.5592506e+00  -1.9455187e+00  -2.9453243e+00   5.4187226e-03   3.4913616e+00   0.0000000e+00
   1.5613479e+00  -1.9215283e+00  -2.9318116e+00   1.7982301e-02   3.5006075e+00   0.0000000e+00
   1.5632407e+00  -1.8969589e+00  -2.9233174e+00   3.0529705e-02   3.5095198e+00   0.0000000e+00
   1.5650198e+00  -1.8718755e+00  -2.9194462e+00   4.3201799e-02   3.5181967e+00   0.0000000e+00
   1.5667538e+00  -1.8464020e+00  -2.9198226e+00   5.6076031e-02   3.5266936e+00   0.0000000e+00
   1.5689967e+00  -1.8134062e+00  -2.9260237e+00   7.2936389e-02   3.5373618e+00   0.0000000e+00
   1.5713430e+00  -1.7805400e+00  -2.9382499e+00   9.0135104e-02   3.5477201e+00   0.0000000e+00
   1.5738731e+00  -1.7484750e+00  -2.9563578e+00   1.0749343e-01   3.5576034e+00   0.0000000e+00
   1.5766547e+00  -1.7181470e+00  -2.9805350e+00   1.2463282e-01   3.5666797e+00   0.0000000e+00
   1.5804842e+00  -1.6851762e+00  -3.0193940e+00   1.4437084e-01   3.5758656e+00   0.0000000e+00
   1.5846511e+00  -1.6605831e+00  -3.0698259e+00   1.5993291e-01   3.5808036e+00   0.0000000e+00
   1.5874788e+00  -1.6511001e+00  -3.1151098e+00   1.6526559e-01   3.5793266e+00   0.0000000e+00
   1.5889868e+00  -1.6517530e+00  -3.1678083e+00   1.6036536e-01   3.5702956e+00   0.0000000e+00
   1.5864368e+00  -1.6641279e+00  -3.2266420e+00   1.3745479e-01   3.5495253e+00   0.0000000e+00
   1.5735344e+00  -1.6858625e+00  -3.2870078e+00   8.6185894e-02   3.5138136e+00   0.0000000e+00
   1.5409497e+00  -1.7074648e+00  -3.3361731e+00   5.4278422e-03   3.4735895e+00   0.0000000e+00
   1.4689577e+00  -1.7238650e+00  -3.3731555e+00  -1.2771015e-01   3.4619017e+00   0.0000000e+00
   1.4199839e+00  -1.7245846e+00  -3.3978672e+00  -3.0387433e-01   3.5231124e+00   0.0000000e+00
   1.4481854e+00  -1.7029525e+00  -3.4204388e+00  -4.8491219e-01   3.5775002e+00   0.0000000e+00
   1.4970258e+00  -1.6611482e+00  -3.4357135e+00  -6.3917250e-01   3.5789336e+00   0.0000000e+00
   1.5314617e+00  -1.6081693e+00  -3.4439477e+00  -7.5950066e-01   3.5536563e+00   0.0000000e+00
   1.5534945e+00  -1.5465756e+00  -3.4494944e+00  -8.5849710e-01   3.5212872e+00   0.0000000e+00
   1.5624677e+00  -1.5056491e+00  -3.4523858e+00  -9.1068465e-01   3.5012047e+00   0.0000000e+00
   1.5649227e+00  -1.4874788e+00  -3.4531368e+00  -9.3130757e-01   3.4925656e+00   0.0000000e+00
   1.5617256e+00  -1.4972192e+00  -3.4518972e+00  -9.2015458e-01   3.4965006e+00   0.0000000e+00
   1.5517705e+00  -1.5345818e+00  -3.4502854e+00  -8.7442521e-01   3.5133932e+00   0.0000000e+00
   1.5265325e+00  -1.6070043e+00  -3.4513157e+00  -7.6724600e-01   3.5489120e+00   0.0000000e+00
   1.4832559e+00  -1.6882866e+00  -3.4571091e+00  -6.0759498e-01   3.5888205e+00   0.0000000e+00
   1.4256494e+00  -1.7636286e+00  -3.4649150e+00  -4.1022735e-01   3.6137062e+00   0.0000000e+00
   1.3691859e+00  -1.8325425e+00  -3.4725629e+00  -1.9282632e-01   3.6108884e+00   0.0000000e+00
   1.3328597e+00  -1.9026004e+00  -3.4827592e+00   2.4806830e-02   3.5860260e+00   0.0000000e+00
   1.3228434e+00  -1.9763652e+00  -3.5005819e+00   2.0952049e-01   3.5591150e+00   0.0000000e+00
   1.3273194e+00  -2.0508526e+00  -3.5300143e+00   3.4804095e-01   3.5446081e+00   0.0000000e+00
   1.3321582e+00  -2.0934984e+00  -3.5561478e+00   4.1177900e-01   3.5462744e+00   0.0000000e+00
   1.3361852e+00  -2.1188582e+00  -3.5811102e+00   4.4724562e-01   3.5570387e+00   0.0000000e+00
   1.3406926e+00  -2.1288331e+00  -3.6030758e+00   4.6423387e-01   3.5736787e+00   0.0000000e+00
   1.3485372e+00  -2.1253917e+00  -3.6250059e+00   4.6962102e-01   3.5969721e+00   0.0000000e+00
   1.3619917e+00  -2.1067246e+00  -3.6454193e+00   4.6362561e-01   3.6235902e+00   0.0000000e+00
   1.3812972e+00  -2.0739614e+00  -3.6628967e+00   4.4774980e-01   3.6476200e+00   0.0000000e+00
   1.4048148e+00  -2.0289441e+00  -3.6770803e+00   4.2329106e-01   3.6643954e+00   0.0000000e+00
   1.4309130e+00  -1.9710025e+00  -3.6878749e+00   3.8936427e-01   3.6710501e+00   0.0000000e+00
   1.4444546e+00  -1.9363747e+00  -3.6917487e+00   3.6795234e-01   3.6697323e+00   0.0000000e+00
   1.4571815e+00  -1.9000895e+00  -3.6942055e+00   3.4462290e-01   3.6652149e+00   0.0000000e+00
   1.4690676e+00  -1.8621890e+00  -3.6952680e+00   3.1927234e-01   3.6577232e+00   0.0000000e+00
   1.4820686e+00  -1.8153913e+00  -3.6947354e+00   2.8657148e-01   3.6452935e+00   0.0000000e+00
   1.4941253e+00  -1.7660617e+00  -3.6922480e+00   2.5042299e-01   3.6290409e+00   0.0000000e+00
   1.5054120e+00  -1.7138704e+00  -3.6877745e+00   2.1031669e-01   3.6088862e+00   0.0000000e+00
   1.5161142e+00  -1.6583848e+00  -3.6812891e+00   1.6563013e-01   3.5845857e+00   0.0000000e+00
   1.5256334e+00  -1.6037770e+00  -3.6735102e+00   1.1969609e-01   3.5581311e+00   0.0000000e+00
   1.5349266e+00  -1.5454549e+00  -3.6640476e+00   6.8669841e-02   3.5274009e+00   0.0000000e+00
   1.5440621e+00  -1.4829345e+00  -3.6530051e+00   1.2071263e-02   3.4919840e+00   0.0000000e+00
   1.5530414e+00  -1.4157299e+00  -3.6405721e+00  -5.0394694e-02   3.4515169e+00   0.0000000e+00
   1.5676249e+00  -1.2893105e+00  -3.6171337e+00  -1.6982711e-01   3.3705760e+00   0.0000000e+00
   1.5799281e+00  -1.1462970e+00  -3.5931817e+00  -3.0148828e-01   3.2761612e+00   0.0000000e+00
   1.5873708e+00  -9.8239464e-01  -3.5723643e+00  -4.3849137e-01   3.1720914e+00   0.0000000e+00
   1.5868181e+00  -8.1556707e-01  -3.5606596e+00  -5.5678022e-01   3.0779035e+00   0.0000000e+00
   1.5801082e+00  -6.8116451e-01  -3.5585820e+00  -6.3624704e-01   3.0138201e+00   0.0000000e+00
   1.5721514e+00  -5.9519479e-01  -3.5601132e+00  -6.8035771e-01   2.9794242e+00   0.0000000e+00
   1.5686098e+00  -5.7446285e-01  -3.5602890e+00  -6.9019178e-01   2.9723524e+00   0.0000000e+00
   1.5695570e+00  -6.0369639e-01  -3.5595781e+00  -6.7610423e-01   2.9835104e+00   0.0000000e+00
   1.5733238e+00  -6.7538829e-01  -3.5617465e+00  -6.4015329e-01   3.0121562e+00   0.0000000e+00
   1.5765775e+00  -7.7663511e-01  -3.5717120e+00  -5.8578480e-01   3.0564048e+00   0.0000000e+00
   1.5770804e+00  -9.0083727e-01  -3.5953170e+00  -5.1502737e-01   3.1138411e+00   0.0000000e+00
   1.5751164e+00  -1.0156383e+00  -3.6312115e+00  -4.4934016e-01   3.1658890e+00   0.0000000e+00
   1.5727877e+00  -1.1059424e+00  -3.6743757e+00  -4.0135527e-01   3.2027906e+00   0.0000000e+00
   1.5711417e+00  -1.1676309e+00  -3.7193922e+00  -3.7330019e-01   3.2237361e+00   0.0000000e+00
   1.5702075e+00  -1.2031218e+00  -3.7623653e+00  -3.6134559e-01   3.2322811e+00   0.0000000e+00
   1.5697360e+00  -1.2165659e+00  -3.7994598e+00  -3.6057161e-01   3.2324280e+00   0.0000000e+00
   1.5695513e+00  -1.2161699e+00  -3.8205237e+00  -3.6401775e-01   3.2295891e+00   0.0000000e+00
   1.5694180e+00  -1.2099393e+00  -3.8381732e+00  -3.6947560e-01   3.2252747e+00   0.0000000e+00
   1.5693053e+00  -1.1991470e+00  -3.8524680e+00  -3.7622237e-01   3.2200212e+00   0.0000000e+00
   1.5691943e+00  -1.1847865e+00  -3.8635612e+00  -3.8375869e-01   3.2141957e+00   0.0000000e+00
   1.5690473e+00  -1.1635594e+00  -3.8730524e+00  -3.9354687e-01   3.2066593e+00   0.0000000e+00
   1.5688769e+00  -1.1390862e+00  -3.8785072e+00  -4.0369035e-01   3.1988620e+00   0.0000000e+00
   1.5686753e+00  -1.1120036e+00  -3.8802627e+00  -4.1398978e-01   3.1909424e+00   0.0000000e+00
   1.5684359e+00  -1.0826854e+00  -3.8785815e+00  -4.2435921e-01   3.1829552e+00   0.0000000e+00
   1.5681309e+00  -1.0490849e+00  -3.8731990e+00  -4.3551392e-01   3.1743369e+00   0.0000000e+00
   1.5677639e+00  -1.0130387e+00  -3.8641948e+00  -4.4683514e-01   3.1655524e+00   0.0000000e+00
   1.5673153e+00  -9.7422815e-01  -3.8515647e+00  -4.5849707e-01   3.1564528e+00   0.0000000e+00
   1.5667534e+00  -9.3206269e-01  -3.8352296e+00  -4.7078223e-01   3.1468006e+00   0.0000000e+00
   1.5661065e+00  -8.9057754e-01  -3.8172940e+00  -4.8269307e-01   3.1373715e+00   0.0000000e+00
   1.5652733e+00  -8.4494503e-01  -3.7961807e+00  -4.9579602e-01   3.1269142e+00   0.0000000e+00
   1.5641386e+00  -7.9428773e-01  -3.7718845e+00  -5.1056708e-01   3.1150249e+00   0.0000000e+00
   1.5624923e+00  -7.3748905e-01  -3.7445553e+00  -5.2765212e-01   3.1011608e+00   0.0000000e+00
   1.5592671e+00  -6.5876404e-01  -3.7080544e+00  -5.5256223e-01   3.0808080e+00   0.0000000e+00
   1.5531124e+00  -5.6657228e-01  -3.6690959e+00  -5.8375230e-01   3.0553868e+00   0.0000000e+00
   1.5433082e+00  -4.8270833e-01  -3.6380664e+00  -6.1387352e-01   3.0316174e+00   0.0000000e+00
   1.5270895e+00  -4.0499489e-01  -3.6134810e+00  -6.4300022e-01   3.0111317e+00   0.0000000e+00
   1.4921654e+00  -3.1797714e-01  -3.5918007e+00  -6.7684681e-01   2.9971783e+00   0.0000000e+00
   1.3884376e+00  -1.9393299e-01  -3.5800061e+00  -7.2916567e-01   3.0461961e+00   0.0000000e+00
   1.5752669e+00  -1.1978158e-01  -3.5839229e+00  -7.6274379e-01   3.1386699e+00   0.0000000e+00
   1.5783122e+00  -2.9941756e-02  -3.5658294e+00  -8.0001124e-01   3.1054342e+00   0.0000000e+00
   1.5814193e+00   3.9664626e-02  -3.5533530e+00  -8.2772734e-01   3.0796464e+00   0.0000000e+00
   1.5836578e+00   6.2236788e-02  -3.5491538e+00  -8.3638286e-01   3.0715437e+00   0.0000000e+00
   1.5856139e+00   5.2883344e-02  -3.5505480e+00  -8.3272724e-01   3.0754049e+00   0.0000000e+00
   1.5898455e+00   1.3138525e-02  -3.5589322e+00  -8.1748635e-01   3.0907360e+00   0.0000000e+00
   1.6025069e+00  -4.2175759e-02  -3.5739682e+00  -7.9652896e-01   3.1122830e+00   0.0000000e+00
   1.7272048e+00  -1.1486926e-01  -3.5963933e+00  -7.6896247e-01   3.1449978e+00   0.0000000e+00
   1.5657259e+00  -1.3663406e-01  -3.6158798e+00  -7.6343010e-01   3.1511954e+00   0.0000000e+00
   1.5654729e+00  -1.9142807e-01  -3.6484948e+00  -7.4735611e-01   3.1646295e+00   0.0000000e+00
   1.5655254e+00  -2.4552719e-01  -3.6998475e+00  -7.3713009e-01   3.1729216e+00   0.0000000e+00
   1.5656588e+00  -2.7087728e-01  -3.7517644e+00  -7.3926479e-01   3.1711904e+00   0.0000000e+00
   1.5656587e+00  -2.7452420e-01  -3.7808031e+00  -7.4429938e-01   3.1671889e+00   0.0000000e+00
   1.5655695e+00  -2.7165560e-01  -3.8077042e+00  -7.5092290e-01   3.1619443e+00   0.0000000e+00
   1.5653824e+00  -2.6375492e-01  -3.8320209e+00  -7.5837992e-01   3.1560489e+00   0.0000000e+00
   1.5650950e+00  -2.5209953e-01  -3.8534913e+00  -7.6612118e-01   3.1499302e+00   0.0000000e+00
   1.5645205e+00  -2.3130904e-01  -3.8787234e+00  -7.7682003e-01   3.1414646e+00   0.0000000e+00
   1.5637430e+00  -2.0725578e-01  -3.8981976e+00  -7.8678159e-01   3.1335661e+00   0.0000000e+00
   1.5627415e+00  -1.8142459e-01  -3.9122000e+00  -7.9570443e-01   3.1264737e+00   0.0000000e+00
   1.5614728e+00  -1.5478311e-01  -3.9211216e+00  -8.0347853e-01   3.1202805e+00   0.0000000e+00
   1.5598431e+00  -1.2752797e-01  -3.9254250e+00  -8.1021036e-01   3.1149120e+00   0.0000000e+00
   1.5592036e+00  -1.1845571e-01  -3.9258629e+00  -8.1220427e-01   3.1133229e+00   0.0000000e+00
