   0.0000000e+00  -2.0943951e+00  -1.0471976e+00   0.0000000e+00   1.5707963e+00   0.0000000e+00
   4.1009090e-02  -2.0809063e+00  -1.0831205e+00   1.0067114e-02   1.5778030e+00   0.0000000e+00
   8.5616455e-02  -2.0716652e+00  -1.1056747e+00   1.6329740e-02   1.5843666e+00   0.0000000e+00
   1.1726528e-01  -2.0680868e+00  -1.1130039e+00   1.8464923e-02   1.5884501e+00   0.0000000e+00
   1.4738531e-01  -2.0668231e+00  -1.1139275e+00   1.8922228e-02   1.5919170e+00   0.0000000e+00
   1.7396048e-01  -2.0674528e+00  -1.1098639e+00   1.8060038e-02   1.5946246e+00   0.0000000e+00
   1.9510763e-01  -2.0691870e+00  -1.1031417e+00   1.6463407e-02   1.5965198e+00   0.0000000e+00
   2.0673455e-01  -2.0706275e+00  -1.0980110e+00   1.5203254e-02   1.5974522e+00   0.0000000e+00
   2.1367576e-01  -2.0716432e+00  -1.0945261e+00   1.4334485e-02   1.5979755e+00   0.0000000e+00
   2.1569950e-01  -2.0718995e+00  -1.0938954e+00   1.4160142e-02   1.5981528e+00   0.0000000e+00
   2.1283090e-01  -2.0712373e+00  -1.0969773e+00   1.4872934e-02   1.5980455e+00   0.0000000e+00
   2.0534516e-01  -2.0696840e+00  -1.1042290e+00   1.6538546e-02   1.5977089e+00   0.0000000e+00
   1.9377673e-01  -2.0675014e+00  -1.1155430e+00   1.9039574e-02   1.5971779e+00   0.0000000e+00
   1.7882965e-01  -2.0650492e+00  -1.1304679e+00   2.2168869e-02   1.5964815e+00   0.0000000e+00
   1.6133771e-01  -2.0627336e+00  -1.1482845e+00   2.5662651e-02   1.5956465e+00   0.0000000e+00
   1.3602028e-01  -2.0605603e+00  -1.1746175e+00   3.0337563e-02   1.5943882e+00   0.0000000e+00
   1.0979149e-01  -2.0599046e+00  -1.2025709e+00   3.4679043e-02   1.5930225e+00   0.0000000e+00
   8.4334750e-02  -2.0610045e+00  -1.2307017e+00   3.8403226e-02   1.5916510e+00   0.0000000e+00
   6.1149350e-02  -2.0637283e+00  -1.2580763e+00   4.1424964e-02   1.5904026e+00   0.0000000e+00
   4.2541988e-02  -2.0673773e+00  -1.2824947e+00   4.3668742e-02   1.5894560e+00   0.0000000e+00
   2.7406833e-02  -2.0716426e+00  -1.3053406e+00   4.5430384e-02   1.5887781e+00   0.0000000e+00
   1.5901653e-02  -2.0761047e+00  -1.3264620e+00   4.6819217e-02   1.5883981e+00   0.0000000e+00
   7.9495442e-03  -2.0804102e+00  -1.3458448e+00   4.7942433e-02   1.5883226e+00   0.0000000e+00
   2.5018361e-03  -2.0853293e+00  -1.3685364e+00   4.9157772e-02   1.5886565e+00   0.0000000e+00
   1.9009545e-03  -2.0892014e+00  -1.3885198e+00   5.0213857e-02   1.5894231e+00   0.0000000e+00
   5.4080252e-03  -2.0918632e+00  -1.4058385e+00   5.1191736e-02   1.5905523e+00   0.0000000e+00
   1.2331681e-02  -2.0932703e+00  -1.4204527e+00   5.2132822e-02   1.5919703e+00   0.0000000e+00
   2.5152579e-02  -2.0933119e+00  -1.4349491e+00   5.3292293e-02   1.5940824e+00   0.0000000e+00
   4.1544574e-02  -2.0914528e+00  -1.4443444e+00   5.4404481e-02   1.5964147e+00   0.0000000e+00
   6.0734203e-02  -2.0877967e+00  -1.4478067e+00   5.5416909e-02   1.5988393e+00   0.0000000e+00
   8.2128048e-02  -2.0824975e+00  -1.4440858e+00   5.6211588e-02   1.6012220e+00   0.0000000e+00
   1.0093762e-01  -2.0771243e+00  -1.4345504e+00   5.6556434e-02   1.6030361e+00   0.0000000e+00
   1.2059605e-01  -2.0711764e+00  -1.4178119e+00   5.6399309e-02   1.6046041e+00   0.0000000e+00
   1.4055348e-01  -2.0652456e+00  -1.3925621e+00   5.5401681e-02   1.6057640e+00   0.0000000e+00
   1.5996128e-01  -2.0601881e+00  -1.3576458e+00   5.3095315e-02   1.6063094e+00   0.0000000e+00
   1.7779192e-01  -2.0570250e+00  -1.3124976e+00   4.8958435e-02   1.6060306e+00   0.0000000e+00
   1.9300867e-01  -2.0569080e+00  -1.2572767e+00   4.2269663e-02   1.6047278e+00   0.0000000e+00
   2.0477682e-01  -2.0603596e+00  -1.1944740e+00   3.2786956e-02   1.6023822e+00   0.0000000e+00
   2.1259726e-01  -2.0669307e+00  -1.1298411e+00   2.1098765e-02   1.5992505e+00   0.0000000e+00
   2.1651784e-01  -2.0752749e+00  -1.0701896e+00   8.4653082e-03   1.5957770e+00   0.0000000e+00
   2.1686271e-01  -2.0816279e+00  -1.0313489e+00  -7.0066408e-04   1.5931651e+00   0.0000000e+00
   2.1519692e-01  -2.0829649e+00  -1.0229488e+00  -2.7524519e-03   1.5924007e+00   0.0000000e+00
   2.1356397e-01  -2.0787360e+00  -1.0468580e+00   3.1187389e-03   1.5938744e+00   0.0000000e+00
   2.1426156e-01  -2.0702883e+00  -1.1038733e+00   1.5828913e-02   1.5977525e+00   0.0000000e+00
   2.1954034e-01  -2.0630128e+00  -1.1758825e+00   2.9413530e-02   1.6028646e+00   0.0000000e+00
   2.2485769e-01  -2.0609045e+00  -1.2175053e+00   3.6000420e-02   1.6059282e+00   0.0000000e+00
   2.3172932e-01  -2.0606534e+00  -1.2566744e+00   4.1333081e-02   1.6089167e+00   0.0000000e+00
   2.3993216e-01  -2.0622156e+00  -1.2917002e+00   4.5329092e-02   1.6117229e+00   0.0000000e+00
   2.4917241e-01  -2.0652970e+00  -1.3215988e+00   4.8081837e-02   1.6142814e+00   0.0000000e+00
   2.6176628e-01  -2.0706179e+00  -1.3514863e+00   5.0118780e-02   1.6171108e+00   0.0000000e+00
   2.7481835e-01  -2.0766823e+00  -1.3730947e+00   5.0974822e-02   1.6194995e+00   0.0000000e+00
   2.8776004e-01  -2.0827148e+00  -1.3872332e+00   5.1037521e-02   1.6214652e+00   0.0000000e+00
   3.0013133e-01  -2.0881543e+00  -1.3949223e+00   5.0603875e-02   1.6230373e+00   0.0000000e+00
   3.1343111e-01  -2.0933141e+00  -1.3972030e+00   4.9738971e-02   1.6244251e+00   0.0000000e+00
   3.2507485e-01  -2.0969713e+00  -1.3936071e+00   4.8663831e-02   1.6253644e+00   0.0000000e+00
   3.3476796e-01  -2.0990887e+00  -1.3853348e+00   4.7483077e-02   1.6258885e+00   0.0000000e+00
   3.4227162e-01  -2.0997407e+00  -1.3732932e+00   4.6239797e-02   1.6260165e+00   0.0000000e+00
   3.4831406e-01  -2.0986839e+00  -1.3534517e+00   4.4552318e-02   1.6256093e+00   0.0000000e+00
   3.4985026e-01  -2.0957346e+00  -1.3293018e+00   4.2711286e-02   1.6245308e+00   0.0000000e+00
   3.4608410e-01  -2.0912075e+00  -1.3012023e+00   4.0604958e-02   1.6226971e+00   0.0000000e+00
   3.3598054e-01  -2.0855388e+00  -1.2691170e+00   3.8037012e-02   1.6199688e+00   0.0000000e+00
   3.2096869e-01  -2.0801015e+00  -1.2374520e+00   3.5184424e-02   1.6166975e+00   0.0000000e+00
   2.9934452e-01  -2.0751273e+00  -1.2016812e+00   3.1336454e-02   1.6124154e+00   0.0000000e+00
   2.7089902e-01  -2.0717210e+00  -1.1612712e+00   2.6007246e-02   1.6070132e+00   0.0000000e+00
   2.3637293e-01  -2.0710890e+00  -1.1166446e+00   1.8780546e-02   1.6005413e+00   0.0000000e+00
   2.1051502e-01  -2.0727546e+00  -1.0849861e+00   1.2732461e-02   1.5956937e+00   0.0000000e+00
   1.8391630e-01  -2.0760606e+00  -1.0536568e+00   5.9808587e-03   1.5907062e+00   0.0000000e+00
   1.5803738e-01  -2.0806138e+00  -1.0243787e+00  -1.0318591e-03   1.5858659e+00   0.0000000e+00
   1.3457904e-01  -2.0856820e+00  -9.9918722e-01  -7.6302268e-03   1.5815202e+00   0.0000000e+00
   1.1534895e-01  -2.0902830e+00  -9.8021925e-01  -1.2978491e-02   1.5780436e+00   0.0000000e+00
   1.0198216e-01  -2.0934121e+00  -9.6913862e-01  -1.6284555e-02   1.5757585e+00   0.0000000e+00
   9.5681075e-02  -2.0944532e+00  -9.6648875e-01  -1.7158109e-02   1.5748541e+00   0.0000000e+00
   9.7088574e-02  -2.0933284e+00  -9.7145588e-01  -1.5734795e-02   1.5753534e+00   0.0000000e+00
   1.0393582e-01  -2.0911340e+00  -9.7966735e-01  -1.3319227e-02   1.5766960e+00   0.0000000e+00
   1.1551020e-01  -2.0883597e+00  -9.8984987e-01  -1.0351441e-02   1.5787089e+00   0.0000000e+00
   1.3118661e-01  -2.0855964e+00  -1.0002749e+00  -7.3789745e-03   1.5811970e+00   0.0000000e+00
   1.5012630e-01  -2.0834158e+00  -1.0093188e+00  -4.8929698e-03   1.5839472e+00   0.0000000e+00
   1.8069603e-01  -2.0822692e+00  -1.0171077e+00  -2.9625334e-03   1.5878851e+00   0.0000000e+00
   2.1291074e-01  -2.0839900e+00  -1.0170175e+00  -3.4113382e-03   1.5914028e+00   0.0000000e+00
   2.4420038e-01  -2.0886477e+00  -1.0083163e+00  -6.4133692e-03   1.5941408e+00   0.0000000e+00
   2.7257256e-01  -2.0957617e+00  -9.9167606e-01  -1.1786678e-02   1.5959123e+00   0.0000000e+00
   2.9229632e-01  -2.1026656e+00  -9.7373401e-01  -1.7518647e-02   1.5966103e+00   0.0000000e+00
   3.0890839e-01  -2.1101591e+00  -9.5278663e-01  -2.4245923e-02   1.5967012e+00   0.0000000e+00
   3.2226396e-01  -2.1178416e+00  -9.2983513e-01  -3.1709869e-02   1.5962477e+00   0.0000000e+00
   3.3238629e-01  -2.1253827e+00  -9.0579572e-01  -3.9662233e-02   1.5953275e+00   0.0000000e+00
   3.4183657e-01  -2.1358587e+00  -8.6952290e-01  -5.1969530e-02   1.5932647e+00   0.0000000e+00
   3.4512423e-01  -2.1449354e+00  -8.3464314e-01  -6.4184956e-02   1.5906110e+00   0.0000000e+00
   3.4299164e-01  -2.1522981e+00  -8.0274867e-01  -7.5695651e-02   1.5875992e+00   0.0000000e+00
   3.3608784e-01  -2.1577567e+00  -7.7512208e-01  -8.5903116e-02   1.5844306e+00   0.0000000e+00
   3.2568879e-01  -2.1610528e+00  -7.5398069e-01  -9.3784171e-02   1.5814583e+00   0.0000000e+00
   3.1176414e-01  -2.1624011e+00  -7.3861136e-01  -9.9373335e-02   1.5786365e+00   0.0000000e+00
   2.9443682e-01  -2.1616444e+00  -7.3008567e-01  -1.0207095e-01   1.5760829e+00   0.0000000e+00
   2.7371901e-01  -2.1586386e+00  -7.2951805e-01  -1.0132252e-01   1.5738921e+00   0.0000000e+00
   2.5558313e-01  -2.1547714e+00  -7.3511157e-01  -9.8154305e-02   1.5725046e+00   0.0000000e+00
   2.3540721e-01  -2.1495744e+00  -7.4634100e-01  -9.2671467e-02   1.5713689e+00   0.0000000e+00
   2.1321215e-01  -2.1431822e+00  -7.6337046e-01  -8.4985619e-02   1.5704659e+00   0.0000000e+00
   1.8909498e-01  -2.1358498e+00  -7.8610112e-01  -7.5390235e-02   1.5697537e+00   0.0000000e+00
   1.6325629e-01  -2.1279512e+00  -8.1413484e-01  -6.4350111e-02   1.5691727e+00   0.0000000e+00
   1.3607183e-01  -2.1200155e+00  -8.4665309e-01  -5.2499524e-02   1.5686529e+00   0.0000000e+00
   1.0811554e-01  -2.1126007e+00  -8.8250627e-01  -4.0502547e-02   1.5681380e+00   0.0000000e+00
   8.0170756e-02  -2.1062383e+00  -9.2024753e-01  -2.8996560e-02   1.5675941e+00   0.0000000e+00
   5.5359272e-02  -2.1017085e+00  -9.5510934e-01  -1.9355514e-02   1.5670633e+00   0.0000000e+00
   3.2205479e-02  -2.0985862e+00  -9.8879063e-01  -1.0895311e-02   1.5665252e+00   0.0000000e+00
   1.1516159e-02  -2.0968265e+00  -1.0199678e+00  -3.7901493e-03   1.5660145e+00   0.0000000e+00
  -5.9786528e-03  -2.0961877e+00  -1.0473965e+00   1.8993743e-03   1.5655727e+00   0.0000000e+00
  -2.1317450e-02  -2.0963230e+00  -1.0727617e+00   6.7193416e-03   1.5652036e+00   0.0000000e+00
  -3.1003075e-02  -2.0966684e+00  -1.0902851e+00   9.8502953e-03   1.5650263e+00   0.0000000e+00
  -3.4852280e-02  -2.0967470e+00  -1.0986806e+00   1.1332166e-02   1.5650275e+00   0.0000000e+00
  -3.3253599e-02  -2.0965211e+00  -1.0967610e+00   1.1042750e-02   1.5651132e+00   0.0000000e+00
  -2.7109463e-02  -2.0964178e+00  -1.0834966e+00   8.6817181e-03   1.5651156e+00   0.0000000e+00
  -1.7716719e-02  -2.0974397e+00  -1.0582015e+00   3.7008589e-03   1.5648050e+00   0.0000000e+00
  -6.5001303e-03  -2.1006506e+00  -1.0208414e+00  -4.5303390e-03   1.5639518e+00   0.0000000e+00
   5.0944983e-03  -2.1069936e+00  -9.7213251e-01  -1.6662241e-02   1.5623492e+00   0.0000000e+00
   1.3793724e-02  -2.1148727e+00  -9.2553447e-01  -2.9715865e-02   1.5603957e+00   0.0000000e+00
   2.1328239e-02  -2.1252723e+00  -8.7367988e-01  -4.5927497e-02   1.5578099e+00   0.0000000e+00
   2.7319710e-02  -2.1380145e+00  -8.1797239e-01  -6.5383712e-02   1.5545935e+00   0.0000000e+00
   3.1544773e-02  -2.1527108e+00  -7.5999054e-01  -8.8009197e-02   1.5507887e+00   0.0000000e+00
   3.4035440e-02  -2.1701882e+00  -6.9655152e-01  -1.1580196e-01   1.5460954e+00   0.0000000e+00
   3.4399700e-02  -2.1884185e+00  -6.3464744e-01  -1.4633781e-01   1.5409588e+00   0.0000000e+00
   3.2772851e-02  -2.2064895e+00  -5.7640234e-01  -1.7855381e-01   1.5355741e+00   0.0000000e+00
   2.9351479e-02  -2.2235102e+00  -5.2380028e-01  -2.1097017e-01   1.5301760e+00   0.0000000e+00
   2.4753670e-02  -2.2377099e+00  -4.8140908e-01  -2.3975644e-01   1.5253646e+00   0.0000000e+00
   1.8989468e-02  -2.2497711e+00  -4.4663830e-01  -2.6536829e-01   1.5210037e+00   0.0000000e+00
   1.2239043e-02  -2.2593337e+00  -4.2032458e-01  -2.8618178e-01   1.5173008e+00   0.0000000e+00
   4.6701275e-03  -2.2661975e+00  -4.0294633e-01  -3.0085205e-01   1.5144220e+00   0.0000000e+00
  -1.0078873e-02  -2.2716349e+00  -3.9416643e-01  -3.0941824e-01   1.5116373e+00   0.0000000e+00
  -2.6066709e-02  -2.2692453e+00  -4.1109486e-01  -2.9705493e-01   1.5115857e+00   0.0000000e+00
  -3.5216102e-02  -2.2648766e+00  -4.3049041e-01  -2.8272795e-01   1.5125375e+00   0.0000000e+00
  -4.4301608e-02  -2.2586062e+00  -4.5610954e-01  -2.6453474e-01   1.5140278e+00   0.0000000e+00
  -5.3160951e-02  -2.2506611e+00  -4.8726507e-01  -2.4360048e-01   1.5159370e+00   0.0000000e+00
  -6.1635757e-02  -2.2412686e+00  -5.2332598e-01  -2.2092658e-01   1.5181668e+00   0.0000000e+00
  -6.9606591e-02  -2.2306029e+00  -5.6392229e-01  -1.9725796e-01   1.5206530e+00   0.0000000e+00
  -7.6872578e-02  -2.2189342e+00  -6.0838434e-01  -1.7337391e-01   1.5233329e+00   0.0000000e+00
  -8.3271524e-02  -2.2064945e+00  -6.5623860e-01  -1.4981228e-01   1.5261700e+00   0.0000000e+00
  -8.8637467e-02  -2.1935215e+00  -7.0703074e-01  -1.2699285e-01   1.5291409e+00   0.0000000e+00
  -9.3768363e-02  -2.1763889e+00  -7.7618769e-01  -9.9144763e-02   1.5331511e+00   0.0000000e+00
  -9.6534680e-02  -2.1593801e+00  -8.4833883e-01  -7.3595458e-02   1.5373387e+00   0.0000000e+00
  -9.6635725e-02  -2.1431322e+00  -9.2209041e-01  -5.0747716e-02   1.5416729e+00   0.0000000e+00
  -9.3872945e-02  -2.1282998e+00  -9.9573598e-01  -3.0893470e-02   1.5461055e+00   0.0000000e+00
  -8.9448940e-02  -2.1176773e+00  -1.0544257e+00  -1.7019559e-02   1.5497513e+00   0.0000000e+00
  -8.3185337e-02  -2.1087010e+00  -1.1104376e+00  -5.2804840e-03   1.5533584e+00   0.0000000e+00
  -7.5339639e-02  -2.1015265e+00  -1.1624944e+00   4.3724283e-03   1.5568550e+00   0.0000000e+00
  -6.6335823e-02  -2.0961611e+00  -1.2093627e+00   1.2058126e-02   1.5601556e+00   0.0000000e+00
  -5.1274094e-02  -2.0910446e+00  -1.2698481e+00   2.0596206e-02   1.5647128e+00   0.0000000e+00
  -3.7957286e-02  -2.0886483e+00  -1.3118431e+00   2.5670380e-02   1.5681442e+00   0.0000000e+00
  -2.9624836e-02  -2.0877418e+00  -1.3336369e+00   2.8042388e-02   1.5700690e+00   0.0000000e+00
  -2.9098102e-02  -2.0877639e+00  -1.3347809e+00   2.8144413e-02   1.5701782e+00   0.0000000e+00
  -3.4072827e-02  -2.0884261e+00  -1.3245036e+00   2.6998308e-02   1.5691479e+00   0.0000000e+00
  -4.3380106e-02  -2.0901991e+00  -1.3059852e+00   2.4736108e-02   1.5672376e+00   0.0000000e+00
  -5.6715256e-02  -2.0936286e+00  -1.2800525e+00   2.1213199e-02   1.5645047e+00   0.0000000e+00
  -7.3443745e-02  -2.0991795e+00  -1.2478898e+00   1.6312781e-02   1.5610626e+00   0.0000000e+00
  -9.2672260e-02  -2.1071536e+00  -1.2110104e+00   9.9794474e-03   1.5570740e+00   0.0000000e+00
  -1.1341216e-01  -2.1174692e+00  -1.1712171e+00   2.3074138e-03   1.5527360e+00   0.0000000e+00
  -1.3471604e-01  -2.1297758e+00  -1.1303911e+00  -6.4707032e-03   1.5482502e+00   0.0000000e+00
  -1.5573982e-01  -2.1434842e+00  -1.0904074e+00  -1.5983466e-02   1.5438115e+00   0.0000000e+00
  -1.8068209e-01  -2.1615316e+00  -1.0440758e+00  -2.8232083e-02   1.5385718e+00   0.0000000e+00
  -2.0309692e-01  -2.1790617e+00  -1.0047732e+00  -3.9769772e-02   1.5339589e+00   0.0000000e+00
  -2.2239066e-01  -2.1947996e+00  -9.7449649e-01  -4.9621507e-02   1.5301535e+00   0.0000000e+00
  -2.3830080e-01  -2.2078446e+00  -9.5427459e-01  -5.7056634e-02   1.5272444e+00   0.0000000e+00
  -2.5065094e-01  -2.2175534e+00  -9.4431333e-01  -6.1595194e-02   1.5252646e+00   0.0000000e+00
  -2.5984359e-01  -2.2240885e+00  -9.4357239e-01  -6.3397298e-02   1.5241095e+00   0.0000000e+00
  -2.6603268e-01  -2.2275753e+00  -9.5109000e-01  -6.2692729e-02   1.5237059e+00   0.0000000e+00
  -2.6937022e-01  -2.2282748e+00  -9.6572071e-01  -5.9863563e-02   1.5239714e+00   0.0000000e+00
  -2.6989545e-01  -2.2262215e+00  -9.8865649e-01  -5.4841029e-02   1.5249420e+00   0.0000000e+00
  -2.6717668e-01  -2.2215908e+00  -1.0173473e+00  -4.8366828e-02   1.5265424e+00   0.0000000e+00
  -2.6117980e-01  -2.2147138e+00  -1.0505767e+00  -4.0916413e-02   1.5287151e+00   0.0000000e+00
  -2.5175332e-01  -2.2058358e+00  -1.0873411e+00  -3.2860806e-02   1.5314308e+00   0.0000000e+00
  -2.3700068e-01  -2.1938788e+00  -1.1311653e+00  -2.3567714e-02   1.5350660e+00   0.0000000e+00
  -2.1720274e-01  -2.1798757e+00  -1.1772027e+00  -1.4174147e-02   1.5393827e+00   0.0000000e+00
  -1.9189417e-01  -2.1641261e+00  -1.2240607e+00  -4.9610424e-03   1.5443863e+00   0.0000000e+00
  -1.6079794e-01  -2.1471045e+00  -1.2698466e+00   3.7788783e-03   1.5500409e+00   0.0000000e+00
  -1.2829576e-01  -2.1314230e+00  -1.3078023e+00   1.0917353e-02   1.5555451e+00   0.0000000e+00
  -9.1995189e-02  -2.1160478e+00  -1.3409131e+00   1.7201541e-02   1.5613114e+00   0.0000000e+00
  -5.3379577e-02  -2.1018181e+00  -1.3674016e+00   2.2434701e-02   1.5670809e+00   0.0000000e+00
  -1.4762779e-02  -2.0895471e+00  -1.3861066e+00   2.6481819e-02   1.5725145e+00   0.0000000e+00
   1.4454918e-02  -2.0815162e+00  -1.3953207e+00   2.8853869e-02   1.5764020e+00   0.0000000e+00
   4.0070551e-02  -2.0752935e+00  -1.3999743e+00   3.0484503e-02   1.5796489e+00   0.0000000e+00
   6.0474721e-02  -2.0708626e+00  -1.4012251e+00   3.1481311e-02   1.5821163e+00   0.0000000e+00
   7.4203162e-02  -2.0681253e+00  -1.4005762e+00   3.1985910e-02   1.5837038e+00   0.0000000e+00
   8.0168570e-02  -2.0669413e+00  -1.3997099e+00   3.2157189e-02   1.5843670e+00   0.0000000e+00
   7.8199651e-02  -2.0673226e+00  -1.3999745e+00   3.2100897e-02   1.5841474e+00   0.0000000e+00
   6.8770655e-02  -2.0694296e+00  -1.4021517e+00   3.1846078e-02   1.5831293e+00   0.0000000e+00
   5.2963359e-02  -2.0735441e+00  -1.4063841e+00   3.1343947e-02   1.5814325e+00   0.0000000e+00
   3.3841990e-02  -2.0794787e+00  -1.4118080e+00   3.0560556e-02   1.5793669e+00   0.0000000e+00
   1.2055221e-02  -2.0875468e+00  -1.4180746e+00   2.9403654e-02   1.5769834e+00   0.0000000e+00
  -1.0787675e-02  -2.0976150e+00  -1.4246869e+00   2.7862140e-02   1.5744467e+00   0.0000000e+00
  -3.3206677e-02  -2.1093072e+00  -1.4313126e+00   2.5988666e-02   1.5719209e+00   0.0000000e+00
  -5.5627606e-02  -2.1231827e+00  -1.4383475e+00   2.3701469e-02   1.5693642e+00   0.0000000e+00
  -7.5045075e-02  -2.1374621e+00  -1.4452777e+00   2.1321206e-02   1.5671357e+00   0.0000000e+00
  -9.0842482e-02  -2.1513649e+00  -1.4522509e+00   1.9012373e-02   1.5653273e+00   0.0000000e+00
  -1.0277752e-01  -2.1642365e+00  -1.4594414e+00   1.6912776e-02   1.5639856e+00   0.0000000e+00
  -1.1297988e-01  -2.1792712e+00  -1.4698849e+00   1.4564709e-02   1.5629161e+00   0.0000000e+00
  -1.1678667e-01  -2.1908320e+00  -1.4810608e+00   1.2909691e-02   1.5626633e+00   0.0000000e+00
  -1.1507949e-01  -2.1987027e+00  -1.4927804e+00   1.1969466e-02   1.5631246e+00   0.0000000e+00
  -1.0877733e-01  -2.2029624e+00  -1.5046710e+00   1.1703953e-02   1.5641824e+00   0.0000000e+00
  -9.7656546e-02  -2.2038074e+00  -1.5172754e+00   1.2093835e-02   1.5658815e+00   0.0000000e+00
  -8.2986749e-02  -2.2009501e+00  -1.5287921e+00   1.3117112e-02   1.5680234e+00   0.0000000e+00
  -6.5501730e-02  -2.1946201e+00  -1.5384467e+00   1.4708311e-02   1.5704962e+00   0.0000000e+00
  -4.5793621e-02  -2.1849562e+00  -1.5453419e+00   1.6819036e-02   1.5732000e+00   0.0000000e+00
  -2.4746266e-02  -2.1723069e+00  -1.5484086e+00   1.9353753e-02   1.5759877e+00   0.0000000e+00
  -2.5265649e-03  -2.1566434e+00  -1.5464378e+00   2.2283074e-02   1.5787935e+00   0.0000000e+00
   2.0270375e-02  -2.1384074e+00  -1.5378494e+00   2.5442982e-02   1.5814706e+00   0.0000000e+00
   4.2897978e-02  -2.1185092e+00  -1.5209143e+00   2.8528994e-02   1.5838295e+00   0.0000000e+00
   5.9768033e-02  -2.1028251e+00  -1.5010061e+00   3.0588684e-02   1.5852988e+00   0.0000000e+00
   7.5353828e-02  -2.0880357e+00  -1.4746951e+00   3.2003916e-02   1.5863095e+00   0.0000000e+00
   8.8954370e-02  -2.0751559e+00  -1.4424225e+00   3.2483045e-02   1.5867596e+00   0.0000000e+00
   9.9948319e-02  -2.0650209e+00  -1.4057682e+00   3.1839379e-02   1.5866134e+00   0.0000000e+00
   1.0614054e-01  -2.0595982e+00  -1.3773565e+00   3.0620119e-02   1.5861460e+00   0.0000000e+00
   1.1061212e-01  -2.0558933e+00  -1.3496932e+00   2.8916239e-02   1.5854521e+00   0.0000000e+00
   1.1344990e-01  -2.0536769e+00  -1.3246364e+00   2.6966775e-02   1.5846389e+00   0.0000000e+00
   1.1487293e-01  -2.0525893e+00  -1.3042120e+00   2.5103490e-02   1.5838443e+00   0.0000000e+00
   1.1522164e-01  -2.0521926e+00  -1.2904480e+00   2.3712637e-02   1.5832252e+00   0.0000000e+00
   1.1495047e-01  -2.0521224e+00  -1.2848047e+00   2.3108873e-02   1.5829211e+00   0.0000000e+00
   1.1455338e-01  -2.0521977e+00  -1.2878884e+00   2.3432567e-02   1.5830251e+00   0.0000000e+00
   1.1453071e-01  -2.0524601e+00  -1.2993807e+00   2.4619366e-02   1.5835749e+00   0.0000000e+00
   1.1541811e-01  -2.0531928e+00  -1.3191061e+00   2.6514515e-02   1.5846076e+00   0.0000000e+00
   1.1764708e-01  -2.0548323e+00  -1.3446552e+00   2.8666835e-02   1.5860345e+00   0.0000000e+00
   1.2148725e-01  -2.0577405e+00  -1.3736576e+00   3.0687913e-02   1.5877556e+00   0.0000000e+00
   1.2704448e-01  -2.0621019e+00  -1.4037243e+00   3.2285736e-02   1.5896617e+00   0.0000000e+00
   1.3543475e-01  -2.0688341e+00  -1.4366554e+00   3.3382659e-02   1.5919326e+00   0.0000000e+00
   1.4569985e-01  -2.0769718e+00  -1.4661372e+00   3.3727994e-02   1.5941974e+00   0.0000000e+00
   1.5741951e-01  -2.0858804e+00  -1.4909735e+00   3.3455645e-02   1.5963775e+00   0.0000000e+00
   1.7010837e-01  -2.0948474e+00  -1.5107165e+00   3.2764201e-02   1.5984238e+00   0.0000000e+00
   1.8597444e-01  -2.1047447e+00  -1.5279695e+00   3.1688666e-02   1.6006773e+00   0.0000000e+00
   2.0174763e-01  -2.1128780e+00  -1.5387979e+00   3.0604713e-02   1.6026769e+00   0.0000000e+00
   2.1681020e-01  -2.1187660e+00  -1.5441380e+00   2.9696245e-02   1.6044124e+00   0.0000000e+00
   2.3069955e-01  -2.1222572e+00  -1.5449235e+00   2.9054946e-02   1.6058802e+00   0.0000000e+00
   2.4559807e-01  -2.1234422e+00  -1.5409381e+00   2.8654527e-02   1.6073083e+00   0.0000000e+00
   2.5783933e-01  -2.1216473e+00  -1.5325590e+00   2.8630932e-02   1.6083279e+00   0.0000000e+00
   2.6704798e-01  -2.1173429e+00  -1.5205922e+00   2.8908639e-02   1.6089200e+00   0.0000000e+00
   2.7282417e-01  -2.1109673e+00  -1.5055353e+00   2.9400096e-02   1.6090492e+00   0.0000000e+00
   2.7467304e-01  -2.1022191e+00  -1.4860428e+00   3.0056751e-02   1.6086056e+00   0.0000000e+00
   2.7111639e-01  -2.0919481e+00  -1.4631732e+00   3.0721272e-02   1.6074463e+00   0.0000000e+00
   2.6116432e-01  -2.0807608e+00  -1.4366336e+00   3.1196034e-02   1.6054237e+00   0.0000000e+00
   2.4376609e-01  -2.0695634e+00  -1.4059058e+00   3.1183559e-02   1.6023598e+00   0.0000000e+00
   2.1933705e-01  -2.0599515e+00  -1.3720435e+00   3.0361017e-02   1.5982925e+00   0.0000000e+00
   1.8722940e-01  -2.0532062e+00  -1.3332373e+00   2.8167153e-02   1.5930132e+00   0.0000000e+00
   1.4898472e-01  -2.0507166e+00  -1.2901319e+00   2.4224818e-02   1.5866820e+00   0.0000000e+00
   1.0816701e-01  -2.0530208e+00  -1.2453043e+00   1.8563254e-02   1.5798191e+00   0.0000000e+00
   8.6631232e-02  -2.0561140e+00  -1.2217524e+00   1.4943242e-02   1.5761473e+00   0.0000000e+00
   6.7042862e-02  -2.0598947e+00  -1.2006261e+00   1.1337990e-02   1.5727964e+00   0.0000000e+00
   5.0467112e-02  -2.0637552e+00  -1.1832076e+00   8.0989322e-03   1.5699678e+00   0.0000000e+00
   3.7882856e-02  -2.0670508e+00  -1.1705841e+00   5.5791538e-03   1.5678423e+00   0.0000000e+00
   3.0131546e-02  -2.0691760e+00  -1.1635249e+00   4.0866383e-03   1.5665671e+00   0.0000000e+00
   2.7809035e-02  -2.0697734e+00  -1.1621163e+00   3.7469646e-03   1.5662211e+00   0.0000000e+00
   3.1188285e-02  -2.0687668e+00  -1.1658096e+00   4.5069540e-03   1.5668090e+00   0.0000000e+00
   4.0178573e-02  -2.0663808e+00  -1.1734344e+00   6.1349023e-03   1.5682582e+00   0.0000000e+00
   5.7057681e-02  -2.0625157e+00  -1.1850268e+00   8.6244265e-03   1.5708320e+00   0.0000000e+00
   7.9517698e-02  -2.0584360e+00  -1.1967652e+00   1.1143315e-02   1.5740511e+00   0.0000000e+00
   1.0586784e-01  -2.0550276e+00  -1.2061347e+00   1.3157525e-02   1.5775755e+00   0.0000000e+00
   1.3427383e-01  -2.0529198e+00  -1.2113183e+00   1.4306248e-02   1.5810844e+00   0.0000000e+00
   1.6623918e-01  -2.0525056e+00  -1.2108882e+00   1.4342196e-02   1.5846503e+00   0.0000000e+00
   1.9639333e-01  -2.0540329e+00  -1.2038512e+00   1.3067679e-02   1.5875967e+00   0.0000000e+00
   2.2319264e-01  -2.0571364e+00  -1.1909098e+00   1.0619756e-02   1.5897850e+00   0.0000000e+00
   2.4568785e-01  -2.0612944e+00  -1.1732946e+00   7.2231088e-03   1.5911822e+00   0.0000000e+00
   2.6280392e-01  -2.0657221e+00  -1.1534781e+00   3.3374697e-03   1.5918260e+00   0.0000000e+00
   2.7559851e-01  -2.0702054e+00  -1.1319563e+00  -9.5473830e-04   1.5918697e+00   0.0000000e+00
   2.8425559e-01  -2.0744612e+00  -1.1097388e+00  -5.4653063e-03   1.5914022e+00   0.0000000e+00
   2.8907493e-01  -2.0783079e+00  -1.0876333e+00  -1.0035762e-02   1.5905120e+00   0.0000000e+00
   2.9018741e-01  -2.0825855e+00  -1.0597946e+00  -1.5911779e-02   1.5888405e+00   0.0000000e+00
   2.8606267e-01  -2.0859168e+00  -1.0342549e+00  -2.1417444e-02   1.5867405e+00   0.0000000e+00
   2.7730620e-01  -2.0882729e+00  -1.0119042e+00  -2.6310696e-02   1.5843413e+00   0.0000000e+00
   2.6433500e-01  -2.0896355e+00  -9.9359378e-01  -3.0333414e-02   1.5817475e+00   0.0000000e+00
   2.4777577e-01  -2.0899945e+00  -9.8040321e-01  -3.3165585e-02   1.5790992e+00   0.0000000e+00
   2.2744007e-01  -2.0893418e+00  -9.7290137e-01  -3.4591334e-02   1.5764113e+00   0.0000000e+00
   2.0331358e-01  -2.0877154e+00  -9.7203447e-01  -3.4364410e-02   1.5737318e+00   0.0000000e+00
   1.7539056e-01  -2.0852852e+00  -9.7861484e-01  -3.2350395e-02   1.5710886e+00   0.0000000e+00
   1.5264996e-01  -2.0831928e+00  -9.8844639e-01  -2.9758895e-02   1.5691866e+00   0.0000000e+00
   1.2807992e-01  -2.0811094e+00  -1.0024908e+00  -2.6357467e-02   1.5673009e+00   0.0000000e+00
   1.0197992e-01  -2.0793514e+00  -1.0204430e+00  -2.2352417e-02   1.5654262e+00   0.0000000e+00
   7.4831791e-02  -2.0782775e+00  -1.0417079e+00  -1.8019157e-02   1.5635623e+00   0.0000000e+00
   4.7302443e-02  -2.0782463e+00  -1.0654100e+00  -1.3678463e-02   1.5617185e+00   0.0000000e+00
   2.0282284e-02  -2.0795151e+00  -1.0903979e+00  -9.6374814e-03   1.5599257e+00   0.0000000e+00
  -5.2605839e-03  -2.0821309e+00  -1.1153981e+00  -6.1323981e-03   1.5582295e+00   0.0000000e+00
  -2.8339068e-02  -2.0858853e+00  -1.1390763e+00  -3.3052551e-03   1.5566874e+00   0.0000000e+00
  -5.0970193e-02  -2.0911176e+00  -1.1633570e+00  -9.1325043e-04   1.5551633e+00   0.0000000e+00
  -6.7413588e-02  -2.0959262e+00  -1.1823730e+00   6.7241837e-04   1.5540801e+00   0.0000000e+00
  -7.6757200e-02  -2.0990923e+00  -1.1946173e+00   1.6192697e-03   1.5535132e+00   0.0000000e+00
  -7.8956271e-02  -2.0999115e+00  -1.1985144e+00   1.9498476e-03   1.5534223e+00   0.0000000e+00
  -7.5215536e-02  -2.0985220e+00  -1.1931327e+00   1.5465855e-03   1.5536320e+00   0.0000000e+00
  -6.7169309e-02  -2.0960549e+00  -1.1776204e+00  -2.9394225e-06   1.5538897e+00   0.0000000e+00
  -5.6348544e-02  -2.0938416e+00  -1.1512472e+00  -3.2549416e-03   1.5539438e+00   0.0000000e+00
  -4.4366395e-02  -2.0933149e+00  -1.1141144e+00  -8.8041962e-03   1.5535565e+00   0.0000000e+00
  -3.4656291e-02  -2.0951138e+00  -1.0757413e+00  -1.5572581e-02   1.5527529e+00   0.0000000e+00
  -2.5963200e-02  -2.0993595e+00  -1.0316999e+00  -2.4531358e-02   1.5514408e+00   0.0000000e+00
  -1.8857119e-02  -2.1061439e+00  -9.8339326e-01  -3.5754302e-02   1.5495987e+00   0.0000000e+00
  -1.3703579e-02  -2.1152593e+00  -9.3247314e-01  -4.9147597e-02   1.5472542e+00   0.0000000e+00
  -1.0561075e-02  -2.1269543e+00  -8.7764240e-01  -6.5420501e-02   1.5442994e+00   0.0000000e+00
  -9.7975365e-03  -2.1399992e+00  -8.2404456e-01  -8.3266177e-02   1.5409907e+00   0.0000000e+00
  -1.1278548e-02  -2.1535954e+00  -7.7362591e-01  -1.0193435e-01   1.5374802e+00   0.0000000e+00
  -1.4781227e-02  -2.1669638e+00  -7.2807086e-01  -1.2051754e-01   1.5339321e+00   0.0000000e+00
  -2.0957995e-02  -2.1811703e+00  -6.8336516e-01  -1.4052806e-01   1.5300103e+00   0.0000000e+00
  -2.9026567e-02  -2.1933262e+00  -6.4837788e-01  -1.5758152e-01   1.5264795e+00   0.0000000e+00
  -3.8580927e-02  -2.2029012e+00  -6.2391692e-01  -1.7047449e-01   1.5235067e+00   0.0000000e+00
  -4.9222422e-02  -2.2096210e+00  -6.1023453e-01  -1.7840910e-01   1.5212007e+00   0.0000000e+00
  -6.0209792e-02  -2.2133578e+00  -6.0706017e-01  -1.8102602e-01   1.5196505e+00   0.0000000e+00
  -7.1496778e-02  -2.2144258e+00  -6.1338569e-01  -1.7880010e-01   1.5187725e+00   0.0000000e+00
  -8.2753300e-02  -2.2129701e+00  -6.2865488e-01  -1.7217128e-01   1.5185350e+00   0.0000000e+00
  -9.3666953e-02  -2.2091850e+00  -6.5226493e-01  -1.6178966e-01   1.5188888e+00   0.0000000e+00
  -1.0358421e-01  -2.2035480e+00  -6.8234658e-01  -1.4897029e-01   1.5197344e+00   0.0000000e+00
  -1.1263212e-01  -2.1961858e+00  -7.1910034e-01  -1.3411422e-01   1.5210293e+00   0.0000000e+00
  -1.2052898e-01  -2.1873587e+00  -7.6200211e-01  -1.1791577e-01   1.5227345e+00   0.0000000e+00
  -1.2697895e-01  -2.1773697e+00  -8.1048661e-01  -1.0102974e-01   1.5248184e+00   0.0000000e+00
  -1.3129331e-01  -2.1676809e+00  -8.5834754e-01  -8.5756684e-02   1.5269951e+00   0.0000000e+00
  -1.3395757e-01  -2.1576572e+00  -9.0959195e-01  -7.0843087e-02   1.5294379e+00   0.0000000e+00
  -1.3476497e-01  -2.1476581e+00  -9.6343947e-01  -5.6667204e-02   1.5321229e+00   0.0000000e+00
  -1.3354804e-01  -2.1380770e+00  -1.0189145e+00  -4.3562310e-02   1.5350183e+00   0.0000000e+00
  -1.3020186e-01  -2.1293208e+00  -1.0748462e+00  -3.1807532e-02   1.5380821e+00   0.0000000e+00
  -1.2472946e-01  -2.1217734e+00  -1.1298274e+00  -2.1603023e-02   1.5412558e+00   0.0000000e+00
  -1.1729832e-01  -2.1157060e+00  -1.1823652e+00  -1.3054748e-02   1.5444637e+00   0.0000000e+00
  -1.0826723e-01  -2.1112388e+00  -1.2309452e+00  -6.1685279e-03   1.5476129e+00   0.0000000e+00
  -9.5263882e-02  -2.1077817e+00  -1.2850844e+00   3.7070980e-04   1.5513868e+00   0.0000000e+00
  -8.2309865e-02  -2.1062383e+00  -1.3279860e+00   4.7407837e-03   1.5546287e+00   0.0000000e+00
  -7.1421806e-02  -2.1058103e+00  -1.3578638e+00   7.3690499e-03   1.5570731e+00   0.0000000e+00
  -6.4680382e-02  -2.1057454e+00  -1.3735508e+00   8.6211252e-03   1.5584658e+00   0.0000000e+00
  -6.3880127e-02  -2.1055985e+00  -1.3748635e+00   8.7550999e-03   1.5586121e+00   0.0000000e+00
  -6.9596217e-02  -2.1059683e+00  -1.3630616e+00   7.7536421e-03   1.5574851e+00   0.0000000e+00
  -8.1952194e-02  -2.1078263e+00  -1.3390233e+00   5.3839746e-03   1.5550855e+00   0.0000000e+00
  -1.0019386e-01  -2.1122888e+00  -1.3042056e+00   1.3369242e-03   1.5515352e+00   0.0000000e+00
  -1.1982192e-01  -2.1191431e+00  -1.2665961e+00  -3.8128344e-03   1.5476703e+00   0.0000000e+00
  -1.4157249e-01  -2.1289195e+00  -1.2245851e+00  -1.0475822e-02   1.5433381e+00   0.0000000e+00
  -1.6421326e-01  -2.1413461e+00  -1.1805367e+00  -1.8475167e-02   1.5387832e+00   0.0000000e+00
  -1.8662964e-01  -2.1557531e+00  -1.1368696e+00  -2.7441035e-02   1.5342459e+00   0.0000000e+00
  -2.0997836e-01  -2.1727951e+00  -1.0919185e+00  -3.7817674e-02   1.5295233e+00   0.0000000e+00
  -2.3104262e-01  -2.1897170e+00  -1.0528533e+00  -4.7866946e-02   1.5253155e+00   0.0000000e+00
  -2.4928075e-01  -2.2053439e+00  -1.0215301e+00  -5.6800715e-02   1.5217754e+00   0.0000000e+00
  -2.6444002e-01  -2.2187948e+00  -9.9901313e-01  -6.3984866e-02   1.5189838e+00   0.0000000e+00
  -2.7725755e-01  -2.2301685e+00  -9.8499443e-01  -6.9261051e-02   1.5168394e+00   0.0000000e+00
  -2.8663484e-01  -2.2381824e+00  -9.8096900e-01  -7.1926371e-02   1.5155342e+00   0.0000000e+00
  -2.9274761e-01  -2.2428854e+00  -9.8600999e-01  -7.2121081e-02   1.5150005e+00   0.0000000e+00
  -2.9577304e-01  -2.2445094e+00  -9.9893606e-01  -7.0170756e-02   1.5151590e+00   0.0000000e+00
  -2.9574040e-01  -2.2431981e+00  -1.0203130e+00  -6.6153595e-02   1.5160172e+00   0.0000000e+00
  -2.9234270e-01  -2.2390727e+00  -1.0479806e+00  -6.0655137e-02   1.5175159e+00   0.0000000e+00
  -2.8553859e-01  -2.2324572e+00  -1.0807204e+00  -5.4120365e-02   1.5196053e+00   0.0000000e+00
  -2.7515576e-01  -2.2235913e+00  -1.1175339e+00  -4.6903661e-02   1.5222645e+00   0.0000000e+00
  -2.5940123e-01  -2.2115499e+00  -1.1613875e+00  -3.8568551e-02   1.5258208e+00   0.0000000e+00
  -2.3848221e-01  -2.1972175e+00  -1.2079498e+00  -3.0048380e-02   1.5300885e+00   0.0000000e+00
  -2.1192084e-01  -2.1808778e+00  -1.2556611e+00  -2.1626875e-02   1.5350746e+00   0.0000000e+00
  -1.7946674e-01  -2.1629849e+00  -1.3024190e+00  -1.3585549e-02   1.5407411e+00   0.0000000e+00
  -1.4359474e-01  -2.1452893e+00  -1.3433864e+00  -6.5962120e-03   1.5466172e+00   0.0000000e+00
  -1.0370759e-01  -2.1278246e+00  -1.3786582e+00  -4.4561836e-04   1.5527770e+00   0.0000000e+00
  -6.1906981e-02  -2.1116864e+00  -1.4061439e+00   4.6558145e-03   1.5588795e+00   0.0000000e+00
  -2.1370137e-02  -2.0979284e+00  -1.4246799e+00   8.5670373e-03   1.5644822e+00   0.0000000e+00
   1.1207149e-02  -2.0881760e+00  -1.4338395e+00   1.1059990e-02   1.5687478e+00   0.0000000e+00
   3.6480084e-02  -2.0812501e+00  -1.4374236e+00   1.2641484e-02   1.5719076e+00   0.0000000e+00
   5.1984035e-02  -2.0772018e+00  -1.4377158e+00   1.3453828e-02   1.5737644e+00   0.0000000e+00
   5.6231624e-02  -2.0760686e+00  -1.4371356e+00   1.3641209e-02   1.5742458e+00   0.0000000e+00
   5.1254092e-02  -2.0773498e+00  -1.4375174e+00   1.3413128e-02   1.5736700e+00   0.0000000e+00
   3.9533578e-02  -2.0808718e+00  -1.4390788e+00   1.2817567e-02   1.5723297e+00   0.0000000e+00
   2.2250707e-02  -2.0868698e+00  -1.4417835e+00   1.1805707e-02   1.5703513e+00   0.0000000e+00
   9.9775311e-04  -2.0954617e+00  -1.4452814e+00   1.0333131e-02   1.5678988e+00   0.0000000e+00
  -2.6047047e-02  -2.1085270e+00  -1.4496592e+00   8.0377405e-03   1.5647308e+00   0.0000000e+00
  -5.3060719e-02  -2.1242115e+00  -1.4540187e+00   5.2340624e-03   1.5615158e+00   0.0000000e+00
  -7.7835332e-02  -2.1414743e+00  -1.4582603e+00   2.1224517e-03   1.5585245e+00   0.0000000e+00
  -9.8885747e-02  -2.1591154e+00  -1.4625831e+00  -1.0528600e-03   1.5559568e+00   0.0000000e+00
  -1.1871548e-01  -2.1797931e+00  -1.4686673e+00  -4.7171261e-03   1.5535384e+00   0.0000000e+00
  -1.3126935e-01  -2.1975613e+00  -1.4760283e+00  -7.7654425e-03   1.5520446e+00   0.0000000e+00
  -1.3696543e-01  -2.2114505e+00  -1.4848883e+00  -1.0017993e-02   1.5514482e+00   0.0000000e+00
  -1.3663419e-01  -2.2211028e+00  -1.4951092e+00  -1.1428702e-02   1.5516545e+00   0.0000000e+00
  -1.3163884e-01  -2.2264903e+00  -1.5057895e+00  -1.2042198e-02   1.5524799e+00   0.0000000e+00
  -1.2287153e-01  -2.2283234e+00  -1.5168257e+00  -1.2001083e-02   1.5538097e+00   0.0000000e+00
  -1.1102999e-01  -2.2268582e+00  -1.5276804e+00  -1.1373932e-02   1.5555455e+00   0.0000000e+00
  -9.6684226e-02  -2.2223082e+00  -1.5377929e+00  -1.0215846e-02   1.5576034e+00   0.0000000e+00
  -7.5025622e-02  -2.2120466e+00  -1.5488439e+00  -7.9858379e-03   1.5606432e+00   0.0000000e+00
  -5.0702773e-02  -2.1969233e+00  -1.5561144e+00  -4.9606751e-03   1.5639675e+00   0.0000000e+00
  -2.4543475e-02  -2.1771715e+00  -1.5576471e+00  -1.2228847e-03   1.5674086e+00   0.0000000e+00
   2.4724911e-03  -2.1534055e+00  -1.5509445e+00   3.0340868e-03   1.5707440e+00   0.0000000e+00
   2.1627121e-02  -2.1346235e+00  -1.5395487e+00   6.2009185e-03   1.5729049e+00   0.0000000e+00
   4.0031505e-02  -2.1153893e+00  -1.5214010e+00   9.1684697e-03   1.5747238e+00   0.0000000e+00
   5.6995092e-02  -2.0969213e+00  -1.4960214e+00   1.1593956e-02   1.5760596e+00   0.0000000e+00
   7.1677713e-02  -2.0805992e+00  -1.4638797e+00   1.3106141e-02   1.5767858e+00   0.0000000e+00
   8.3230978e-02  -2.0677568e+00  -1.4266596e+00   1.3382987e-02   1.5768261e+00   0.0000000e+00
   9.1182367e-02  -2.0589082e+00  -1.3883962e+00   1.2468630e-02   1.5762789e+00   0.0000000e+00
   9.5593658e-02  -2.0538274e+00  -1.3542314e+00   1.0786659e-02   1.5753860e+00   0.0000000e+00
   9.7127111e-02  -2.0516245e+00  -1.3298847e+00   9.1165182e-03   1.5745149e+00   0.0000000e+00
   9.7064734e-02  -2.0510812e+00  -1.3211398e+00   8.4326357e-03   1.5741240e+00   0.0000000e+00
   9.6744661e-02  -2.0513017e+00  -1.3241428e+00   8.6601228e-03   1.5742189e+00   0.0000000e+00
   9.7039395e-02  -2.0522868e+00  -1.3385530e+00   9.7464389e-03   1.5748804e+00   0.0000000e+00
   9.8716861e-02  -2.0543802e+00  -1.3623996e+00   1.1345928e-02   1.5760887e+00   0.0000000e+00
   1.0179245e-01  -2.0575424e+00  -1.3883679e+00   1.2740100e-02   1.5775094e+00   0.0000000e+00
   1.0658249e-01  -2.0621728e+00  -1.4165348e+00   1.3828779e-02   1.5791689e+00   0.0000000e+00
   1.1312559e-01  -2.0682802e+00  -1.4447136e+00   1.4436980e-02   1.5809733e+00   0.0000000e+00
   1.2130756e-01  -2.0756491e+00  -1.4712113e+00   1.4518806e-02   1.5828426e+00   0.0000000e+00
   1.3602804e-01  -2.0881000e+00  -1.5051852e+00   1.3808990e-02   1.5856163e+00   0.0000000e+00
   1.5275083e-01  -2.1007191e+00  -1.5312688e+00   1.2504411e-02   1.5882567e+00   0.0000000e+00
   1.7036119e-01  -2.1119760e+00  -1.5492874e+00   1.1032556e-02   1.5906800e+00   0.0000000e+00
   1.8786705e-01  -2.1207863e+00  -1.5600110e+00   9.7222936e-03   1.5928422e+00   0.0000000e+00
   2.0275415e-01  -2.1261033e+00  -1.5645206e+00   8.8600452e-03   1.5945412e+00   0.0000000e+00
   2.1649485e-01  -2.1289716e+00  -1.5650500e+00   8.3344787e-03   1.5960081e+00   0.0000000e+00
   2.2878080e-01  -2.1295256e+00  -1.5622951e+00   8.1443842e-03   1.5972349e+00   0.0000000e+00
   2.3937904e-01  -2.1280010e+00  -1.5568060e+00   8.2582039e-03   1.5982131e+00   0.0000000e+00
   2.5106067e-01  -2.1229169e+00  -1.5452357e+00   8.8299366e-03   1.5991444e+00   0.0000000e+00
   2.5852288e-01  -2.1150090e+00  -1.5297733e+00   9.7619657e-03   1.5995154e+00   0.0000000e+00
   2.6108136e-01  -2.1049006e+00  -1.5107444e+00   1.0910553e-02   1.5992454e+00   0.0000000e+00
   2.5782387e-01  -2.0931780e+00  -1.4881107e+00   1.2114956e-02   1.5982117e+00   0.0000000e+00
   2.4868269e-01  -2.0814360e+00  -1.4636469e+00   1.3110342e-02   1.5964364e+00   0.0000000e+00
   2.3251028e-01  -2.0696970e+00  -1.4351933e+00   1.3723185e-02   1.5936861e+00   0.0000000e+00
   2.0861757e-01  -2.0591601e+00  -1.4021967e+00   1.3590402e-02   1.5898155e+00   0.0000000e+00
   1.7706846e-01  -2.0513676e+00  -1.3643841e+00   1.2261187e-02   1.5847675e+00   0.0000000e+00
   1.4589411e-01  -2.0481725e+00  -1.3295791e+00   9.9241907e-03   1.5797503e+00   0.0000000e+00
   1.1222154e-01  -2.0485531e+00  -1.2928027e+00   6.3303668e-03   1.5742535e+00   0.0000000e+00
   7.8877330e-02  -2.0522218e+00  -1.2565312e+00   1.7446924e-03   1.5687263e+00   0.0000000e+00
   4.9385060e-02  -2.0578773e+00  -1.2247188e+00  -3.0857512e-03   1.5637912e+00   0.0000000e+00
   3.0953232e-02  -2.0624560e+00  -1.2054744e+00  -6.4046409e-03   1.5607159e+00   0.0000000e+00
   1.9315813e-02  -2.0656662e+00  -1.1941231e+00  -8.5206692e-03   1.5588056e+00   0.0000000e+00
   1.5720589e-02  -2.0666637e+00  -1.1913249e+00  -9.0922522e-03   1.5582484e+00   0.0000000e+00
   2.0740898e-02  -2.0652070e+00  -1.1962720e+00  -8.1480350e-03   1.5590758e+00   0.0000000e+00
   3.1536317e-02  -2.0623448e+00  -1.2048585e+00  -6.4542418e-03   1.5607552e+00   0.0000000e+00
   4.7663771e-02  -2.0586206e+00  -1.2154401e+00  -4.3543998e-03   1.5631509e+00   0.0000000e+00
   6.8143830e-02  -2.0547010e+00  -1.2260535e+00  -2.2417210e-03   1.5660473e+00   0.0000000e+00
   9.1748012e-02  -2.0512114e+00  -1.2349405e+00  -4.5399084e-04   1.5692080e+00   0.0000000e+00
   1.2262596e-01  -2.0482816e+00  -1.2413989e+00   9.1565622e-04   1.5730596e+00   0.0000000e+00
   1.5378826e-01  -2.0471253e+00  -1.2419941e+00   1.2295336e-03   1.5766101e+00   0.0000000e+00
   1.8331770e-01  -2.0477586e+00  -1.2364512e+00   4.5398334e-04   1.5796175e+00   0.0000000e+00
   2.0978707e-01  -2.0498915e+00  -1.2253266e+00  -1.3109583e-03   1.5819456e+00   0.0000000e+00
   2.3185662e-01  -2.0529579e+00  -1.2101364e+00  -3.8128925e-03   1.5835287e+00   0.0000000e+00
   2.4971842e-01  -2.0565510e+00  -1.1918979e+00  -6.8897654e-03   1.5844495e+00   0.0000000e+00
   2.6329068e-01  -2.0602973e+00  -1.1717487e+00  -1.0359306e-02   1.5847688e+00   0.0000000e+00
   2.7271930e-01  -2.0639191e+00  -1.1506754e+00  -1.4059856e-02   1.5845649e+00   0.0000000e+00
   2.7926039e-01  -2.0681113e+00  -1.1234724e+00  -1.8944826e-02   1.5836711e+00   0.0000000e+00
   2.8017732e-01  -2.0716166e+00  -1.0973227e+00  -2.3757123e-02   1.5822148e+00   0.0000000e+00
   2.7614976e-01  -2.0743604e+00  -1.0731901e+00  -2.8299422e-02   1.5803334e+00   0.0000000e+00
   2.6772712e-01  -2.0763261e+00  -1.0518640e+00  -3.2385635e-02   1.5781383e+00   0.0000000e+00
   2.5506637e-01  -2.0775460e+00  -1.0337653e+00  -3.5883656e-02   1.5756740e+00   0.0000000e+00
   2.3848136e-01  -2.0779559e+00  -1.0201404e+00  -3.8477231e-02   1.5730513e+00   0.0000000e+00
   2.1805211e-01  -2.0775611e+00  -1.0118964e+00  -3.9926966e-02   1.5703299e+00   0.0000000e+00
   1.9376689e-01  -2.0764227e+00  -1.0099698e+00  -4.0019081e-02   1.5675537e+00   0.0000000e+00
   1.7349095e-01  -2.0752012e+00  -1.0130818e+00  -3.9133386e-02   1.5655007e+00   0.0000000e+00
   1.5115133e-01  -2.0738093e+00  -1.0202855e+00  -3.7445939e-02   1.5634369e+00   0.0000000e+00
   1.2687829e-01  -2.0724672e+00  -1.0316159e+00  -3.5036715e-02   1.5613630e+00   0.0000000e+00
   1.0093783e-01  -2.0714705e+00  -1.0468702e+00  -3.2063465e-02   1.5592795e+00   0.0000000e+00
   7.3752977e-02  -2.0711670e+00  -1.0655848e+00  -2.8752900e-02   1.5571901e+00   0.0000000e+00
   4.5993815e-02  -2.0719252e+00  -1.0869575e+00  -2.5388680e-02   1.5551125e+00   0.0000000e+00
   1.8500086e-02  -2.0739897e+00  -1.1099570e+00  -2.2236446e-02   1.5530809e+00   0.0000000e+00
  -7.7533534e-03  -2.0774198e+00  -1.1333635e+00  -1.9514027e-02   1.5511466e+00   0.0000000e+00
  -3.1907672e-02  -2.0821033e+00  -1.1559867e+00  -1.7361593e-02   1.5493581e+00   0.0000000e+00
  -5.2670328e-02  -2.0874521e+00  -1.1763704e+00  -1.5807973e-02   1.5478161e+00   0.0000000e+00
  -6.9059820e-02  -2.0926790e+00  -1.1934073e+00  -1.4771773e-02   1.5466073e+00   0.0000000e+00
  -8.0316835e-02  -2.0968802e+00  -1.2061557e+00  -1.4117830e-02   1.5458027e+00   0.0000000e+00
  -8.6025910e-02  -2.0992095e+00  -1.2137316e+00  -1.3717369e-02   1.5454351e+00   0.0000000e+00
  -8.6470038e-02  -2.0993938e+00  -1.2150516e+00  -1.3599968e-02   1.5454372e+00   0.0000000e+00
  -8.2299289e-02  -2.0976712e+00  -1.2090033e+00  -1.3944905e-02   1.5456850e+00   0.0000000e+00
  -7.4532100e-02  -2.0948149e+00  -1.1946108e+00  -1.5081142e-02   1.5460022e+00   0.0000000e+00
  -6.3878046e-02  -2.0918834e+00  -1.1696754e+00  -1.7623166e-02   1.5461817e+00   0.0000000e+00
  -5.2212304e-02  -2.0904928e+00  -1.1347967e+00  -2.2112769e-02   1.5459791e+00   0.0000000e+00
  -4.0928743e-02  -2.0917901e+00  -1.0908701e+00  -2.9023472e-02   1.5452228e+00   0.0000000e+00
  -3.1174652e-02  -2.0964170e+00  -1.0395836e+00  -3.8658367e-02   1.5438130e+00   0.0000000e+00
  -2.4639920e-02  -2.1032026e+00  -9.9107266e-01  -4.9269840e-02   1.5420461e+00   0.0000000e+00
  -2.0194762e-02  -2.1122477e+00  -9.4059505e-01  -6.1840466e-02   1.5398155e+00   0.0000000e+00
  -1.7957453e-02  -2.1230480e+00  -8.8996448e-01  -7.6048713e-02   1.5372003e+00   0.0000000e+00
  -1.7891601e-02  -2.1349681e+00  -8.4093222e-01  -9.1404312e-02   1.5343088e+00   0.0000000e+00
  -2.0383532e-02  -2.1495022e+00  -7.8735904e-01  -1.1011885e-01   1.5307186e+00   0.0000000e+00
  -2.5305666e-02  -2.1635478e+00  -7.4041899e-01  -1.2830665e-01   1.5271395e+00   0.0000000e+00
  -3.2260442e-02  -2.1762359e+00  -7.0171371e-01  -1.4474878e-01   1.5237667e+00   0.0000000e+00
  -4.0856301e-02  -2.1869383e+00  -6.7226101e-01  -1.5834283e-01   1.5207614e+00   0.0000000e+00
  -5.0977106e-02  -2.1954439e+00  -6.5215703e-01  -1.6838863e-01   1.5181872e+00   0.0000000e+00
  -6.1995774e-02  -2.2012561e+00  -6.4232818e-01  -1.7396163e-01   1.5162052e+00   0.0000000e+00
  -7.3508285e-02  -2.2043359e+00  -6.4251811e-01  -1.7490840e-01   1.5148499e+00   0.0000000e+00
  -8.5138958e-02  -2.2047605e+00  -6.5227001e-01  -1.7143603e-01   1.5141183e+00   0.0000000e+00
  -9.7046322e-02  -2.2025489e+00  -6.7204882e-01  -1.6362847e-01   1.5139851e+00   0.0000000e+00
  -1.0832205e-01  -2.1978477e+00  -7.0098207e-01  -1.5230737e-01   1.5144507e+00   0.0000000e+00
  -1.1858612e-01  -2.1909340e+00  -7.3841869e-01  -1.3831096e-01   1.5154685e+00   0.0000000e+00
  -1.2744527e-01  -2.1821341e+00  -7.8370735e-01  -1.2249132e-01   1.5169986e+00   0.0000000e+00
  -1.3435161e-01  -2.1720888e+00  -8.3484575e-01  -1.0609264e-01   1.5189555e+00   0.0000000e+00
  -1.3911003e-01  -2.1610821e+00  -8.9197424e-01  -8.9524814e-02   1.5213443e+00   0.0000000e+00
  -1.4132480e-01  -2.1496832e+00  -9.5394511e-01  -7.3492468e-02   1.5241335e+00   0.0000000e+00
  -1.4065031e-01  -2.1385566e+00  -1.0192194e+00  -5.8629598e-02   1.5272797e+00   0.0000000e+00
  -1.3759438e-01  -2.1298109e+00  -1.0761536e+00  -4.7266805e-02   1.5302053e+00   0.0000000e+00
  -1.3221715e-01  -2.1222397e+00  -1.1325281e+00  -3.7401832e-02   1.5332871e+00   0.0000000e+00
  -1.2467334e-01  -2.1161684e+00  -1.1866783e+00  -2.9174698e-02   1.5364457e+00   0.0000000e+00
  -1.1533764e-01  -2.1117557e+00  -1.2368926e+00  -2.2609918e-02   1.5395804e+00   0.0000000e+00
  -1.0259816e-01  -2.1086050e+00  -1.2897541e+00  -1.6789634e-02   1.5431498e+00   0.0000000e+00
  -8.9760204e-02  -2.1072510e+00  -1.3322496e+00  -1.2888109e-02   1.5462704e+00   0.0000000e+00
  -7.8703099e-02  -2.1069522e+00  -1.3626075e+00  -1.0517084e-02   1.5486906e+00   0.0000000e+00
  -7.1399129e-02  -2.1069655e+00  -1.3796135e+00  -9.3296111e-03   1.5501652e+00   0.0000000e+00
  -6.9611607e-02  -2.1068077e+00  -1.3829504e+00  -9.0703661e-03   1.5504977e+00   0.0000000e+00
  -7.3731803e-02  -2.1069203e+00  -1.3742256e+00  -9.6901490e-03   1.5496969e+00   0.0000000e+00
  -8.4022971e-02  -2.1081179e+00  -1.3540888e+00  -1.1375847e-02   1.5477423e+00   0.0000000e+00
  -9.9988595e-02  -2.1114256e+00  -1.3236676e+00  -1.4405357e-02   1.5447147e+00   0.0000000e+00
  -1.1663439e-01  -2.1164847e+00  -1.2919595e+00  -1.8136433e-02   1.5415309e+00   0.0000000e+00
  -1.3547255e-01  -2.1239441e+00  -1.2557989e+00  -2.3063261e-02   1.5378914e+00   0.0000000e+00
  -1.5557736e-01  -2.1337777e+00  -1.2168547e+00  -2.9143256e-02   1.5339695e+00   0.0000000e+00
  -1.7605650e-01  -2.1456492e+00  -1.1769213e+00  -3.6203178e-02   1.5299444e+00   0.0000000e+00
  -1.9936876e-01  -2.1612967e+00  -1.1314595e+00  -4.5293653e-02   1.5253451e+00   0.0000000e+00
  -2.2109769e-01  -2.1777234e+00  -1.0897571e+00  -5.4660647e-02   1.5210748e+00   0.0000000e+00
  -2.4055110e-01  -2.1937810e+00  -1.0539107e+00  -6.3617178e-02   1.5173078e+00   0.0000000e+00
  -2.5732387e-01  -2.2084828e+00  -1.0253921e+00  -7.1517251e-02   1.5141561e+00   0.0000000e+00
  -2.7293960e-01  -2.2225870e+00  -1.0029061e+00  -7.8531286e-02   1.5113881e+00   0.0000000e+00
  -2.8490750e-01  -2.2333935e+00  -9.9106785e-01  -8.3086533e-02   1.5094841e+00   0.0000000e+00
  -2.9336474e-01  -2.2407103e+00  -9.8931741e-01  -8.5099396e-02   1.5083997e+00   0.0000000e+00
  -2.9850048e-01  -2.2446418e+00  -9.9661320e-01  -8.4758530e-02   1.5080631e+00   0.0000000e+00
  -3.0054690e-01  -2.2452858e+00  -1.0162817e+00  -8.1636939e-02   1.5085601e+00   0.0000000e+00
  -2.9797840e-01  -2.2418192e+00  -1.0454680e+00  -7.6273898e-02   1.5099504e+00   0.0000000e+00
  -2.9080543e-01  -2.2347953e+00  -1.0821174e+00  -6.9384011e-02   1.5121462e+00   0.0000000e+00
  -2.7879782e-01  -2.2246193e+00  -1.1245905e+00  -6.1531862e-02   1.5151108e+00   0.0000000e+00
  -2.6326291e-01  -2.2128367e+00  -1.1672775e+00  -5.3896922e-02   1.5184897e+00   0.0000000e+00
  -2.4282097e-01  -2.1988357e+00  -1.2126139e+00  -4.6089309e-02   1.5225425e+00   0.0000000e+00
  -2.1702380e-01  -2.1828653e+00  -1.2591325e+00  -3.8359692e-02   1.5272793e+00   0.0000000e+00
  -1.8562292e-01  -2.1653274e+00  -1.3049056e+00  -3.0949435e-02   1.5326719e+00   0.0000000e+00
  -1.5002154e-01  -2.1474361e+00  -1.3463221e+00  -2.4302415e-02   1.5384331e+00   0.0000000e+00
  -1.1029360e-01  -2.1296355e+00  -1.3822988e+00  -1.8404973e-02   1.5445147e+00   0.0000000e+00
  -6.8470801e-02  -2.1130301e+00  -1.4106944e+00  -1.3454927e-02   1.5505875e+00   0.0000000e+00
  -2.7684882e-02  -2.0987172e+00  -1.4302245e+00  -9.5948183e-03   1.5562131e+00   0.0000000e+00
  -7.2577852e-04  -2.0902308e+00  -1.4388049e+00  -7.4960564e-03   1.5597645e+00   0.0000000e+00
   2.2021410e-02  -2.0835924e+00  -1.4433605e+00  -5.9768097e-03   1.5626535e+00   0.0000000e+00
   3.9164475e-02  -2.0788608e+00  -1.4449741e+00  -4.9814441e-03   1.5647563e+00   0.0000000e+00
   4.9551947e-02  -2.0760580e+00  -1.4449192e+00  -4.4444078e-03   1.5659886e+00   0.0000000e+00
   5.2437451e-02  -2.0751965e+00  -1.4445159e+00  -4.3000282e-03   1.5663173e+00   0.0000000e+00
   4.7902854e-02  -2.0764163e+00  -1.4446986e+00  -4.5252635e-03   1.5657857e+00   0.0000000e+00
   3.6589181e-02  -2.0799216e+00  -1.4459404e+00  -5.1341833e-03   1.5644806e+00   0.0000000e+00
   1.9630226e-02  -2.0859417e+00  -1.4482273e+00  -6.1716738e-03   1.5625249e+00   0.0000000e+00
  -1.9257817e-03  -2.0948872e+00  -1.4512531e+00  -7.7327910e-03   1.5600172e+00   0.0000000e+00
  -2.5670247e-02  -2.1064809e+00  -1.4545361e+00  -9.7866007e-03   1.5572204e+00   0.0000000e+00
  -4.9676434e-02  -2.1202715e+00  -1.4577875e+00  -1.2258479e-02   1.5543538e+00   0.0000000e+00
  -7.2342575e-02  -2.1355524e+00  -1.4609339e+00  -1.5014573e-02   1.5516123e+00   0.0000000e+00
  -9.4675401e-02  -2.1533787e+00  -1.4644915e+00  -1.8227575e-02   1.5488832e+00   0.0000000e+00
  -1.1282357e-01  -2.1707684e+00  -1.4684351e+00  -2.1334989e-02   1.5466551e+00   0.0000000e+00
  -1.2634135e-01  -2.1867272e+00  -1.4731034e+00  -2.4139313e-02   1.5450045e+00   0.0000000e+00
  -1.3522089e-01  -2.2005449e+00  -1.4787310e+00  -2.6504923e-02   1.5439490e+00   0.0000000e+00
  -1.4019711e-01  -2.2135732e+00  -1.4867674e+00  -2.8640923e-02   1.5434263e+00   0.0000000e+00
  -1.3989623e-01  -2.2228048e+00  -1.4961004e+00  -3.0042766e-02   1.5436047e+00   0.0000000e+00
  -1.3513559e-01  -2.2282949e+00  -1.5063761e+00  -3.0743906e-02   1.5443800e+00   0.0000000e+00
  -1.2668277e-01  -2.2302500e+00  -1.5171300e+00  -3.0803823e-02   1.5456489e+00   0.0000000e+00
  -1.2207920e-01  -2.2300783e+00  -1.5217763e+00  -3.0650607e-02   1.5463231e+00   0.0000000e+00
