   0.0000000e+00  -2.0943951e+00  -1.0471976e+00   0.0000000e+00   1.5707963e+00   0.0000000e+00
   4.1009090e-02  -2.0809063e+00  -1.0831205e+00   1.0067114e-02   1.5778030e+00   0.0000000e+00
   8.5616455e-02  -2.0716652e+00  -1.1056747e+00   1.6329740e-02   1.5843666e+00   0.0000000e+00
   1.1726528e-01  -2.0680868e+00  -1.1130039e+00   1.8464923e-02   1.5884501e+00   0.0000000e+00
   1.4738531e-01  -2.0668231e+00  -1.1139275e+00   1.8922228e-02   1.5919170e+00   0.0000000e+00
   1.7396048e-01  -2.0674528e+00  -1.1098639e+00   1.8060038e-02   1.5946246e+00   0.0000000e+00
   1.9510763e-01  -2.0691870e+00  -1.1031417e+00   1.6463407e-02   1.5965198e+00   0.0000000e+00
   2.0673455e-01  -2.0706275e+00  -1.0980110e+00   1.5203254e-02   1.5974522e+00   0.0000000e+00
   2.1367576e-01  -2.0716432e+00  -1.0945261e+00   1.4334485e-02   1.5979755e+00   0.0000000e+00
   2.1569950e-01  -2.0718995e+00  -1.0938954e+00   1.4160142e-02   1.5981528e+00   0.0000000e+00
   2.1283090e-01  -2.0712373e+00  -1.0969773e+00   1.4872934e-02   1.5980455e+00   0.0000000e+00
   2.0534516e-01  -2.0696840e+00  -1.1042290e+00   1.6538546e-02   1.5977089e+00   0.0000000e+00
   1.9377673e-01  -2.0675014e+00  -1.1155430e+00   1.9039574e-02   1.5971779e+00   0.0000000e+00
   1.7882965e-01  -2.0650492e+00  -1.1304679e+00   2.2168869e-02   1.5964815e+00   0.0000000e+00
   1.6133771e-01  -2.0627336e+00  -1.1482845e+00   2.5662651e-02   1.5956465e+00   0.0000000e+00
   1.3602028e-01  -2.0605603e+00  -1.1746175e+00   3.0337563e-02   1.5943882e+00   0.0000000e+00
   1.0979149e-01  -2.0599046e+00  -1.2025709e+00   3.4679043e-02   1.5930225e+00   0.0000000e+00
   8.4334750e-02  -2.0610045e+00  -1.2307017e+00   3.8403226e-02   1.5916510e+00   0.0000000e+00
   6.1149350e-02  -2.0637283e+00  -1.2580763e+00   4.1424964e-02   1.5904026e+00   0.0000000e+00
   4.2541988e-02  -2.0673773e+00  -1.2824947e+00   4.3668742e-02   1.5894560e+00   0.0000000e+00
   2.7406833e-02  -2.0716426e+00  -1.3053406e+00   4.5430384e-02   1.5887781e+00   0.0000000e+00
   1.5901653e-02  -2.0761047e+00  -1.3264620e+00   4.6819217e-02   1.5883981e+00   0.0000000e+00
   7.9495442e-03  -2.0804102e+00  -1.3458448e+00   4.7942433e-02   1.5883226e+00   0.0000000e+00
   2.5018361e-03  -2.0853293e+00  -1.3685364e+00   4.9157772e-02   1.5886565e+00   0.0000000e+00
   1.9009545e-03  -2.0892014e+00  -1.3885198e+00   5.0213857e-02   1.5894231e+00   0.0000000e+00
   5.4080252e-03  -2.0918632e+00  -1.4058385e+00   5.1191736e-02   1.5905523e+00   0.0000000e+00
   1.2331681e-02  -2.0932703e+00  -1.4204527e+00   5.2132822e-02   1.5919703e+00   0.0000000e+00
   2.5152579e-02  -2.0933119e+00  -1.4349491e+00   5.3292293e-02   1.5940824e+00   0.0000000e+00
   4.1544574e-02  -2.0914528e+00  -1.4443444e+00   5.4404481e-02   1.5964147e+00   0.0000000e+00
   6.0734203e-02  -2.0877967e+00  -1.4478067e+00   5.5416909e-02   1.5988393e+00   0.0000000e+00
   8.2128048e-02  -2.0824975e+00  -1.4440858e+00   5.6211588e-02   1.6012220e+00   0.0000000e+00
   1.0093762e-01  -2.0771243e+00  -1.4345504e+00   5.6556434e-02   1.6030361e+00   0.0000000e+00
   1.2059605e-01  -2.0711764e+00  -1.4178119e+00   5.6399309e-02   1.6046041e+00   0.0000000e+00
   1.4055348e-01  -2.0652456e+00  -1.3925621e+00   5.5401681e-02   1.6057640e+00   0.0000000e+00
   1.5996128e-01  -2.0601881e+00  -1.3576458e+00   5.3095315e-02   1.6063094e+00   0.0000000e+00
   1.7779192e-01  -2.0570250e+00  -1.3124976e+00   4.8958435e-02   1.6060306e+00   0.0000000e+00
   1.9300867e-01  -2.0569080e+00  -1.2572767e+00   4.2269663e-02   1.6047278e+00   0.0000000e+00
   2.0477682e-01  -2.0603596e+00  -1.1944740e+00   3.2786956e-02   1.6023822e+00   0.0000000e+00
   2.1259726e-01  -2.0669307e+00  -1.1298411e+00   2.1098765e-02   1.5992505e+00   0.0000000e+00
   2.1651784e-01  -2.0752749e+00  -1.0701896e+00   8.4653082e-03   1.5957770e+00   0.0000000e+00
   2.1686271e-01  -2.0816279e+00  -1.0313489e+00  -7.0066408e-04   1.5931651e+00   0.0000000e+00
   2.1519692e-01  -2.0829649e+00  -1.0229488e+00  -2.7524519e-03   1.5924007e+00   0.0000000e+00
   2.1356397e-01  -2.0787360e+00  -1.0468580e+00   3.1187389e-03   1.5938744e+00   0.0000000e+00
   2.1426156e-01  -2.0702883e+00  -1.1038733e+00   1.5828913e-02   1.5977525e+00   0.0000000e+00
   2.1954034e-01  -2.0630128e+00  -1.1758825e+00   2.9413530e-02   1.6028646e+00   0.0000000e+00
   2.2485769e-01  -2.0609045e+00  -1.2175053e+00   3.6000420e-02   1.6059282e+00   0.0000000e+00
   2.3172932e-01  -2.0606534e+00  -1.2566744e+00   4.1333081e-02   1.6089167e+00   0.0000000e+00
   2.3993216e-01  -2.0622156e+00  -1.2917002e+00   4.5329092e-02   1.6117229e+00   0.0000000e+00
   2.4917241e-01  -2.0652970e+00  -1.3215988e+00   4.8081837e-02   1.6142814e+00   0.0000000e+00
   2.6176628e-01  -2.0706179e+00  -1.3514863e+00   5.0118780e-02   1.6171108e+00   0.0000000e+00
   2.7481835e-01  -2.0766823e+00  -1.3730947e+00   5.0974822e-02   1.6194995e+00   0.0000000e+00
   2.8776004e-01  -2.0827148e+00  -1.3872332e+00   5.1037521e-02   1.6214652e+00   0.0000000e+00
   3.0013133e-01  -2.0881543e+00  -1.3949223e+00   5.0603875e-02   1.6230373e+00   0.0000000e+00
   3.1343111e-01  -2.0933141e+00  -1.3972030e+00   4.9738971e-02   1.6244251e+00   0.0000000e+00
   3.2507485e-01  -2.0969713e+00  -1.3936071e+00   4.8663831e-02   1.6253644e+00   0.0000000e+00
   3.3476796e-01  -2.0990887e+00  -1.3853348e+00   4.7483077e-02   1.6258885e+00   0.0000000e+00
   3.4227162e-01  -2.0997407e+00  -1.3732932e+00   4.6239797e-02   1.6260165e+00   0.0000000e+00
   3.4831406e-01  -2.0986839e+00  -1.3534517e+00   4.4552318e-02   1.6256093e+00   0.0000000e+00
   3.4985026e-01  -2.0957346e+00  -1.3293018e+00   4.2711286e-02   1.6245308e+00   0.0000000e+00
   3.4608410e-01  -2.0912075e+00  -1.3012023e+00   4.0604958e-02   1.6226971e+00   0.0000000e+00
   3.3598054e-01  -2.0855388e+00  -1.2691170e+00   3.8037012e-02   1.6199688e+00   0.0000000e+00
   3.2096869e-01  -2.0801015e+00  -1.2374520e+00   3.5184424e-02   1.6166975e+00   0.0000000e+00
   2.9934452e-01  -2.0751273e+00  -1.2016812e+00   3.1336454e-02   1.6124154e+00   0.0000000e+00
   2.7089902e-01  -2.0717210e+00  -1.1612712e+00   2.6007246e-02   1.6070132e+00   0.0000000e+00
   2.3637293e-01  -2.0710890e+00  -1.1166446e+00   1.8780546e-02   1.6005413e+00   0.0000000e+00
   2.1051502e-01  -2.0727546e+00  -1.0849861e+00   1.2732461e-02   1.5956937e+00   0.0000000e+00
   1.8391630e-01  -2.0760606e+00  -1.0536568e+00   5.9808587e-03   1.5907062e+00   0.0000000e+00
   1.5803738e-01  -2.0806138e+00  -1.0243787e+00  -1.0318591e-03   1.5858659e+00   0.0000000e+00
   1.3457904e-01  -2.0856820e+00  -9.9918722e-01  -7.6302268e-03   1.5815202e+00   0.0000000e+00
   1.1534895e-01  -2.0902830e+00  -9.8021925e-01  -1.2978491e-02   1.5780436e+00   0.0000000e+00
   1.0198216e-01  -2.0934121e+00  -9.6913862e-01  -1.6284555e-02   1.5757585e+00   0.0000000e+00
   9.5681075e-02  -2.0944532e+00  -9.6648875e-01  -1.7158109e-02   1.5748541e+00   0.0000000e+00
   9.7088574e-02  -2.0933284e+00  -9.7145588e-01  -1.5734795e-02   1.5753534e+00   0.0000000e+00
   1.0393582e-01  -2.0911340e+00  -9.7966735e-01  -1.3319227e-02   1.5766960e+00   0.0000000e+00
   1.1551020e-01  -2.0883597e+00  -9.8984987e-01  -1.0351441e-02   1.5787089e+00   0.0000000e+00
   1.3118661e-01  -2.0855964e+00  -1.0002749e+00  -7.3789745e-03   1.5811970e+00   0.0000000e+00
   1.5012630e-01  -2.0834158e+00  -1.0093188e+00  -4.8929698e-03   1.5839472e+00   0.0000000e+00
   1.8069603e-01  -2.0822692e+00  -1.0171077e+00  -2.9625334e-03   1.5878851e+00   0.0000000e+00
   2.1291074e-01  -2.0839900e+00  -1.0170175e+00  -3.4113382e-03   1.5914028e+00   0.0000000e+00
   2.4420038e-01  -2.0886477e+00  -1.0083163e+00  -6.4133692e-03   1.5941408e+00   0.0000000e+00
   2.7257256e-01  -2.0957617e+00  -9.9167606e-01  -1.1786678e-02   1.5959123e+00   0.0000000e+00
   2.9229632e-01  -2.1026656e+00  -9.7373401e-01  -1.7518647e-02   1.5966103e+00   0.0000000e+00
   3.0890839e-01  -2.1101591e+00  -9.5278663e-01  -2.4245923e-02   1.5967012e+00   0.0000000e+00
   3.2226396e-01  -2.1178416e+00  -9.2983513e-01  -3.1709869e-02   1.5962477e+00   0.0000000e+00
   3.3238629e-01  -2.1253827e+00  -9.0579572e-01  -3.9662233e-02   1.5953275e+00   0.0000000e+00
   3.4183657e-01  -2.1358587e+00  -8.6952290e-01  -5.1969530e-02   1.5932647e+00   0.0000000e+00
   3.4512423e-01  -2.1449354e+00  -8.3464314e-01  -6.4184956e-02   1.5906110e+00   0.0000000e+00
   3.4299164e-01  -2.1522981e+00  -8.0274867e-01  -7.5695651e-02   1.5875992e+00   0.0000000e+00
   3.3608784e-01  -2.1577567e+00  -7.7512208e-01  -8.5903116e-02   1.5844306e+00   0.0000000e+00
   3.2568879e-01  -2.1610528e+00  -7.5398069e-01  -9.3784171e-02   1.5814583e+00   0.0000000e+00
   3.1176414e-01  -2.1624011e+00  -7.3861136e-01  -9.9373335e-02   1.5786365e+00   0.0000000e+00
   2.9443682e-01  -2.1616444e+00  -7.3008567e-01  -1.0207095e-01   1.5760829e+00   0.0000000e+00
   2.7371901e-01  -2.1586386e+00  -7.2951805e-01  -1.0132252e-01   1.5738921e+00   0.0000000e+00
   2.5558313e-01  -2.1547714e+00  -7.3511157e-01  -9.8154305e-02   1.5725046e+00   0.0000000e+00
   2.3540721e-01  -2.1495744e+00  -7.4634100e-01  -9.2671467e-02   1.5713689e+00   0.0000000e+00
   2.1321215e-01  -2.1431822e+00  -7.6337046e-01  -8.4985619e-02   1.5704659e+00   0.0000000e+00
   1.8909498e-01  -2.1358498e+00  -7.8610112e-01  -7.5390235e-02   1.5697537e+00   0.0000000e+00
   1.6325629e-01  -2.1279512e+00  -8.1413484e-01  -6.4350111e-02   1.5691727e+00   0.0000000e+00
   1.3607183e-01  -2.1200155e+00  -8.4665309e-01  -5.2499524e-02   1.5686529e+00   0.0000000e+00
   1.0811554e-01  -2.1126007e+00  -8.8250627e-01  -4.0502547e-02   1.5681380e+00   0.0000000e+00
   8.0170756e-02  -2.1062383e+00  -9.2024753e-01  -2.8996560e-02   1.5675941e+00   0.0000000e+00
   5.5359272e-02  -2.1017085e+00  -9.5510934e-01  -1.9355514e-02   1.5670633e+00   0.0000000e+00
   3.2205479e-02  -2.0985862e+00  -9.8879063e-01  -1.0895311e-02   1.5665252e+00   0.0000000e+00
   1.1516159e-02  -2.0968265e+00  -1.0199678e+00  -3.7901493e-03   1.5660145e+00   0.0000000e+00
  -5.9786528e-03  -2.0961877e+00  -1.0473965e+00   1.8993743e-03   1.5655727e+00   0.0000000e+00
  -2.1317450e-02  -2.0963230e+00  -1.0727617e+00   6.7193416e-03   1.5652036e+00   0.0000000e+00
  -3.1003075e-02  -2.0966684e+00  -1.0902851e+00   9.8502953e-03   1.5650263e+00   0.0000000e+00
  -3.4852280e-02  -2.0967470e+00  -1.0986806e+00   1.1332166e-02   1.5650275e+00   0.0000000e+00
  -3.3253599e-02  -2.0965211e+00  -1.0967610e+00   1.1042750e-02   1.5651132e+00   0.0000000e+00
  -2.7109463e-02  -2.0964178e+00  -1.0834966e+00   8.6817181e-03   1.5651156e+00   0.0000000e+00
  -1.7716719e-02  -2.0974397e+00  -1.0582015e+00   3.7008589e-03   1.5648050e+00   0.0000000e+00
  -6.5001303e-03  -2.1006506e+00  -1.0208414e+00  -4.5303390e-03   1.5639518e+00   0.0000000e+00
   5.0944983e-03  -2.1069936e+00  -9.7213251e-01  -1.6662241e-02   1.5623492e+00   0.0000000e+00
   1.3793724e-02  -2.1148727e+00  -9.2553447e-01  -2.9715865e-02   1.5603957e+00   0.0000000e+00
   2.1328239e-02  -2.1252723e+00  -8.7367988e-01  -4.5927497e-02   1.5578099e+00   0.0000000e+00
   2.7319710e-02  -2.1380145e+00  -8.1797239e-01  -6.5383712e-02   1.5545935e+00   0.0000000e+00
   3.1544773e-02  -2.1527108e+00  -7.5999054e-01  -8.8009197e-02   1.5507887e+00   0.0000000e+00
   3.4035440e-02  -2.1701882e+00  -6.9655152e-01  -1.1580196e-01   1.5460954e+00   0.0000000e+00
   3.4399700e-02  -2.1884185e+00  -6.3464744e-01  -1.4633781e-01   1.5409588e+00   0.0000000e+00
   3.2772851e-02  -2.2064895e+00  -5.7640234e-01  -1.7855381e-01   1.5355741e+00   0.0000000e+00
   2.9351479e-02  -2.2235102e+00  -5.2380028e-01  -2.1097017e-01   1.5301760e+00   0.0000000e+00
   2.4753670e-02  -2.2377099e+00  -4.8140908e-01  -2.3975644e-01   1.5253646e+00   0.0000000e+00
   1.8989468e-02  -2.2497711e+00  -4.4663830e-01  -2.6536829e-01   1.5210037e+00   0.0000000e+00
   1.2239043e-02  -2.2593337e+00  -4.2032458e-01  -2.8618178e-01   1.5173008e+00   0.0000000e+00
   4.6701275e-03  -2.2661975e+00  -4.0294633e-01  -3.0085205e-01   1.5144220e+00   0.0000000e+00
  -1.0078873e-02  -2.2716349e+00  -3.9416643e-01  -3.0941824e-01   1.5116373e+00   0.0000000e+00
  -2.6066709e-02  -2.2692453e+00  -4.1109486e-01  -2.9705493e-01   1.5115857e+00   0.0000000e+00
  -3.5216102e-02  -2.2648766e+00  -4.3049041e-01  -2.8272795e-01   1.5125375e+00   0.0000000e+00
  -4.4301608e-02  -2.2586062e+00  -4.5610954e-01  -2.6453474e-01   1.5140278e+00   0.0000000e+00
  -5.3160951e-02  -2.2506611e+00  -4.8726507e-01  -2.4360048e-01   1.5159370e+00   0.0000000e+00
  -6.1635757e-02  -2.2412686e+00  -5.2332598e-01  -2.2092658e-01   1.5181668e+00   0.0000000e+00
  -6.9606591e-02  -2.2306029e+00  -5.6392229e-01  -1.9725796e-01   1.5206530e+00   0.0000000e+00
  -7.6872578e-02  -2.2189342e+00  -6.0838434e-01  -1.7337391e-01   1.5233329e+00   0.0000000e+00
  -8.3271524e-02  -2.2064945e+00  -6.5623860e-01  -1.4981228e-01   1.5261700e+00   0.0000000e+00
  -8.8637467e-02  -2.1935215e+00  -7.0703074e-01  -1.2699285e-01   1.5291409e+00   0.0000000e+00
  -9.3768363e-02  -2.1763889e+00  -7.7618769e-01  -9.9144763e-02   1.5331511e+00   0.0000000e+00
  -9.6534680e-02  -2.1593801e+00  -8.4833883e-01  -7.3595458e-02   1.5373387e+00   0.0000000e+00
  -9.6635725e-02  -2.1431322e+00  -9.2209041e-01  -5.0747716e-02   1.5416729e+00   0.0000000e+00
  -9.3872945e-02  -2.1282998e+00  -9.9573598e-01  -3.0893470e-02   1.5461055e+00   0.0000000e+00
  -8.9448940e-02  -2.1176773e+00  -1.0544257e+00  -1.7019559e-02   1.5497513e+00   0.0000000e+00
  -8.3185337e-02  -2.1087010e+00  -1.1104376e+00  -5.2804840e-03   1.5533584e+00   0.0000000e+00
  -7.5339639e-02  -2.1015265e+00  -1.1624944e+00   4.3724283e-03   1.5568550e+00   0.0000000e+00
  -6.6335823e-02  -2.0961611e+00  -1.2093627e+00   1.2058126e-02   1.5601556e+00   0.0000000e+00
  -5.1274094e-02  -2.0910446e+00  -1.2698481e+00   2.0596206e-02   1.5647128e+00   0.0000000e+00
  -3.7957286e-02  -2.0886483e+00  -1.3118431e+00   2.5670380e-02   1.5681442e+00   0.0000000e+00
  -2.9624836e-02  -2.0877418e+00  -1.3336369e+00   2.8042388e-02   1.5700690e+00   0.0000000e+00
  -2.9098102e-02  -2.0877639e+00  -1.3347809e+00   2.8144413e-02   1.5701782e+00   0.0000000e+00
  -3.4072827e-02  -2.0884261e+00  -1.3245036e+00   2.6998308e-02   1.5691479e+00   0.0000000e+00
  -4.3380106e-02  -2.0901991e+00  -1.3059852e+00   2.4736108e-02   1.5672376e+00   0.0000000e+00
  -5.6715256e-02  -2.0936286e+00  -1.2800525e+00   2.1213199e-02   1.5645047e+00   0.0000000e+00
  -7.3443745e-02  -2.0991795e+00  -1.2478898e+00   1.6312781e-02   1.5610626e+00   0.0000000e+00
  -9.2672260e-02  -2.1071536e+00  -1.2110104e+00   9.9794474e-03   1.5570740e+00   0.0000000e+00
  -1.1341216e-01  -2.1174692e+00  -1.1712171e+00   2.3074138e-03   1.5527360e+00   0.0000000e+00
  -1.3471604e-01  -2.1297758e+00  -1.1303911e+00  -6.4707032e-03   1.5482502e+00   0.0000000e+00
  -1.5573982e-01  -2.1434842e+00  -1.0904074e+00  -1.5983466e-02   1.5438115e+00   0.0000000e+00
  -1.8068209e-01  -2.1615316e+00  -1.0440758e+00  -2.8232083e-02   1.5385718e+00   0.0000000e+00
  -2.0309692e-01  -2.1790617e+00  -1.0047732e+00  -3.9769772e-02   1.5339589e+00   0.0000000e+00
  -2.2239066e-01  -2.1947996e+00  -9.7449649e-01  -4.9621507e-02   1.5301535e+00   0.0000000e+00
  -2.3830080e-01  -2.2078446e+00  -9.5427459e-01  -5.7056634e-02   1.5272444e+00   0.0000000e+00
  -2.5065094e-01  -2.2175534e+00  -9.4431333e-01  -6.1595194e-02   1.5252646e+00   0.0000000e+00
  -2.5984359e-01  -2.2240885e+00  -9.4357239e-01  -6.3397298e-02   1.5241095e+00   0.0000000e+00
  -2.6603268e-01  -2.2275753e+00  -9.5109000e-01  -6.2692729e-02   1.5237059e+00   0.0000000e+00
  -2.6937022e-01  -2.2282748e+00  -9.6572071e-01  -5.9863563e-02   1.5239714e+00   0.0000000e+00
  -2.6989545e-01  -2.2262215e+00  -9.8865649e-01  -5.4841029e-02   1.5249420e+00   0.0000000e+00
  -2.6717668e-01  -2.2215908e+00  -1.0173473e+00  -4.8366828e-02   1.5265424e+00   0.0000000e+00
  -2.6117980e-01  -2.2147138e+00  -1.0505767e+00  -4.0916413e-02   1.5287151e+00   0.0000000e+00
  -2.5175332e-01  -2.2058358e+00  -1.0873411e+00  -3.2860806e-02   1.5314308e+00   0.0000000e+00
  -2.3700068e-01  -2.1938788e+00  -1.1311653e+00  -2.3567714e-02   1.5350660e+00   0.0000000e+00
  -2.1720274e-01  -2.1798757e+00  -1.1772027e+00  -1.4174147e-02   1.5393827e+00   0.0000000e+00
  -1.9189417e-01  -2.1641261e+00  -1.2240607e+00  -4.9610424e-03   1.5443863e+00   0.0000000e+00
  -1.6079794e-01  -2.1471045e+00  -1.2698466e+00   3.7788783e-03   1.5500409e+00   0.0000000e+00
  -1.4162526e-01  -2.1376298e+00  -1.2932610e+00   8.1879454e-03   1.5533295e+00   0.0000000e+00
