   0.0000000e+00  -2.0943951e+00  -1.0471976e+00   0.0000000e+00   1.5707963e+00   0.0000000e+00
   1.2113318e-01  -2.0586133e+00  -1.2112672e+00   3.6142415e-02   1.5945953e+00   0.0000000e+00
   1.4798433e-01  -2.0567853e+00  -1.2284938e+00   3.8968719e-02   1.5986040e+00   0.0000000e+00
   1.7565333e-01  -2.0567344e+00  -1.2357136e+00   3.9967238e-02   1.6020937e+00   0.0000000e+00
   2.0025161e-01  -2.0579752e+00  -1.2370448e+00   3.9872078e-02   1.6048647e+00   0.0000000e+00
   2.0686498e-01  -2.0584924e+00  -1.2372263e+00   3.9781769e-02   1.6055922e+00   0.0000000e+00
   1.8583580e-01  -2.0570432e+00  -1.2387442e+00   4.0307936e-02   1.6033875e+00   0.0000000e+00
   1.6302879e-01  -2.0563911e+00  -1.2381864e+00   4.0377388e-02   1.6008351e+00   0.0000000e+00
   1.4229801e-01  -2.0566020e+00  -1.2363522e+00   4.0082606e-02   1.5984107e+00   0.0000000e+00
   1.2369103e-01  -2.0574035e+00  -1.2346643e+00   3.9675594e-02   1.5962102e+00   0.0000000e+00
   1.0837792e-01  -2.0584450e+00  -1.2346609e+00   3.9443691e-02   1.5944608e+00   0.0000000e+00
   9.7195357e-02  -2.0593813e+00  -1.2368388e+00   3.9530535e-02   1.5932940e+00   0.0000000e+00
   8.8063259e-02  -2.0602497e+00  -1.2407192e+00   3.9859325e-02   1.5924489e+00   0.0000000e+00
   7.2895696e-02  -2.0620248e+00  -1.2487208e+00   4.0526680e-02   1.5911137e+00   0.0000000e+00
   5.3141317e-02  -2.0650877e+00  -1.2587273e+00   4.1148818e-02   1.5893234e+00   0.0000000e+00
   3.5278931e-02  -2.0686039e+00  -1.2678197e+00   4.1528204e-02   1.5876789e+00   0.0000000e+00
   1.4205858e-02  -2.0737410e+00  -1.2790033e+00   4.1785392e-02   1.5857271e+00   0.0000000e+00
  -4.5152646e-03  -2.0794350e+00  -1.2923411e+00   4.2139537e-02   1.5841237e+00   0.0000000e+00
  -9.0225874e-04  -2.0797783e+00  -1.3139313e+00   4.4520052e-02   1.5855717e+00   0.0000000e+00
   1.8744618e-02  -2.0768682e+00  -1.3417474e+00   4.8120470e-02   1.5892095e+00   0.0000000e+00
   3.7746787e-02  -2.0733080e+00  -1.3521075e+00   4.9932203e-02   1.5919489e+00   0.0000000e+00
   5.4683438e-02  -2.0683816e+00  -1.3401483e+00   4.9740781e-02   1.5934070e+00   0.0000000e+00
   7.0333129e-02  -2.0640495e+00  -1.3211456e+00   4.8618095e-02   1.5943433e+00   0.0000000e+00
   8.4000815e-02  -2.0609639e+00  -1.3000297e+00   4.6885992e-02   1.5948962e+00   0.0000000e+00
   9.6593742e-02  -2.0589292e+00  -1.2757367e+00   4.4412646e-02   1.5951128e+00   0.0000000e+00
   1.0653075e-01  -2.0580988e+00  -1.2519209e+00   4.1570047e-02   1.5949968e+00   0.0000000e+00
   1.1454301e-01  -2.0581534e+00  -1.2285619e+00   3.8428146e-02   1.5946409e+00   0.0000000e+00
   1.2130067e-01  -2.0588995e+00  -1.2053259e+00   3.4984371e-02   1.5941092e+00   0.0000000e+00
   1.2734955e-01  -2.0602099e+00  -1.1822411e+00   3.1267584e-02   1.5934687e+00   0.0000000e+00
   1.3231331e-01  -2.0616557e+00  -1.1632171e+00   2.7992347e-02   1.5929117e+00   0.0000000e+00
   1.3777518e-01  -2.0633889e+00  -1.1442537e+00   2.4541109e-02   1.5923905e+00   0.0000000e+00
   1.4429379e-01  -2.0653670e+00  -1.1255495e+00   2.0954842e-02   1.5919795e+00   0.0000000e+00
   1.5074989e-01  -2.0671289e+00  -1.1107356e+00   1.7982091e-02   1.5917808e+00   0.0000000e+00
   1.5883191e-01  -2.0690926e+00  -1.0959056e+00   1.4880301e-02   1.5917448e+00   0.0000000e+00
   1.6936653e-01  -2.0713847e+00  -1.0806257e+00   1.1536222e-02   1.5919319e+00   0.0000000e+00
   1.8011902e-01  -2.0735754e+00  -1.0678959e+00   8.6160176e-03   1.5922864e+00   0.0000000e+00
   1.9457917e-01  -2.0765820e+00  -1.0528066e+00   4.9750611e-03   1.5928670e+00   0.0000000e+00
   2.0806218e-01  -2.0798748e+00  -1.0380108e+00   1.2345534e-03   1.5933280e+00   0.0000000e+00
   2.1861823e-01  -2.0838795e+00  -1.0197738e+00  -3.4826907e-03   1.5932014e+00   0.0000000e+00
   2.1740561e-01  -2.0871547e+00  -1.0013674e+00  -8.1906346e-03   1.5917666e+00   0.0000000e+00
   2.0782346e-01  -2.0907542e+00  -9.7907633e-01  -1.3992559e-02   1.5891271e+00   0.0000000e+00
   1.9448457e-01  -2.0967375e+00  -9.4638895e-01  -2.3079625e-02   1.5852835e+00   0.0000000e+00
   1.8136833e-01  -2.1052468e+00  -9.0581309e-01  -3.5339693e-02   1.5808073e+00   0.0000000e+00
   1.6951170e-01  -2.1156232e+00  -8.6123304e-01  -5.0042242e-02   1.5760654e+00   0.0000000e+00
   1.5754372e-01  -2.1217552e+00  -8.3651423e-01  -5.8761659e-02   1.5727840e+00   0.0000000e+00
   1.4618829e-01  -2.1119271e+00  -8.7667152e-01  -4.4804743e-02   1.5746188e+00   0.0000000e+00
   1.3457927e-01  -2.0987874e+00  -9.3497604e-01  -2.6356178e-02   1.5776127e+00   0.0000000e+00
   1.2385295e-01  -2.0873296e+00  -9.9239346e-01  -1.0163454e-02   1.5804110e+00   0.0000000e+00
   1.1458970e-01  -2.0784257e+00  -1.0441955e+00   2.8582199e-03   1.5827999e+00   0.0000000e+00
   1.0640733e-01  -2.0716802e+00  -1.0912425e+00   1.3432260e-02   1.5848525e+00   0.0000000e+00
   9.9590830e-02  -2.0671601e+00  -1.1305476e+00   2.1372867e-02   1.5864673e+00   0.0000000e+00
   9.4120008e-02  -2.0644471e+00  -1.1611068e+00   2.6987094e-02   1.5876390e+00   0.0000000e+00
   8.9477846e-02  -2.0628712e+00  -1.1852845e+00   3.1077112e-02   1.5884897e+00   0.0000000e+00
   8.5403464e-02  -2.0620272e+00  -1.2046030e+00   3.4115448e-02   1.5891011e+00   0.0000000e+00
   8.2175470e-02  -2.0616254e+00  -1.2196532e+00   3.6343753e-02   1.5895547e+00   0.0000000e+00
   7.9819775e-02  -2.0613476e+00  -1.2345413e+00   3.8452909e-02   1.5900865e+00   0.0000000e+00
   7.8137920e-02  -2.0610702e+00  -1.2641203e+00   4.2385944e-02   1.5914522e+00   0.0000000e+00
   7.8144895e-02  -2.0615300e+00  -1.2947531e+00   4.6028172e-02   1.5930161e+00   0.0000000e+00
   7.8525641e-02  -2.0629444e+00  -1.3238801e+00   4.9036785e-02   1.5944942e+00   0.0000000e+00
   7.8203214e-02  -2.0656412e+00  -1.3533777e+00   5.1579981e-02   1.5958526e+00   0.0000000e+00
   7.5881913e-02  -2.0658712e+00  -1.3522204e+00   5.1413895e-02   1.5955279e+00   0.0000000e+00
   7.0959772e-02  -2.0639754e+00  -1.3221162e+00   4.8626801e-02   1.5935290e+00   0.0000000e+00
   6.3561539e-02  -2.0635739e+00  -1.2883452e+00   4.4839208e-02   1.5910034e+00   0.0000000e+00
   5.3903630e-02  -2.0649224e+00  -1.2520965e+00   4.0031032e-02   1.5880236e+00   0.0000000e+00
   4.3131506e-02  -2.0678216e+00  -1.2166442e+00   3.4607844e-02   1.5848922e+00   0.0000000e+00
   3.1201497e-02  -2.0721446e+00  -1.1813008e+00   2.8497014e-02   1.5815747e+00   0.0000000e+00
   1.9630046e-02  -2.0771073e+00  -1.1500395e+00   2.2499064e-02   1.5784775e+00   0.0000000e+00
   6.7936472e-03  -2.0832296e+00  -1.1182862e+00   1.5821086e-02   1.5751654e+00   0.0000000e+00
  -5.3882545e-03  -2.0894593e+00  -1.0906667e+00   9.5130450e-03   1.5721349e+00   0.0000000e+00
  -1.9320212e-02  -2.0969300e+00  -1.0617393e+00   2.3817579e-03   1.5687944e+00   0.0000000e+00
  -3.2274857e-02  -2.1041172e+00  -1.0370578e+00  -4.1514783e-03   1.5657969e+00   0.0000000e+00
  -4.3373046e-02  -2.1104399e+00  -1.0172583e+00  -9.7031981e-03   1.5632955e+00   0.0000000e+00
  -5.4031765e-02  -2.1166926e+00  -9.9895371e-01  -1.5079318e-02   1.5609264e+00   0.0000000e+00
  -6.4155744e-02  -2.1228896e+00  -9.8157128e-01  -2.0380109e-02   1.5586689e+00   0.0000000e+00
  -7.3859693e-02  -2.1292339e+00  -9.6398742e-01  -2.5894516e-02   1.5564427e+00   0.0000000e+00
  -8.3173294e-02  -2.1359610e+00  -9.4496179e-01  -3.1981205e-02   1.5541683e+00   0.0000000e+00
  -9.2105082e-02  -2.1433944e+00  -9.2297771e-01  -3.9134308e-02   1.5517491e+00   0.0000000e+00
  -1.0066760e-01  -2.1520061e+00  -8.9609334e-01  -4.8071944e-02   1.5490555e+00   0.0000000e+00
  -1.0693010e-01  -2.1597714e+00  -8.7078080e-01  -5.6728202e-02   1.5467138e+00   0.0000000e+00
  -1.1307207e-01  -2.1692973e+00  -8.3884242e-01  -6.8062502e-02   1.5439358e+00   0.0000000e+00
  -1.1915301e-01  -2.1815955e+00  -7.9706797e-01  -8.3717060e-02   1.5404704e+00   0.0000000e+00
  -1.2364306e-01  -2.1930447e+00  -7.5847560e-01  -9.9156528e-02   1.5373291e+00   0.0000000e+00
  -1.2796651e-01  -2.2052952e+00  -7.1830085e-01  -1.1638748e-01   1.5340152e+00   0.0000000e+00
  -1.3340915e-01  -2.2170317e+00  -6.8292909e-01  -1.3283263e-01   1.5308211e+00   0.0000000e+00
  -1.4042490e-01  -2.2179353e+00  -6.8906346e-01  -1.3087917e-01   1.5304093e+00   0.0000000e+00
  -1.4911749e-01  -2.2131183e+00  -7.1906366e-01  -1.1871216e-01   1.5314606e+00   0.0000000e+00
  -1.6134097e-01  -2.2089229e+00  -7.5422452e-01  -1.0573227e-01   1.5323430e+00   0.0000000e+00
  -1.7507260e-01  -2.2076529e+00  -7.8348927e-01  -9.6232187e-02   1.5325594e+00   0.0000000e+00
  -1.9079975e-01  -2.2092119e+00  -8.0826690e-01  -8.9377234e-02   1.5321787e+00   0.0000000e+00
  -2.0779004e-01  -2.2129542e+00  -8.3029525e-01  -8.4258516e-02   1.5314187e+00   0.0000000e+00
  -2.1180588e-01  -2.2079458e+00  -8.6455950e-01  -7.3829767e-02   1.5328883e+00   0.0000000e+00
  -1.9687667e-01  -2.1894752e+00  -9.1874022e-01  -5.5706780e-02   1.5377195e+00   0.0000000e+00
  -1.7624628e-01  -2.1689448e+00  -9.7631935e-01  -3.7740491e-02   1.5433542e+00   0.0000000e+00
  -1.5649341e-01  -2.1520984e+00  -1.0240154e+00  -2.3987060e-02   1.5482925e+00   0.0000000e+00
  -1.3912101e-01  -2.1390773e+00  -1.0614817e+00  -1.3874011e-02   1.5523668e+00   0.0000000e+00
  -1.2289387e-01  -2.1281831e+00  -1.0935783e+00  -5.6924933e-03   1.5560000e+00   0.0000000e+00
  -1.0992055e-01  -2.1202313e+00  -1.1178778e+00   1.8663224e-04   1.5588213e+00   0.0000000e+00
  -9.9019591e-02  -2.1140115e+00  -1.1378659e+00   4.7956104e-03   1.5611609e+00   0.0000000e+00
  -8.8012567e-02  -2.1081875e+00  -1.1571422e+00   9.0736055e-03   1.5634691e+00   0.0000000e+00
  -7.1891584e-02  -2.1006411e+00  -1.1790882e+00   1.4004219e-02   1.5665243e+00   0.0000000e+00
  -4.8039965e-02  -2.0909979e+00  -1.2022643e+00   1.9421941e-02   1.5705684e+00   0.0000000e+00
  -2.7558516e-02  -2.0837747e+00  -1.2177177e+00   2.3121403e-02   1.5738098e+00   0.0000000e+00
  -5.3942647e-03  -2.0769346e+00  -1.2311248e+00   2.6400864e-02   1.5771411e+00   0.0000000e+00
   4.3467888e-03  -2.0742218e+00  -1.2366063e+00   2.7708654e-02   1.5785807e+00   0.0000000e+00
  -1.7211408e-02  -2.0804137e+00  -1.2267118e+00   2.5058647e-02   1.5755037e+00   0.0000000e+00
  -4.2317651e-02  -2.0887615e+00  -1.2114788e+00   2.1185222e-02   1.5717214e+00   0.0000000e+00
  -6.7312640e-02  -2.0983655e+00  -1.1922693e+00   1.6407796e-02   1.5677429e+00   0.0000000e+00
  -9.0180931e-02  -2.1083721e+00  -1.1711267e+00   1.1145904e-02   1.5639168e+00   0.0000000e+00
  -1.1123381e-01  -2.1186626e+00  -1.1493168e+00   5.5783063e-03   1.5602710e+00   0.0000000e+00
  -1.3100078e-01  -2.1291605e+00  -1.1293053e+00   9.5098280e-05   1.5568653e+00   0.0000000e+00
  -1.4743629e-01  -2.1382383e+00  -1.1168433e+00  -3.9668814e-03   1.5542370e+00   0.0000000e+00
  -1.6295890e-01  -2.1469124e+00  -1.1112270e+00  -6.8666757e-03   1.5520546e+00   0.0000000e+00
  -1.7509678e-01  -2.1538070e+00  -1.1111243e+00  -8.4693411e-03   1.5505533e+00   0.0000000e+00
  -1.8654959e-01  -2.1604997e+00  -1.1143605e+00  -9.4888780e-03   1.5492911e+00   0.0000000e+00
  -1.9550641e-01  -2.1659268e+00  -1.1195360e+00  -9.9151643e-03   1.5484224e+00   0.0000000e+00
  -2.0395981e-01  -2.1712819e+00  -1.1272631e+00  -9.9397787e-03   1.5477258e+00   0.0000000e+00
  -2.1056760e-01  -2.1757139e+00  -1.1358389e+00  -9.6462563e-03   1.5472881e+00   0.0000000e+00
  -2.1612790e-01  -2.1797045e+00  -1.1449578e+00  -9.1970470e-03   1.5469963e+00   0.0000000e+00
  -2.2095099e-01  -2.1834247e+00  -1.1536760e+00  -8.7707902e-03   1.5467708e+00   0.0000000e+00
  -2.2543012e-01  -2.1870887e+00  -1.1611449e+00  -8.5305251e-03   1.5465276e+00   0.0000000e+00
  -2.3140609e-01  -2.1921661e+00  -1.1683857e+00  -8.6510928e-03   1.5460800e+00   0.0000000e+00
  -2.3863495e-01  -2.1984052e+00  -1.1727163e+00  -9.4349770e-03   1.5453468e+00   0.0000000e+00
  -2.4793385e-01  -2.2064752e+00  -1.1733126e+00  -1.1123745e-02   1.5441943e+00   0.0000000e+00
  -2.5666406e-01  -2.2141044e+00  -1.1706318e+00  -1.3152095e-02   1.5429792e+00   0.0000000e+00
  -2.6803199e-01  -2.2241675e+00  -1.1640633e+00  -1.6236528e-02   1.5412733e+00   0.0000000e+00
  -2.8098318e-01  -2.2358893e+00  -1.1536386e+00  -2.0221926e-02   1.5392135e+00   0.0000000e+00
  -2.9432050e-01  -2.2483614e+00  -1.1408087e+00  -2.4738460e-02   1.5370108e+00   0.0000000e+00
  -3.0315241e-01  -2.2571464e+00  -1.1338589e+00  -2.7653247e-02   1.5356118e+00   0.0000000e+00
  -2.9540813e-01  -2.2508849e+00  -1.1524539e+00  -2.3712603e-02   1.5373148e+00   0.0000000e+00
  -2.7917571e-01  -2.2379032e+00  -1.1840856e+00  -1.6745588e-02   1.5405929e+00   0.0000000e+00
  -2.6123034e-01  -2.2249545e+00  -1.2180565e+00  -9.8151392e-03   1.5441629e+00   0.0000000e+00
  -2.4307612e-01  -2.2134296e+00  -1.2517893e+00  -3.5490112e-03   1.5477310e+00   0.0000000e+00
  -2.2304597e-01  -2.2025693e+00  -1.2881707e+00   2.5238966e-03   1.5516106e+00   0.0000000e+00
  -2.0175187e-01  -2.1931610e+00  -1.3256828e+00   8.0439734e-03   1.5556582e+00   0.0000000e+00
  -1.7999151e-01  -2.1857471e+00  -1.3623881e+00   1.2728851e-02   1.5596952e+00   0.0000000e+00
  -1.6104179e-01  -2.1799270e+00  -1.3902790e+00   1.6102562e-02   1.5630435e+00   0.0000000e+00
  -1.4385456e-01  -2.1705037e+00  -1.4028367e+00   1.8925876e-02   1.5656707e+00   0.0000000e+00
  -1.2804337e-01  -2.1579662e+00  -1.4031006e+00   2.1457861e-02   1.5677281e+00   0.0000000e+00
  -1.1556700e-01  -2.1476944e+00  -1.4001342e+00   2.3299267e-02   1.5692353e+00   0.0000000e+00
  -1.0501250e-01  -2.1391898e+00  -1.3962818e+00   2.4717725e-02   1.5704527e+00   0.0000000e+00
  -9.6159403e-02  -2.1322732e+00  -1.3922420e+00   2.5799130e-02   1.5714361e+00   0.0000000e+00
  -8.8699595e-02  -2.1265580e+00  -1.3880632e+00   2.6623278e-02   1.5722296e+00   0.0000000e+00
  -7.8955414e-02  -2.1188238e+00  -1.3797026e+00   2.7509533e-02   1.5731480e+00   0.0000000e+00
  -6.9401973e-02  -2.1108603e+00  -1.3668509e+00   2.8039334e-02   1.5738532e+00   0.0000000e+00
  -5.9669215e-02  -2.1028494e+00  -1.3492546e+00   2.8104793e-02   1.5743643e+00   0.0000000e+00
  -4.9673309e-02  -2.0951354e+00  -1.3260341e+00   2.7478482e-02   1.5746336e+00   0.0000000e+00
  -4.1216720e-02  -2.0896591e+00  -1.3055202e+00   2.6527970e-02   1.5747820e+00   0.0000000e+00
  -3.3823826e-02  -2.0882477e+00  -1.3202411e+00   2.8349514e-02   1.5763270e+00   0.0000000e+00
  -2.8154740e-02  -2.0900484e+00  -1.3514681e+00   3.1014962e-02   1.5783461e+00   0.0000000e+00
  -2.3964748e-02  -2.0936408e+00  -1.3809752e+00   3.2910388e-02   1.5800577e+00   0.0000000e+00
  -2.1300830e-02  -2.0990306e+00  -1.4086893e+00   3.4079009e-02   1.5814545e+00   0.0000000e+00
  -2.0441391e-02  -2.1055913e+00  -1.4322883e+00   3.4526466e-02   1.5824214e+00   0.0000000e+00
  -2.1226795e-02  -2.1130673e+00  -1.4523709e+00   3.4421939e-02   1.5830143e+00   0.0000000e+00
  -2.3629026e-02  -2.1214486e+00  -1.4696856e+00   3.3869645e-02   1.5832732e+00   0.0000000e+00
  -2.7807210e-02  -2.1307908e+00  -1.4845637e+00   3.2915598e-02   1.5831963e+00   0.0000000e+00
  -3.3004128e-02  -2.1395437e+00  -1.4952870e+00   3.1798749e-02   1.5828395e+00   0.0000000e+00
  -4.0004416e-02  -2.1490520e+00  -1.5040175e+00   3.0403284e-02   1.5821747e+00   0.0000000e+00
  -4.7493410e-02  -2.1575828e+00  -1.5095412e+00   2.9020380e-02   1.5813459e+00   0.0000000e+00
  -5.4950774e-02  -2.1649971e+00  -1.5126715e+00   2.7731125e-02   1.5804508e+00   0.0000000e+00
  -6.4087483e-02  -2.1730717e+00  -1.5143629e+00   2.6242450e-02   1.5792935e+00   0.0000000e+00
  -7.2656447e-02  -2.1799609e+00  -1.5144639e+00   2.4908702e-02   1.5781669e+00   0.0000000e+00
  -8.2786649e-02  -2.1877849e+00  -1.5135338e+00   2.3345960e-02   1.5768036e+00   0.0000000e+00
  -8.8376279e-02  -2.1931471e+00  -1.5138833e+00   2.2322942e-02   1.5760617e+00   0.0000000e+00
  -8.7224422e-02  -2.1955876e+00  -1.5176640e+00   2.2026456e-02   1.5762815e+00   0.0000000e+00
  -8.1211843e-02  -2.1965042e+00  -1.5244426e+00   2.2156650e-02   1.5772008e+00   0.0000000e+00
  -7.3249100e-02  -2.1974772e+00  -1.5327401e+00   2.2331513e-02   1.5783979e+00   0.0000000e+00
  -6.5206230e-02  -2.1993754e+00  -1.5415020e+00   2.2332357e-02   1.5796000e+00   0.0000000e+00
  -5.6820505e-02  -2.2029529e+00  -1.5514599e+00   2.2040203e-02   1.5808464e+00   0.0000000e+00
  -4.8858734e-02  -2.2084840e+00  -1.5619530e+00   2.1371515e-02   1.5820170e+00   0.0000000e+00
  -4.1519920e-02  -2.2162002e+00  -1.5727418e+00   2.0271579e-02   1.5830729e+00   0.0000000e+00
  -3.4908134e-02  -2.2261400e+00  -1.5834802e+00   1.8722090e-02   1.5839869e+00   0.0000000e+00
  -2.8910371e-02  -2.2360695e+00  -1.5927530e+00   1.7109505e-02   1.5847723e+00   0.0000000e+00
  -2.3961903e-02  -2.2316463e+00  -1.5931959e+00   1.7959387e-02   1.5854585e+00   0.0000000e+00
  -1.9276262e-02  -2.2166833e+00  -1.5869650e+00   2.0617513e-02   1.5861227e+00   0.0000000e+00
  -1.3968305e-02  -2.1987874e+00  -1.5775091e+00   2.3727305e-02   1.5868040e+00   0.0000000e+00
  -8.2620692e-03  -2.1816940e+00  -1.5666581e+00   2.6620519e-02   1.5874517e+00   0.0000000e+00
  -1.1271918e-03  -2.1640830e+00  -1.5535408e+00   2.9503303e-02   1.5881785e+00   0.0000000e+00
   6.5200020e-03  -2.1487727e+00  -1.5403209e+00   3.1903987e-02   1.5888940e+00   0.0000000e+00
   1.6056752e-02  -2.1331326e+00  -1.5246491e+00   3.4216298e-02   1.5897228e+00   0.0000000e+00
   2.5126122e-02  -2.1206932e+00  -1.5101586e+00   3.5913186e-02   1.5904572e+00   0.0000000e+00
   3.3811669e-02  -2.1103413e+00  -1.4962565e+00   3.7187387e-02   1.5911115e+00   0.0000000e+00
   4.1933238e-02  -2.1015651e+00  -1.4826112e+00   3.8122872e-02   1.5916649e+00   0.0000000e+00
   4.7843430e-02  -2.0951824e+00  -1.4709470e+00   3.8666951e-02   1.5919864e+00   0.0000000e+00
   5.0917981e-02  -2.0905302e+00  -1.4603835e+00   3.8907841e-02   1.5919867e+00   0.0000000e+00
   5.0240186e-02  -2.0878289e+00  -1.4517814e+00   3.8867344e-02   1.5915969e+00   0.0000000e+00
   4.6310178e-02  -2.0860127e+00  -1.4427125e+00   3.8599018e-02   1.5907942e+00   0.0000000e+00
   3.6888965e-02  -2.0842885e+00  -1.4278479e+00   3.7865338e-02   1.5891068e+00   0.0000000e+00
   1.9338808e-02  -2.0831744e+00  -1.4026748e+00   3.6136665e-02   1.5860167e+00   0.0000000e+00
   3.9455943e-03  -2.0835557e+00  -1.3809429e+00   3.4247615e-02   1.5832836e+00   0.0000000e+00
  -1.3290607e-02  -2.0852099e+00  -1.3562650e+00   3.1709680e-02   1.5801743e+00   0.0000000e+00
  -2.4377464e-02  -2.0860898e+00  -1.3334745e+00   2.9363588e-02   1.5778614e+00   0.0000000e+00
  -1.2225478e-02  -2.0809390e+00  -1.3244145e+00   2.9541747e-02   1.5789424e+00   0.0000000e+00
   8.6447820e-03  -2.0753126e+00  -1.3324094e+00   3.1520122e-02   1.5818116e+00   0.0000000e+00
   3.2244613e-02  -2.0714208e+00  -1.3539470e+00   3.4411144e-02   1.5855839e+00   0.0000000e+00
   5.4941947e-02  -2.0690846e+00  -1.3744810e+00   3.6772122e-02   1.5891695e+00   0.0000000e+00
   7.7506333e-02  -2.0677151e+00  -1.3918853e+00   3.8565099e-02   1.5925680e+00   0.0000000e+00
   9.7610987e-02  -2.0671758e+00  -1.4047857e+00   3.9748637e-02   1.5954543e+00   0.0000000e+00
   1.1658044e-01  -2.0672200e+00  -1.4149306e+00   4.0555413e-02   1.5980651e+00   0.0000000e+00
   1.3460884e-01  -2.0677847e+00  -1.4230904e+00   4.1078629e-02   1.6004591e+00   0.0000000e+00
   1.4941974e-01  -2.0687036e+00  -1.4291112e+00   4.1352495e-02   1.6023781e+00   0.0000000e+00
   1.6367255e-01  -2.0701077e+00  -1.4348593e+00   4.1499105e-02   1.6042051e+00   0.0000000e+00
   1.7513703e-01  -2.0717584e+00  -1.4399728e+00   4.1541669e-02   1.6056808e+00   0.0000000e+00
   1.8616382e-01  -2.0739780e+00  -1.4458837e+00   4.1520245e-02   1.6071271e+00   0.0000000e+00
   1.9673758e-01  -2.0769482e+00  -1.4531303e+00   4.1432596e-02   1.6085626e+00   0.0000000e+00
   2.0499944e-01  -2.0801033e+00  -1.4604358e+00   4.1299495e-02   1.6097361e+00   0.0000000e+00
   2.1316147e-01  -2.0842821e+00  -1.4696991e+00   4.1077193e-02   1.6109593e+00   0.0000000e+00
   2.1980189e-01  -2.0887721e+00  -1.4791604e+00   4.0785408e-02   1.6120111e+00   0.0000000e+00
   2.2579646e-01  -2.0937493e+00  -1.4889564e+00   4.0396379e-02   1.6129895e+00   0.0000000e+00
   2.3188387e-01  -2.0990762e+00  -1.4983736e+00   3.9894302e-02   1.6139461e+00   0.0000000e+00
   2.3912657e-01  -2.1038743e+00  -1.5051197e+00   3.9328207e-02   1.6149165e+00   0.0000000e+00
   2.4742514e-01  -2.1055748e+00  -1.5044231e+00   3.8953826e-02   1.6157430e+00   0.0000000e+00
   2.5768800e-01  -2.1045785e+00  -1.4965871e+00   3.8706625e-02   1.6165253e+00   0.0000000e+00
   2.6994596e-01  -2.1031610e+00  -1.4854427e+00   3.8331367e-02   1.6173729e+00   0.0000000e+00
   2.8401412e-01  -2.1025206e+00  -1.4730278e+00   3.7694113e-02   1.6183212e+00   0.0000000e+00
   3.0100663e-01  -2.1030592e+00  -1.4586342e+00   3.6656650e-02   1.6194378e+00   0.0000000e+00
   3.1648877e-01  -2.1040546e+00  -1.4442578e+00   3.5482328e-02   1.6203591e+00   0.0000000e+00
   3.0906123e-01  -2.0995636e+00  -1.4398824e+00   3.6077673e-02   1.6194810e+00   0.0000000e+00
   2.8851954e-01  -2.0925160e+00  -1.4409627e+00   3.7571169e-02   1.6175337e+00   0.0000000e+00
   2.6529938e-01  -2.0859965e+00  -1.4422093e+00   3.8971824e-02   1.6152693e+00   0.0000000e+00
   2.4168740e-01  -2.0806615e+00  -1.4428679e+00   4.0093297e-02   1.6128777e+00   0.0000000e+00
   2.1746188e-01  -2.0763948e+00  -1.4425965e+00   4.0933800e-02   1.6103232e+00   0.0000000e+00
   1.9370733e-01  -2.0732826e+00  -1.4411294e+00   4.1455582e-02   1.6077133e+00   0.0000000e+00
   1.6986073e-01  -2.0711331e+00  -1.4382051e+00   4.1676207e-02   1.6049823e+00   0.0000000e+00
   1.4879992e-01  -2.0699913e+00  -1.4342286e+00   4.1613097e-02   1.6024735e+00   0.0000000e+00
   1.2963644e-01  -2.0695526e+00  -1.4294017e+00   4.1339775e-02   1.6001111e+00   0.0000000e+00
   1.1421387e-01  -2.0696522e+00  -1.4248222e+00   4.0970884e-02   1.5981617e+00   0.0000000e+00
   1.0097933e-01  -2.0702018e+00  -1.4210237e+00   4.0566390e-02   1.5964809e+00   0.0000000e+00
   9.0176865e-02  -2.0712922e+00  -1.4194907e+00   4.0225792e-02   1.5951643e+00   0.0000000e+00
   7.5634912e-02  -2.0740630e+00  -1.4213268e+00   3.9805100e-02   1.5935374e+00   0.0000000e+00
   6.0248120e-02  -2.0778630e+00  -1.4245785e+00   3.9283534e-02   1.5918517e+00   0.0000000e+00
   4.3455229e-02  -2.0823378e+00  -1.4266884e+00   3.8537128e-02   1.5899360e+00   0.0000000e+00
   2.2207576e-02  -2.0871284e+00  -1.4223145e+00   3.7238348e-02   1.5872169e+00   0.0000000e+00
   2.2652471e-03  -2.0898170e+00  -1.4073636e+00   3.5535517e-02   1.5842277e+00   0.0000000e+00
  -5.3398079e-03  -2.0884988e+00  -1.3897715e+00   3.4375088e-02   1.5826143e+00   0.0000000e+00
   1.1468793e-02  -2.0807788e+00  -1.3781081e+00   3.4962579e-02   1.5841774e+00   0.0000000e+00
   3.1884838e-02  -2.0729315e+00  -1.3641979e+00   3.5338935e-02   1.5860396e+00   0.0000000e+00
   5.1395530e-02  -2.0663161e+00  -1.3464989e+00   3.5050205e-02   1.5875780e+00   0.0000000e+00
   6.8636123e-02  -2.0613337e+00  -1.3261514e+00   3.4070902e-02   1.5886731e+00   0.0000000e+00
   8.2449106e-02  -2.0580883e+00  -1.3055929e+00   3.2593366e-02   1.5893060e+00   0.0000000e+00
   9.5371312e-02  -2.0558590e+00  -1.2816051e+00   3.0392785e-02   1.5896193e+00   0.0000000e+00
   1.0571370e-01  -2.0548633e+00  -1.2577069e+00   2.7777065e-02   1.5895895e+00   0.0000000e+00
   1.1397920e-01  -2.0548008e+00  -1.2343631e+00   2.4865476e-02   1.5893070e+00   0.0000000e+00
   1.2089011e-01  -2.0554537e+00  -1.2112062e+00   2.1660373e-02   1.5888414e+00   0.0000000e+00
   1.2702479e-01  -2.0566952e+00  -1.1880877e+00   1.8165946e-02   1.5882539e+00   0.0000000e+00
   1.3197209e-01  -2.0580970e+00  -1.1690308e+00   1.5073879e-02   1.5877312e+00   0.0000000e+00
   1.3726663e-01  -2.0597775e+00  -1.1502108e+00   1.1837560e-02   1.5872383e+00   0.0000000e+00
   1.4355310e-01  -2.0617246e+00  -1.1314521e+00   8.4322201e-03   1.5868373e+00   0.0000000e+00
   1.5147548e-01  -2.0639182e+00  -1.1129297e+00   4.8890382e-03   1.5866096e+00   0.0000000e+00
   1.5960295e-01  -2.0658952e+00  -1.0981256e+00   1.9184087e-03   1.5866089e+00   0.0000000e+00
   1.7021347e-01  -2.0682064e+00  -1.0828547e+00  -1.2923764e-03   1.5868351e+00   0.0000000e+00
   1.8109286e-01  -2.0704277e+00  -1.0700728e+00  -4.1137165e-03   1.5872260e+00   0.0000000e+00
   1.9579817e-01  -2.0735045e+00  -1.0547951e+00  -7.6671600e-03   1.5878523e+00   0.0000000e+00
   2.0873474e-01  -2.0766926e+00  -1.0405718e+00  -1.1133728e-02   1.5883230e+00   0.0000000e+00
   2.1898545e-01  -2.0805455e+00  -1.0231597e+00  -1.5473410e-02   1.5882596e+00   0.0000000e+00
   2.1801170e-01  -2.0839343e+00  -1.0043344e+00  -2.0112149e-02   1.5868624e+00   0.0000000e+00
   2.0842132e-01  -2.0875539e+00  -9.8205128e-01  -2.5697379e-02   1.5842715e+00   0.0000000e+00
   1.9509446e-01  -2.0935392e+00  -9.4952505e-01  -3.4415617e-02   1.5805150e+00   0.0000000e+00
   1.8199691e-01  -2.1020387e+00  -9.0919619e-01  -4.6179657e-02   1.5761556e+00   0.0000000e+00
   1.7012634e-01  -2.1124373e+00  -8.6474027e-01  -6.0352202e-02   1.5715336e+00   0.0000000e+00
   1.5890993e-01  -2.1188890e+00  -8.3888269e-01  -6.9187385e-02   1.5683137e+00   0.0000000e+00
   1.4754402e-01  -2.1097742e+00  -8.7579079e-01  -5.6713079e-02   1.5698081e+00   0.0000000e+00
   1.3620007e-01  -2.0968632e+00  -9.3225926e-01  -3.9274701e-02   1.5725787e+00   0.0000000e+00
   1.2582685e-01  -2.0856204e+00  -9.8740164e-01  -2.4058769e-02   1.5751573e+00   0.0000000e+00
   1.1619884e-01  -2.0761719e+00  -1.0409086e+00  -1.0910698e-02   1.5775274e+00   0.0000000e+00
   1.0782254e-01  -2.0690890e+00  -1.0889006e+00  -4.1641727e-04   1.5795376e+00   0.0000000e+00
   1.0089628e-01  -2.0643397e+00  -1.1288315e+00   7.4020297e-03   1.5811131e+00   0.0000000e+00
   9.5375006e-02  -2.0614723e+00  -1.1598068e+00   1.2899155e-02   1.5822548e+00   0.0000000e+00
   9.0074455e-02  -2.0596045e+00  -1.1875177e+00   1.7390832e-02   1.5831870e+00   0.0000000e+00
   8.6001194e-02  -2.0587528e+00  -1.2067910e+00   2.0270703e-02   1.5837637e+00   0.0000000e+00
   8.2774995e-02  -2.0583459e+00  -1.2217976e+00   2.2376705e-02   1.5841905e+00   0.0000000e+00
   8.0419745e-02  -2.0580631e+00  -1.2366503e+00   2.4367633e-02   1.5846966e+00   0.0000000e+00
   7.8742505e-02  -2.0577757e+00  -1.2661811e+00   2.8072990e-02   1.5860141e+00   0.0000000e+00
   7.8757074e-02  -2.0582284e+00  -1.2967717e+00   3.1486679e-02   1.5875307e+00   0.0000000e+00
   7.9142132e-02  -2.0596343e+00  -1.3257567e+00   3.4275169e-02   1.5889607e+00   0.0000000e+00
   7.8831503e-02  -2.0623018e+00  -1.3549560e+00   3.6594701e-02   1.5902668e+00   0.0000000e+00
   7.6523396e-02  -2.0625626e+00  -1.3540901e+00   3.6458669e-02   1.5899586e+00   0.0000000e+00
   7.1616732e-02  -2.0606729e+00  -1.3241613e+00   3.3896888e-02   1.5880114e+00   0.0000000e+00
   6.4231808e-02  -2.0602726e+00  -1.2905284e+00   3.0369682e-02   1.5855437e+00   0.0000000e+00
   5.4557401e-02  -2.0616287e+00  -1.2543218e+00   2.5840448e-02   1.5826207e+00   0.0000000e+00
   4.3771864e-02  -2.0645406e+00  -1.2189368e+00   2.0703823e-02   1.5795493e+00   0.0000000e+00
   3.1826348e-02  -2.0688808e+00  -1.1836594e+00   1.4889402e-02   1.5762944e+00   0.0000000e+00
   2.0239351e-02  -2.0738623e+00  -1.1524544e+00   9.1625368e-03   1.5732548e+00   0.0000000e+00
   7.3851234e-03  -2.0800073e+00  -1.1207549e+00   2.7685979e-03   1.5700031e+00   0.0000000e+00
  -4.8142179e-03  -2.0862598e+00  -1.0931795e+00  -3.2850353e-03   1.5670269e+00   0.0000000e+00
  -1.8766930e-02  -2.0937579e+00  -1.0642945e+00  -1.0142348e-02   1.5637449e+00   0.0000000e+00
  -3.1740963e-02  -2.1009712e+00  -1.0396472e+00  -1.6435189e-02   1.5607988e+00   0.0000000e+00
  -4.2844732e-02  -2.1073105e+00  -1.0198924e+00  -2.1784254e-02   1.5583422e+00   0.0000000e+00
  -5.3506904e-02  -2.1135786e+00  -1.0016297e+00  -2.6968405e-02   1.5560157e+00   0.0000000e+00
  -6.3634993e-02  -2.1197913e+00  -9.8428353e-01  -3.2084261e-02   1.5537991e+00   0.0000000e+00
  -7.3343356e-02  -2.1261521e+00  -9.6673409e-01  -3.7409271e-02   1.5516146e+00   0.0000000e+00
  -8.2661857e-02  -2.1328972e+00  -9.4774414e-01  -4.3288940e-02   1.5493859e+00   0.0000000e+00
  -9.1599388e-02  -2.1403514e+00  -9.2580032e-01  -5.0200373e-02   1.5470196e+00   0.0000000e+00
  -1.0016901e-01  -2.1489884e+00  -8.9896429e-01  -5.8838438e-02   1.5443914e+00   0.0000000e+00
  -1.0643832e-01  -2.1567778e+00  -8.7369588e-01  -6.7207865e-02   1.5421121e+00   0.0000000e+00
  -1.1258913e-01  -2.1663357e+00  -8.4181003e-01  -7.8172734e-02   1.5394144e+00   0.0000000e+00
  -1.1868213e-01  -2.1786794e+00  -8.0009663e-01  -9.3329934e-02   1.5360570e+00   0.0000000e+00
  -1.2314692e-01  -2.1900734e+00  -7.6189053e-01  -1.0815789e-01   1.5330456e+00   0.0000000e+00
  -1.2747626e-01  -2.2023581e+00  -7.2180886e-01  -1.2484138e-01   1.5298488e+00   0.0000000e+00
  -1.3292290e-01  -2.2142036e+00  -6.8624959e-01  -1.4089723e-01   1.5267450e+00   0.0000000e+00
  -1.3996742e-01  -2.2151736e+00  -6.9216312e-01  -1.3911125e-01   1.5263007e+00   0.0000000e+00
  -1.4864677e-01  -2.2103272e+00  -7.2209849e-01  -1.2733126e-01   1.5272705e+00   0.0000000e+00
  -1.6085201e-01  -2.2060984e+00  -7.5718912e-01  -1.1477604e-01   1.5280644e+00   0.0000000e+00
  -1.7457293e-01  -2.2048057e+00  -7.8639800e-01  -1.0560411e-01   1.5282131e+00   0.0000000e+00
  -1.9029309e-01  -2.2063527e+00  -8.1111909e-01  -9.9009014e-02   1.5277800e+00   0.0000000e+00
  -2.0725432e-01  -2.2100914e+00  -8.3302447e-01  -9.4124071e-02   1.5269768e+00   0.0000000e+00
  -2.1138599e-01  -2.2051667e+00  -8.6702260e-01  -8.4136852e-02   1.5283450e+00   0.0000000e+00
  -1.9649290e-01  -2.1866719e+00  -9.2108374e-01  -6.6612897e-02   1.5330425e+00   0.0000000e+00
  -1.7592052e-01  -2.1661427e+00  -9.7840785e-01  -4.9289023e-02   1.5385309e+00   0.0000000e+00
  -1.5613839e-01  -2.1492234e+00  -1.0260950e+00  -3.5986647e-02   1.5433723e+00   0.0000000e+00
  -1.3872786e-01  -2.1361389e+00  -1.0635705e+00  -2.6213526e-02   1.5473756e+00   0.0000000e+00
  -1.2247550e-01  -2.1252002e+00  -1.0956453e+00  -1.8323549e-02   1.5509473e+00   0.0000000e+00
  -1.0948970e-01  -2.1172209e+00  -1.1199068e+00  -1.2665045e-02   1.5537213e+00   0.0000000e+00
  -9.8596217e-02  -2.1109893e+00  -1.1398265e+00  -8.2417497e-03   1.5560190e+00   0.0000000e+00
  -8.7546846e-02  -2.1051265e+00  -1.1591416e+00  -4.1185549e-03   1.5582986e+00   0.0000000e+00
  -7.1609720e-02  -2.0976398e+00  -1.1808631e+00   5.7428647e-04   1.5612796e+00   0.0000000e+00
  -4.8510585e-02  -2.0882429e+00  -1.2034368e+00   5.6527438e-03   1.5651594e+00   0.0000000e+00
  -2.8678529e-02  -2.0811759e+00  -1.2185780e+00   9.1418753e-03   1.5682780e+00   0.0000000e+00
  -6.2241382e-03  -2.0741623e+00  -1.2323519e+00   1.2385352e-02   1.5716361e+00   0.0000000e+00
   5.3837760e-03  -2.0709147e+00  -1.2387395e+00   1.3870428e-02   1.5733318e+00   0.0000000e+00
  -1.4601882e-02  -2.0766189e+00  -1.2297673e+00   1.1535241e-02   1.5705087e+00   0.0000000e+00
  -4.1762187e-02  -2.0856141e+00  -1.2134919e+00   7.5345136e-03   1.5664607e+00   0.0000000e+00
  -6.7740087e-02  -2.0956440e+00  -1.1934857e+00   2.7353250e-03   1.5623632e+00   0.0000000e+00
  -9.0526553e-02  -2.1056835e+00  -1.1723344e+00  -2.3451233e-03   1.5585882e+00   0.0000000e+00
  -1.1154818e-01  -2.1160201e+00  -1.1505533e+00  -7.7212282e-03   1.5549911e+00   0.0000000e+00
  -1.3128915e-01  -2.1265503e+00  -1.1307347e+00  -1.2995743e-02   1.5516392e+00   0.0000000e+00
  -1.4764797e-01  -2.1356085e+00  -1.1186297e+00  -1.6871264e-02   1.5490659e+00   0.0000000e+00
  -1.6309002e-01  -2.1442552e+00  -1.1133321e+00  -1.9640828e-02   1.5469260e+00   0.0000000e+00
  -1.7528347e-01  -2.1512010e+00  -1.1134116e+00  -2.1201142e-02   1.5454335e+00   0.0000000e+00
  -1.8655595e-01  -2.1578100e+00  -1.1167620e+00  -2.2185516e-02   1.5442004e+00   0.0000000e+00
  -1.9558367e-01  -2.1633014e+00  -1.1221178e+00  -2.2620365e-02   1.5433284e+00   0.0000000e+00
  -2.0413619e-01  -2.1687492e+00  -1.1301520e+00  -2.2662499e-02   1.5426263e+00   0.0000000e+00
  -2.1084414e-01  -2.1732870e+00  -1.1391116e+00  -2.2390018e-02   1.5421837e+00   0.0000000e+00
  -2.1697997e-01  -2.1777616e+00  -1.1494459e+00  -2.1938509e-02   1.5418610e+00   0.0000000e+00
  -2.2251200e-01  -2.1821359e+00  -1.1592948e+00  -2.1563076e-02   1.5415829e+00   0.0000000e+00
  -2.2821854e-01  -2.1869201e+00  -1.1675495e+00  -2.1515151e-02   1.5412083e+00   0.0000000e+00
  -2.3484823e-01  -2.1926242e+00  -1.1731998e+00  -2.2021090e-02   1.5406055e+00   0.0000000e+00
  -2.4319938e-01  -2.1998653e+00  -1.1754738e+00  -2.3295519e-02   1.5396471e+00   0.0000000e+00
  -2.5107985e-01  -2.2067324e+00  -1.1743710e+00  -2.4915453e-02   1.5386123e+00   0.0000000e+00
  -2.6069830e-01  -2.2151872e+00  -1.1702263e+00  -2.7261394e-02   1.5372395e+00   0.0000000e+00
  -2.7356886e-01  -2.2266960e+00  -1.1613921e+00  -3.0869171e-02   1.5352762e+00   0.0000000e+00
  -2.8562714e-01  -2.2377611e+00  -1.1507450e+00  -3.4638091e-02   1.5333475e+00   0.0000000e+00
  -2.9873306e-01  -2.2502448e+00  -1.1379165e+00  -3.9037462e-02   1.5312047e+00   0.0000000e+00
  -3.0182781e-01  -2.2537773e+00  -1.1392955e+00  -3.9624666e-02   1.5308624e+00   0.0000000e+00
  -2.9014663e-01  -2.2440886e+00  -1.1637280e+00  -3.4386351e-02   1.5332475e+00   0.0000000e+00
  -2.7366460e-01  -2.2312412e+00  -1.1953650e+00  -2.7809892e-02   1.5364983e+00   0.0000000e+00
  -2.5464444e-01  -2.2179999e+00  -1.2310613e+00  -2.1009898e-02   1.5402045e+00   0.0000000e+00
  -2.3583662e-01  -2.2066230e+00  -1.2656599e+00  -1.5067565e-02   1.5438247e+00   0.0000000e+00
  -2.1489049e-01  -2.1959749e+00  -1.3032194e+00  -9.3348304e-03   1.5477952e+00   0.0000000e+00
  -1.9443163e-01  -2.1876286e+00  -1.3387138e+00  -4.6037496e-03   1.5516004e+00   0.0000000e+00
  -1.7377672e-01  -2.1810696e+00  -1.3727211e+00  -6.5580119e-04   1.5553450e+00   0.0000000e+00
  -1.5515746e-01  -2.1746514e+00  -1.3972037e+00   2.3488726e-03   1.5585012e+00   0.0000000e+00
  -1.3896948e-01  -2.1642078e+00  -1.4048492e+00   4.9249268e-03   1.5608267e+00   0.0000000e+00
  -1.2343797e-01  -2.1515665e+00  -1.4036301e+00   7.3388175e-03   1.5627866e+00   0.0000000e+00
  -1.1075185e-01  -2.1411670e+00  -1.4000243e+00   9.1491951e-03   1.5642894e+00   0.0000000e+00
  -1.0020899e-01  -2.1327680e+00  -1.3957739e+00   1.0516517e-02   1.5654844e+00   0.0000000e+00
  -9.2888536e-02  -2.1271083e+00  -1.3922045e+00   1.1385386e-02   1.5662857e+00   0.0000000e+00
  -8.3708360e-02  -2.1200149e+00  -1.3862205e+00   1.2358524e-02   1.5672284e+00   0.0000000e+00
  -7.6018290e-02  -2.1137638e+00  -1.3783804e+00   1.3012387e-02   1.5679066e+00   0.0000000e+00
  -6.7280556e-02  -2.1064543e+00  -1.3658421e+00   1.3487287e-02   1.5685259e+00   0.0000000e+00
  -5.7982495e-02  -2.0988383e+00  -1.3485011e+00   1.3575958e-02   1.5690034e+00   0.0000000e+00
  -4.9300736e-02  -2.0921581e+00  -1.3281936e+00   1.3126581e-02   1.5692502e+00   0.0000000e+00
  -4.0903497e-02  -2.0866601e+00  -1.3075844e+00   1.2297683e-02   1.5694107e+00   0.0000000e+00
  -3.3588806e-02  -2.0850705e+00  -1.3202449e+00   1.3852934e-02   1.5708380e+00   0.0000000e+00
  -2.7484205e-02  -2.0869390e+00  -1.3534825e+00   1.6484642e-02   1.5729544e+00   0.0000000e+00
  -2.3072927e-02  -2.0908739e+00  -1.3848697e+00   1.8268612e-02   1.5747296e+00   0.0000000e+00
  -2.0626894e-02  -2.0961220e+00  -1.4111083e+00   1.9178234e-02   1.5760109e+00   0.0000000e+00
  -1.9836340e-02  -2.1026404e+00  -1.4342122e+00   1.9463280e-02   1.5769268e+00   0.0000000e+00
  -2.0670706e-02  -2.1101548e+00  -1.4541549e+00   1.9234527e-02   1.5774900e+00   0.0000000e+00
  -2.3136979e-02  -2.1186044e+00  -1.4713904e+00   1.8578632e-02   1.5777239e+00   0.0000000e+00
  -2.7372092e-02  -2.1279644e+00  -1.4860921e+00   1.7545711e-02   1.5776241e+00   0.0000000e+00
  -3.2634616e-02  -2.1367522e+00  -1.4966956e+00   1.6375425e-02   1.5772499e+00   0.0000000e+00
  -3.9728243e-02  -2.1463181e+00  -1.5053177e+00   1.4938220e-02   1.5765677e+00   0.0000000e+00
  -4.7403951e-02  -2.1549967e+00  -1.5107858e+00   1.3516001e-02   1.5757138e+00   0.0000000e+00
  -5.5012337e-02  -2.1624973e+00  -1.5138071e+00   1.2208484e-02   1.5747987e+00   0.0000000e+00
  -6.4384026e-02  -2.1707082e+00  -1.5153559e+00   1.0701458e-02   1.5736117e+00   0.0000000e+00
  -7.2925291e-02  -2.1775307e+00  -1.5153270e+00   9.3949525e-03   1.5724911e+00   0.0000000e+00
  -8.2296485e-02  -2.1847777e+00  -1.5144281e+00   7.9725562e-03   1.5712358e+00   0.0000000e+00
  -8.7958782e-02  -2.1904315e+00  -1.5150027e+00   6.9169462e-03   1.5704922e+00   0.0000000e+00
  -8.6009800e-02  -2.1926741e+00  -1.5193355e+00   6.6648873e-03   1.5708253e+00   0.0000000e+00
  -7.9622918e-02  -2.1935079e+00  -1.5263300e+00   6.7805544e-03   1.5717906e+00   0.0000000e+00
  -7.1406504e-02  -2.1945959e+00  -1.5348825e+00   6.8950089e-03   1.5730155e+00   0.0000000e+00
  -6.3006414e-02  -2.1968102e+00  -1.5441218e+00   6.8041722e-03   1.5742613e+00   0.0000000e+00
  -5.3496506e-02  -2.2014657e+00  -1.5556757e+00   6.3080640e-03   1.5756625e+00   0.0000000e+00
  -4.5475913e-02  -2.2079517e+00  -1.5666161e+00   5.4202639e-03   1.5768277e+00   0.0000000e+00
  -3.8419769e-02  -2.2164632e+00  -1.5773548e+00   4.1211871e-03   1.5778261e+00   0.0000000e+00
  -3.1886371e-02  -2.2273666e+00  -1.5881531e+00   2.3518675e-03   1.5787074e+00   0.0000000e+00
  -2.5033705e-02  -2.2321877e+00  -1.5948161e+00   1.6038643e-03   1.5796139e+00   0.0000000e+00
  -2.0251106e-02  -2.2190142e+00  -1.5900619e+00   3.9541856e-03   1.5802940e+00   0.0000000e+00
  -1.5325289e-02  -2.2021978e+00  -1.5818529e+00   6.8991128e-03   1.5809476e+00   0.0000000e+00
  -9.9870444e-03  -2.1852473e+00  -1.5718306e+00   9.8088491e-03   1.5815793e+00   0.0000000e+00
  -3.5491535e-03  -2.1679813e+00  -1.5598078e+00   1.2697868e-02   1.5822616e+00   0.0000000e+00
   3.8620893e-03  -2.1518110e+00  -1.5467271e+00   1.5314486e-02   1.5829801e+00   0.0000000e+00
   1.1901068e-02  -2.1374146e+00  -1.5333166e+00   1.7546031e-02   1.5837065e+00   0.0000000e+00
   2.1061893e-02  -2.1237037e+00  -1.5185819e+00   1.9551268e-02   1.5844820e+00   0.0000000e+00
   2.9977489e-02  -2.1123093e+00  -1.5044315e+00   2.1091855e-02   1.5851884e+00   0.0000000e+00
   3.8455985e-02  -2.1027321e+00  -1.4907119e+00   2.2258957e-02   1.5858106e+00   0.0000000e+00
   4.6009662e-02  -2.0947176e+00  -1.4773034e+00   2.3097013e-02   1.5862953e+00   0.0000000e+00
   5.0256060e-02  -2.0897263e+00  -1.4673223e+00   2.3503715e-02   1.5864719e+00   0.0000000e+00
   5.1663994e-02  -2.0860775e+00  -1.4579744e+00   2.3662281e-02   1.5863184e+00   0.0000000e+00
   4.9143606e-02  -2.0836000e+00  -1.4483442e+00   2.3551805e-02   1.5856773e+00   0.0000000e+00
   3.9773170e-02  -2.0814168e+00  -1.4325236e+00   2.2950178e-02   1.5839827e+00   0.0000000e+00
   2.9016771e-02  -2.0803403e+00  -1.4169017e+00   2.2084053e-02   1.5821097e+00   0.0000000e+00
   1.5599100e-02  -2.0799972e+00  -1.3979159e+00   2.0760464e-02   1.5797678e+00   0.0000000e+00
  -6.2276415e-04  -2.0807775e+00  -1.3751002e+00   1.8814841e-02   1.5769108e+00   0.0000000e+00
  -1.9423349e-02  -2.0829192e+00  -1.3471062e+00   1.6012365e-02   1.5734994e+00   0.0000000e+00
  -2.0355715e-02  -2.0810330e+00  -1.3287484e+00   1.4741644e-02   1.5726226e+00   0.0000000e+00
  -6.7326199e-04  -2.0745185e+00  -1.3280285e+00   1.6018637e-02   1.5749672e+00   0.0000000e+00
   2.2781788e-02  -2.0696888e+00  -1.3458773e+00   1.8647903e-02   1.5785437e+00   0.0000000e+00
   4.5386246e-02  -2.0668235e+00  -1.3671305e+00   2.1081037e-02   1.5821349e+00   0.0000000e+00
   6.5503202e-02  -2.0651901e+00  -1.3840139e+00   2.2802978e-02   1.5852165e+00   0.0000000e+00
   8.6686118e-02  -2.0642159e+00  -1.3990921e+00   2.4183893e-02   1.5883189e+00   0.0000000e+00
   1.0629664e-01  -2.0639270e+00  -1.4107128e+00   2.5117682e-02   1.5910668e+00   0.0000000e+00
   1.2484380e-01  -2.0641861e+00  -1.4199038e+00   2.5735507e-02   1.5935668e+00   0.0000000e+00
   1.4249298e-01  -2.0649659e+00  -1.4274303e+00   2.6112858e-02   1.5958724e+00   0.0000000e+00
   1.5708623e-01  -2.0661085e+00  -1.4332386e+00   2.6286833e-02   1.5977433e+00   0.0000000e+00
   1.7098690e-01  -2.0677877e+00  -1.4390593e+00   2.6346695e-02   1.5995195e+00   0.0000000e+00
   1.8226333e-01  -2.0697610e+00  -1.4445866e+00   2.6320805e-02   1.6009786e+00   0.0000000e+00
   1.9311158e-01  -2.0724163e+00  -1.4512444e+00   2.6224888e-02   1.6024210e+00   0.0000000e+00
   2.0151070e-01  -2.0752041e+00  -1.4578202e+00   2.6087332e-02   1.6035812e+00   0.0000000e+00
   2.0975257e-01  -2.0788416e+00  -1.4660365e+00   2.5871015e-02   1.6047739e+00   0.0000000e+00
   2.1596732e-01  -2.0824187e+00  -1.4737914e+00   2.5624327e-02   1.6057199e+00   0.0000000e+00
   2.2227278e-01  -2.0870070e+00  -1.4832498e+00   2.5260715e-02   1.6067232e+00   0.0000000e+00
   2.2757809e-01  -2.0915613e+00  -1.4919891e+00   2.4845181e-02   1.6075807e+00   0.0000000e+00
   2.3306732e-01  -2.0963178e+00  -1.5001980e+00   2.4345899e-02   1.6084255e+00   0.0000000e+00
   2.3924229e-01  -2.1004226e+00  -1.5059382e+00   2.3836247e-02   1.6092488e+00   0.0000000e+00
   2.4626558e-01  -2.1022987e+00  -1.5062761e+00   2.3488340e-02   1.6099808e+00   0.0000000e+00
   2.5528034e-01  -2.1017671e+00  -1.5002954e+00   2.3292208e-02   1.6107086e+00   0.0000000e+00
   2.6595925e-01  -2.1004002e+00  -1.4907355e+00   2.3062838e-02   1.6114718e+00   0.0000000e+00
   2.8128942e-01  -2.0993677e+00  -1.4770722e+00   2.2519860e-02   1.6125299e+00   0.0000000e+00
   2.9665551e-01  -2.0995744e+00  -1.4639998e+00   2.1727429e-02   1.6135673e+00   0.0000000e+00
   3.1368947e-01  -2.1007888e+00  -1.4492968e+00   2.0597557e-02   1.6146588e+00   0.0000000e+00
   3.1492846e-01  -2.0985433e+00  -1.4413636e+00   2.0540594e-02   1.6144734e+00   0.0000000e+00
   2.9571666e-01  -2.0914241e+00  -1.4418330e+00   2.1979877e-02   1.6126380e+00   0.0000000e+00
   2.7134548e-01  -2.0841952e+00  -1.4432363e+00   2.3502900e-02   1.6102738e+00   0.0000000e+00
   2.4531746e-01  -2.0780620e+00  -1.4441105e+00   2.4775955e-02   1.6076482e+00   0.0000000e+00
   2.1817476e-01  -2.0731921e+00  -1.4438860e+00   2.5727885e-02   1.6047887e+00   0.0000000e+00
   1.9195006e-01  -2.0698076e+00  -1.4422010e+00   2.6289329e-02   1.6019001e+00   0.0000000e+00
   1.6836193e-01  -2.0677695e+00  -1.4391704e+00   2.6492826e-02   1.5991897e+00   0.0000000e+00
   1.4750637e-01  -2.0667068e+00  -1.4351136e+00   2.6430409e-02   1.5967008e+00   0.0000000e+00
   1.2850608e-01  -2.0663308e+00  -1.4302358e+00   2.6170547e-02   1.5943575e+00   0.0000000e+00
   1.1301871e-01  -2.0664888e+00  -1.4256095e+00   2.5816245e-02   1.5924024e+00   0.0000000e+00
   1.0023050e-01  -2.0670938e+00  -1.4220548e+00   2.5443967e-02   1.5907864e+00   0.0000000e+00
   8.8967883e-02  -2.0683649e+00  -1.4208564e+00   2.5104293e-02   1.5894312e+00   0.0000000e+00
   7.7427422e-02  -2.0706023e+00  -1.4224300e+00   2.4768426e-02   1.5881444e+00   0.0000000e+00
   6.2917245e-02  -2.0741360e+00  -1.4255007e+00   2.4278051e-02   1.5865555e+00   0.0000000e+00
   4.2994464e-02  -2.0794338e+00  -1.4280160e+00   2.3395775e-02   1.5842852e+00   0.0000000e+00
   2.4317891e-02  -2.0836803e+00  -1.4243106e+00   2.2294719e-02   1.5819086e+00   0.0000000e+00
   3.1424475e-03  -2.0866252e+00  -1.4089799e+00   2.0620935e-02   1.5787781e+00   0.0000000e+00
  -5.2804663e-03  -2.0857571e+00  -1.3922402e+00   1.9547640e-02   1.5771196e+00   0.0000000e+00
   1.0077515e-02  -2.0784339e+00  -1.3807319e+00   2.0123607e-02   1.5785246e+00   0.0000000e+00
   2.9195009e-02  -2.0709669e+00  -1.3682289e+00   2.0613043e-02   1.5803062e+00   0.0000000e+00
   4.9076522e-02  -2.0640724e+00  -1.3510452e+00   2.0537093e-02   1.5819369e+00   0.0000000e+00
   6.6498877e-02  -2.0588866e+00  -1.3313716e+00   1.9802546e-02   1.5831155e+00   0.0000000e+00
   8.0528457e-02  -2.0554471e+00  -1.3113925e+00   1.8575322e-02   1.5838347e+00   0.0000000e+00
   9.3685899e-02  -2.0530121e+00  -1.2880383e+00   1.6674234e-02   1.5842473e+00   0.0000000e+00
   1.0454023e-01  -2.0518044e+00  -1.2640175e+00   1.4288929e-02   1.5843132e+00   0.0000000e+00
   1.1313250e-01  -2.0515928e+00  -1.2406738e+00   1.1609265e-02   1.5841104e+00   0.0000000e+00
   1.2026633e-01  -2.0521315e+00  -1.2175069e+00   8.6315122e-03   1.5837126e+00   0.0000000e+00
   1.2649476e-01  -2.0532786e+00  -1.1944581e+00   5.3757817e-03   1.5831831e+00   0.0000000e+00
   1.3143891e-01  -2.0546215e+00  -1.1753682e+00   2.4684417e-03   1.5826951e+00   0.0000000e+00
   1.3662356e-01  -2.0562560e+00  -1.1564917e+00  -5.8856804e-04   1.5822237e+00   0.0000000e+00
   1.4259160e-01  -2.0581400e+00  -1.1378938e+00  -3.7756144e-03   1.5818341e+00   0.0000000e+00
   1.5010515e-01  -2.0602911e+00  -1.1193136e+00  -7.1363953e-03   1.5815961e+00   0.0000000e+00
   1.5771752e-01  -2.0622107e+00  -1.1045764e+00  -9.9352870e-03   1.5815742e+00   0.0000000e+00
   1.6751393e-01  -2.0644126e+00  -1.0895576e+00  -1.2923024e-02   1.5817601e+00   0.0000000e+00
   1.7671768e-01  -2.0663262e+00  -1.0780264e+00  -1.5323872e-02   1.5820743e+00   0.0000000e+00
   1.9080113e-01  -2.0692126e+00  -1.0629298e+00  -1.8630096e-02   1.5826858e+00   0.0000000e+00
   2.0246453e-01  -2.0718300e+00  -1.0508672e+00  -2.1406621e-02   1.5831968e+00   0.0000000e+00
   2.1529737e-01  -2.0755118e+00  -1.0347465e+00  -2.5247769e-02   1.5835494e+00   0.0000000e+00
   2.2066315e-01  -2.0790267e+00  -1.0177205e+00  -2.9325132e-02   1.5830070e+00   0.0000000e+00
   2.1492371e-01  -2.0823235e+00  -9.9788147e-01  -3.4029849e-02   1.5810571e+00   0.0000000e+00
   2.0373803e-01  -2.0865919e+00  -9.7283571e-01  -4.0230824e-02   1.5781394e+00   0.0000000e+00
   1.9085002e-01  -2.0932560e+00  -9.3873537e-01  -4.9327840e-02   1.5743713e+00   0.0000000e+00
   1.7640277e-01  -2.1041144e+00  -8.8991833e-01  -6.3631970e-02   1.5693161e+00   0.0000000e+00
   1.6474145e-01  -2.1144426e+00  -8.4772086e-01  -7.7211957e-02   1.5649390e+00   0.0000000e+00
   1.5278542e-01  -2.1118247e+00  -8.5819362e-01  -7.3739195e-02   1.5643643e+00   0.0000000e+00
   1.4176375e-01  -2.0996006e+00  -9.0927406e-01  -5.7768130e-02   1.5667481e+00   0.0000000e+00
   1.3108596e-01  -2.0876072e+00  -9.6459456e-01  -4.2227395e-02   1.5692742e+00   0.0000000e+00
   1.2086125e-01  -2.0770099e+00  -1.0202927e+00  -2.8316837e-02   1.5716858e+00   0.0000000e+00
   1.1270085e-01  -2.0695050e+00  -1.0664080e+00  -1.8056100e-02   1.5735798e+00   0.0000000e+00
   1.0510401e-01  -2.0635917e+00  -1.1101535e+00  -9.3414907e-03   1.5752820e+00   0.0000000e+00
   9.8581420e-02  -2.0596110e+00  -1.1473811e+00  -2.6952836e-03   1.5766402e+00   0.0000000e+00
   9.3224318e-02  -2.0572707e+00  -1.1765013e+00   2.0082586e-03   1.5776193e+00   0.0000000e+00
   8.8548271e-02  -2.0559686e+00  -1.1997328e+00   5.4415473e-03   1.5783195e+00   0.0000000e+00
   8.4758974e-02  -2.0553612e+00  -1.2170868e+00   7.8173834e-03   1.5787877e+00   0.0000000e+00
   8.1588541e-02  -2.0549957e+00  -1.2340278e+00   9.9997196e-03   1.5792887e+00   0.0000000e+00
   7.9685579e-02  -2.0546711e+00  -1.2560887e+00   1.2683011e-02   1.5801748e+00   0.0000000e+00
   7.9228791e-02  -2.0547263e+00  -1.2834328e+00   1.5717281e-02   1.5814572e+00   0.0000000e+00
   7.9527356e-02  -2.0555311e+00  -1.3109571e+00   1.8405521e-02   1.5827948e+00   0.0000000e+00
   7.9769487e-02  -2.0576421e+00  -1.3423557e+00   2.0975617e-02   1.5842558e+00   0.0000000e+00
   7.8529500e-02  -2.0599730e+00  -1.3626566e+00   2.2301868e-02   1.5850048e+00   0.0000000e+00
   7.4999590e-02  -2.0583090e+00  -1.3416288e+00   2.0773127e-02   1.5836685e+00   0.0000000e+00
   6.8476681e-02  -2.0570775e+00  -1.3078296e+00   1.7777077e-02   1.5813685e+00   0.0000000e+00
   5.9320465e-02  -2.0577064e+00  -1.2710849e+00   1.3760461e-02   1.5785599e+00   0.0000000e+00
   4.8927525e-02  -2.0600264e+00  -1.2353887e+00   9.1338313e-03   1.5755964e+00   0.0000000e+00
   3.7448838e-02  -2.0638080e+00  -1.2001716e+00   3.8821038e-03   1.5724768e+00   0.0000000e+00
   2.4701234e-02  -2.0690135e+00  -1.1647767e+00  -2.0867856e-03   1.5691515e+00   0.0000000e+00
   1.2333315e-02  -2.0747608e+00  -1.1334754e+00  -7.9548625e-03   1.5660454e+00   0.0000000e+00
   4.5542264e-04  -2.0807309e+00  -1.1058524e+00  -1.3609259e-02   1.5631644e+00   0.0000000e+00
  -1.2659625e-02  -2.0876786e+00  -1.0778432e+00  -1.9820275e-02   1.5600933e+00   0.0000000e+00
  -2.5151965e-02  -2.0945449e+00  -1.0533123e+00  -2.5676254e-02   1.5572669e+00   0.0000000e+00
  -3.8838577e-02  -2.1022912e+00  -1.0284345e+00  -3.2032288e-02   1.5542646e+00   0.0000000e+00
  -4.9733131e-02  -2.1086435e+00  -1.0096604e+00  -3.7110528e-02   1.5519226e+00   0.0000000e+00
  -6.0014439e-02  -2.1148670e+00  -9.9218393e-01  -4.2040865e-02   1.5497195e+00   0.0000000e+00
  -6.9856151e-02  -2.1211767e+00  -9.7484860e-01  -4.7090237e-02   1.5475712e+00   0.0000000e+00
  -7.9303545e-02  -2.1277918e+00  -9.5648115e-01  -5.2563226e-02   1.5454061e+00   0.0000000e+00
  -8.8369927e-02  -2.1350069e+00  -9.3566282e-01  -5.8876207e-02   1.5431402e+00   0.0000000e+00
  -9.7066342e-02  -2.1432438e+00  -9.1060871e-01  -6.6624563e-02   1.5406648e+00   0.0000000e+00
  -1.0543831e-01  -2.1531911e+00  -8.7875304e-01  -7.6777849e-02   1.5378132e+00   0.0000000e+00
  -1.1159308e-01  -2.1625766e+00  -8.4764960e-01  -8.7104383e-02   1.5352384e+00   0.0000000e+00
  -1.1766323e-01  -2.1745931e+00  -8.0725282e-01  -1.0125694e-01   1.5320698e+00   0.0000000e+00
  -1.2255784e-01  -2.1869282e+00  -7.6605644e-01  -1.1670148e-01   1.5289214e+00   0.0000000e+00
  -1.2696777e-01  -2.1994497e+00  -7.2537888e-01  -1.3311937e-01   1.5257838e+00   0.0000000e+00
  -1.3196103e-01  -2.2108158e+00  -6.9110418e-01  -1.4809921e-01   1.5229201e+00   0.0000000e+00
  -1.3840434e-01  -2.2130243e+00  -6.9177403e-01  -1.4856809e-01   1.5221873e+00   0.0000000e+00
  -1.4672496e-01  -2.2083956e+00  -7.2005303e-01  -1.3767926e-01   1.5230280e+00   0.0000000e+00
  -1.5793481e-01  -2.2039579e+00  -7.5378671e-01  -1.2575316e-01   1.5237909e+00   0.0000000e+00
  -1.7092282e-01  -2.2021119e+00  -7.8316483e-01  -1.1656637e-01   1.5239909e+00   0.0000000e+00
  -1.8550737e-01  -2.2029249e+00  -8.0778635e-01  -1.0994429e-01   1.5236553e+00   0.0000000e+00
  -2.0186860e-01  -2.2062323e+00  -8.2902895e-01  -1.0523298e-01   1.5228641e+00   0.0000000e+00
  -2.1239258e-01  -2.2060946e+00  -8.5568272e-01  -9.8518455e-02   1.5230199e+00   0.0000000e+00
  -2.0096196e-01  -2.1894174e+00  -9.0806150e-01  -8.2030401e-02   1.5271155e+00   0.0000000e+00
  -1.8105682e-01  -2.1685850e+00  -9.6604573e-01  -6.4681202e-02   1.5324533e+00   0.0000000e+00
  -1.6086780e-01  -2.1505931e+00  -1.0163691e+00  -5.0820764e-02   1.5373895e+00   0.0000000e+00
  -1.4298551e-01  -2.1366695e+00  -1.0558760e+00  -4.0691587e-02   1.5414826e+00   0.0000000e+00
  -1.2638228e-01  -2.1251412e+00  -1.0892720e+00  -3.2637563e-02   1.5451045e+00   0.0000000e+00
  -1.1102286e-01  -2.1154972e+00  -1.1181801e+00  -2.6059680e-02   1.5483457e+00   0.0000000e+00
  -1.0028063e-01  -2.1092619e+00  -1.1378174e+00  -2.1823592e-02   1.5505773e+00   0.0000000e+00
  -9.1516663e-02  -2.1044792e+00  -1.1535264e+00  -1.8571588e-02   1.5523783e+00   0.0000000e+00
  -8.2011030e-02  -2.0996796e+00  -1.1687567e+00  -1.5458898e-02   1.5542423e+00   0.0000000e+00
  -6.7903199e-02  -2.0932699e+00  -1.1863130e+00  -1.1768849e-02   1.5567670e+00   0.0000000e+00
  -4.5724532e-02  -2.0843848e+00  -1.2071749e+00  -7.2304674e-03   1.5604137e+00   0.0000000e+00
  -2.4568922e-02  -2.0769645e+00  -1.2228170e+00  -3.7476637e-03   1.5636854e+00   0.0000000e+00
  -2.2774660e-03  -2.0701412e+00  -1.2359846e+00  -7.4639824e-04   1.5669679e+00   0.0000000e+00
   3.6817053e-03  -2.0684688e+00  -1.2397179e+00   4.0101984e-05   1.5678537e+00   0.0000000e+00
  -1.7993518e-02  -2.0747972e+00  -1.2295106e+00  -2.4917287e-03   1.5647874e+00   0.0000000e+00
  -4.4145796e-02  -2.0836554e+00  -1.2133066e+00  -6.3169666e-03   1.5608934e+00   0.0000000e+00
  -6.8955364e-02  -2.0933779e+00  -1.1938595e+00  -1.0812332e-02   1.5569997e+00   0.0000000e+00
  -9.1604614e-02  -2.1034639e+00  -1.1726506e+00  -1.5731037e-02   1.5532781e+00   0.0000000e+00
  -1.1252034e-01  -2.1138407e+00  -1.1509447e+00  -2.0919608e-02   1.5497386e+00   0.0000000e+00
  -1.3217649e-01  -2.1243892e+00  -1.1314895e+00  -2.5971048e-02   1.5464530e+00   0.0000000e+00
  -1.4843407e-01  -2.1334173e+00  -1.1199716e+00  -2.9635810e-02   1.5439458e+00   0.0000000e+00
  -1.6384331e-01  -2.1420673e+00  -1.1152008e+00  -3.2259179e-02   1.5418502e+00   0.0000000e+00
  -1.7591891e-01  -2.1489720e+00  -1.1156226e+00  -3.3736364e-02   1.5403941e+00   0.0000000e+00
  -1.8720815e-01  -2.1556243e+00  -1.1192953e+00  -3.4686040e-02   1.5391743e+00   0.0000000e+00
  -1.9604455e-01  -2.1610319e+00  -1.1248366e+00  -3.5097859e-02   1.5383309e+00   0.0000000e+00
  -2.0461744e-01  -2.1665356e+00  -1.1332481e+00  -3.5142954e-02   1.5376354e+00   0.0000000e+00
  -2.1140368e-01  -2.1711810e+00  -1.1426791e+00  -3.4884463e-02   1.5371934e+00   0.0000000e+00
  -2.1670501e-01  -2.1750856e+00  -1.1517253e+00  -3.4542021e-02   1.5369100e+00   0.0000000e+00
  -2.2139673e-01  -2.1787919e+00  -1.1600900e+00  -3.4268303e-02   1.5366671e+00   0.0000000e+00
  -2.2722211e-01  -2.1836614e+00  -1.1687522e+00  -3.4228730e-02   1.5362881e+00   0.0000000e+00
  -2.3372484e-01  -2.1892566e+00  -1.1745965e+00  -3.4708056e-02   1.5357072e+00   0.0000000e+00
  -2.4189394e-01  -2.1963455e+00  -1.1771635e+00  -3.5906870e-02   1.5347870e+00   0.0000000e+00
  -2.4964435e-01  -2.2031033e+00  -1.1763459e+00  -3.7439208e-02   1.5337874e+00   0.0000000e+00
  -2.5923447e-01  -2.2115338e+00  -1.1724651e+00  -3.9691115e-02   1.5324416e+00   0.0000000e+00
  -2.7116853e-01  -2.2221906e+00  -1.1646010e+00  -4.2898906e-02   1.5306540e+00   0.0000000e+00
  -2.8458832e-01  -2.2344852e+00  -1.1529883e+00  -4.6932529e-02   1.5285433e+00   0.0000000e+00
  -2.9708829e-01  -2.2463636e+00  -1.1407447e+00  -5.0994160e-02   1.5265267e+00   0.0000000e+00
  -3.0175083e-01  -2.2513521e+00  -1.1398546e+00  -5.2175774e-02   1.5259069e+00   0.0000000e+00
  -2.9025234e-01  -2.2418186e+00  -1.1642280e+00  -4.7172828e-02   1.5282262e+00   0.0000000e+00
  -2.7407045e-01  -2.2291341e+00  -1.1952466e+00  -4.0948842e-02   1.5313652e+00   0.0000000e+00
  -2.5512187e-01  -2.2158381e+00  -1.2307414e+00  -3.4425762e-02   1.5349991e+00   0.0000000e+00
  -2.3638462e-01  -2.2043934e+00  -1.2651534e+00  -2.8736270e-02   1.5385523e+00   0.0000000e+00
  -2.1538878e-01  -2.1935943e+00  -1.3027488e+00  -2.3229821e-02   1.5424773e+00   0.0000000e+00
  -1.9634335e-01  -2.1856489e+00  -1.3357977e+00  -1.9000651e-02   1.5459768e+00   0.0000000e+00
  -1.7593367e-01  -2.1789614e+00  -1.3696304e+00  -1.5238737e-02   1.5496444e+00   0.0000000e+00
  -1.5722733e-01  -2.1729131e+00  -1.3957019e+00  -1.2353152e-02   1.5528285e+00   0.0000000e+00
  -1.4035385e-01  -2.1627721e+00  -1.4056910e+00  -9.7675205e-03   1.5552939e+00   0.0000000e+00
  -1.2483754e-01  -2.1502467e+00  -1.4051400e+00  -7.3661080e-03   1.5572644e+00   0.0000000e+00
  -1.1209197e-01  -2.1397572e+00  -1.4018284e+00  -5.5286258e-03   1.5587814e+00   0.0000000e+00
  -1.0159914e-01  -2.1313396e+00  -1.3978157e+00  -4.1407155e-03   1.5599775e+00   0.0000000e+00
  -9.2264373e-02  -2.1240914e+00  -1.3933753e+00  -3.0122707e-03   1.5610029e+00   0.0000000e+00
  -8.4186223e-02  -2.1178604e+00  -1.3882877e+00  -2.1313241e-03   1.5618398e+00   0.0000000e+00
  -7.7549488e-02  -2.1125167e+00  -1.3820870e+00  -1.5086560e-03   1.5624502e+00   0.0000000e+00
  -6.9172696e-02  -2.1055228e+00  -1.3710488e+00  -9.2050750e-04   1.5630928e+00   0.0000000e+00
  -5.8819497e-02  -2.0969700e+00  -1.3527751e+00  -6.1313835e-04   1.5636867e+00   0.0000000e+00
  -4.9603659e-02  -2.0898003e+00  -1.3318779e+00  -8.8689309e-04   1.5639999e+00   0.0000000e+00
  -4.1048559e-02  -2.0840339e+00  -1.3102985e+00  -1.6179317e-03   1.5641645e+00   0.0000000e+00
  -3.3358080e-02  -2.0820323e+00  -1.3201906e+00  -3.1680098e-04   1.5655057e+00   0.0000000e+00
  -2.7202152e-02  -2.0837536e+00  -1.3530264e+00   2.1120616e-03   1.5675753e+00   0.0000000e+00
  -2.2602200e-02  -2.0876895e+00  -1.3851920e+00   3.7756718e-03   1.5693713e+00   0.0000000e+00
  -2.0009461e-02  -2.0931959e+00  -1.4127450e+00   4.5758338e-03   1.5706923e+00   0.0000000e+00
  -1.9246502e-02  -2.0998225e+00  -1.4359838e+00   4.7207627e-03   1.5715872e+00   0.0000000e+00
  -2.0128991e-02  -2.1073706e+00  -1.4557770e+00   4.3741625e-03   1.5721221e+00   0.0000000e+00
  -2.2648641e-02  -2.1158579e+00  -1.4728811e+00   3.6226664e-03   1.5723321e+00   0.0000000e+00
  -2.6947222e-02  -2.1252595e+00  -1.4874575e+00   2.5137614e-03   1.5722115e+00   0.0000000e+00
  -3.2277002e-02  -2.1340877e+00  -1.4979530e+00   1.2929390e-03   1.5718208e+00   0.0000000e+00
  -3.9456289e-02  -2.1437010e+00  -1.5064612e+00  -1.8135487e-04   1.5711227e+00   0.0000000e+00
  -4.7225922e-02  -2.1524282e+00  -1.5118241e+00  -1.6238525e-03   1.5702550e+00   0.0000000e+00
  -5.4933421e-02  -2.1599786e+00  -1.5147487e+00  -2.9402406e-03   1.5693274e+00   0.0000000e+00
  -6.4441400e-02  -2.1682594e+00  -1.5161816e+00  -4.4497526e-03   1.5681248e+00   0.0000000e+00
  -7.3119537e-02  -2.1751607e+00  -1.5160523e+00  -5.7546649e-03   1.5669894e+00   0.0000000e+00
  -8.2522580e-02  -2.1824688e+00  -1.5151252e+00  -7.1632186e-03   1.5657356e+00   0.0000000e+00
  -8.7375630e-02  -2.1874740e+00  -1.5157644e+00  -8.0814416e-03   1.5651041e+00   0.0000000e+00
  -8.5766552e-02  -2.1896220e+00  -1.5196485e+00  -8.3495287e-03   1.5653820e+00   0.0000000e+00
  -7.9561690e-02  -2.1904941e+00  -1.5265108e+00  -8.2823708e-03   1.5663150e+00   0.0000000e+00
  -7.1282186e-02  -2.1915462e+00  -1.5350930e+00  -8.2049305e-03   1.5675414e+00   0.0000000e+00
  -6.2948358e-02  -2.1936554e+00  -1.5441866e+00  -8.3254530e-03   1.5687696e+00   0.0000000e+00
  -5.5102574e-02  -2.1971641e+00  -1.5535214e+00  -8.7176912e-03   1.5699201e+00   0.0000000e+00
  -4.7052472e-02  -2.2029387e+00  -1.5641388e+00  -9.5176233e-03   1.5710887e+00   0.0000000e+00
  -3.9670324e-02  -2.2109641e+00  -1.5750078e+00  -1.0752474e-02   1.5721377e+00   0.0000000e+00
  -3.2891316e-02  -2.2215144e+00  -1.5860176e+00  -1.2474805e-02   1.5730629e+00   0.0000000e+00
  -2.7440770e-02  -2.2302490e+00  -1.5941345e+00  -1.3935925e-02   1.5737718e+00   0.0000000e+00
  -2.2522424e-02  -2.2249773e+00  -1.5941111e+00  -1.2968402e-02   1.5744488e+00   0.0000000e+00
  -1.7809948e-02  -2.2097347e+00  -1.5877530e+00  -1.0277962e-02   1.5751035e+00   0.0000000e+00
  -1.2429156e-02  -2.1916313e+00  -1.5781981e+00  -7.1294700e-03   1.5757810e+00   0.0000000e+00
  -6.6470817e-03  -2.1744626e+00  -1.5673121e+00  -4.1999967e-03   1.5764289e+00   0.0000000e+00
   6.3038219e-04  -2.1567240e+00  -1.5541085e+00  -1.2493026e-03   1.5771667e+00   0.0000000e+00
   8.2886659e-03  -2.1415830e+00  -1.5410402e+00   1.1863994e-03   1.5778853e+00   0.0000000e+00
   1.7627696e-02  -2.1263913e+00  -1.5258548e+00   3.5217411e-03   1.5787054e+00   0.0000000e+00
   2.6715240e-02  -2.1139874e+00  -1.5114622e+00   5.3135543e-03   1.5794541e+00   0.0000000e+00
   3.5395331e-02  -2.1036818e+00  -1.4976675e+00   6.6882421e-03   1.5801232e+00   0.0000000e+00
   4.3490281e-02  -2.0949479e+00  -1.4841172e+00   7.7324163e-03   1.5806913e+00   0.0000000e+00
   4.9328058e-02  -2.0886021e+00  -1.4725089e+00   8.3760097e-03   1.5810213e+00   0.0000000e+00
   5.2211195e-02  -2.0839699e+00  -1.4618701e+00   8.7104684e-03   1.5810124e+00   0.0000000e+00
   5.1261472e-02  -2.0813968e+00  -1.4534472e+00   8.7447153e-03   1.5806115e+00   0.0000000e+00
   4.4468465e-02  -2.0790326e+00  -1.4399850e+00   8.4254230e-03   1.5793298e+00   0.0000000e+00
   2.8725593e-02  -2.0772182e+00  -1.4168630e+00   7.3402905e-03   1.5766091e+00   0.0000000e+00
   5.4123633e-03  -2.0773287e+00  -1.3840885e+00   5.0579396e-03   1.5725696e+00   0.0000000e+00
  -1.1759836e-02  -2.0789817e+00  -1.3596834e+00   2.8781071e-03   1.5695440e+00   0.0000000e+00
  -2.3202885e-02  -2.0798916e+00  -1.3362319e+00   7.8170323e-04   1.5672213e+00   0.0000000e+00
  -9.6310467e-03  -2.0742948e+00  -1.3274805e+00   1.1658534e-03   1.5684999e+00   0.0000000e+00
   1.2151436e-02  -2.0686334e+00  -1.3373201e+00   3.1653797e-03   1.5715235e+00   0.0000000e+00
   3.6340054e-02  -2.0648276e+00  -1.3596631e+00   5.7802495e-03   1.5753336e+00   0.0000000e+00
   5.8536467e-02  -2.0626419e+00  -1.3793263e+00   7.7449610e-03   1.5787640e+00   0.0000000e+00
   8.0793924e-02  -2.0613536e+00  -1.3960817e+00   9.2303382e-03   1.5820510e+00   0.0000000e+00
   1.0077615e-01  -2.0608635e+00  -1.4085983e+00   1.0202279e-02   1.5848721e+00   0.0000000e+00
   1.1960867e-01  -2.0609492e+00  -1.4184369e+00   1.0847014e-02   1.5874279e+00   0.0000000e+00
   1.3758652e-01  -2.0615577e+00  -1.4264080e+00   1.1246322e-02   1.5897877e+00   0.0000000e+00
   1.5233863e-01  -2.0625226e+00  -1.4323300e+00   1.1432351e-02   1.5916815e+00   0.0000000e+00
   1.6651887e-01  -2.0639871e+00  -1.4380525e+00   1.1499792e-02   1.5934862e+00   0.0000000e+00
   1.7784848e-01  -2.0656930e+00  -1.4431774e+00   1.1476348e-02   1.5949366e+00   0.0000000e+00
   1.8891335e-01  -2.0680221e+00  -1.4492506e+00   1.1380517e-02   1.5963812e+00   0.0000000e+00
   1.9955612e-01  -2.0711628e+00  -1.4567893e+00   1.1201050e-02   1.5978207e+00   0.0000000e+00
   2.0783127e-01  -2.0745019e+00  -1.4644053e+00   1.0974224e-02   1.5989926e+00   0.0000000e+00
   2.1398374e-01  -2.0777170e+00  -1.4714623e+00   1.0728822e-02   1.5999051e+00   0.0000000e+00
   2.2008184e-01  -2.0817376e+00  -1.4799232e+00   1.0387728e-02   1.6008506e+00   0.0000000e+00
   2.2583239e-01  -2.0863809e+00  -1.4891240e+00   9.9463280e-03   1.6017710e+00   0.0000000e+00
   2.3143974e-01  -2.0913352e+00  -1.4980855e+00   9.4152838e-03   1.6026531e+00   0.0000000e+00
   2.3795053e-01  -2.0962750e+00  -1.5056537e+00   8.8080109e-03   1.6035697e+00   0.0000000e+00
   2.4628000e-01  -2.0991445e+00  -1.5074266e+00   8.3361147e-03   1.6044831e+00   0.0000000e+00
   2.5512125e-01  -2.0987597e+00  -1.5018986e+00   8.1665474e-03   1.6052151e+00   0.0000000e+00
   2.6596487e-01  -2.0973652e+00  -1.4922756e+00   7.9942349e-03   1.6060051e+00   0.0000000e+00
   2.8136135e-01  -2.0962844e+00  -1.4785721e+00   7.5397488e-03   1.6070863e+00   0.0000000e+00
   2.9702728e-01  -2.0964717e+00  -1.4652700e+00   6.8205676e-03   1.6081630e+00   0.0000000e+00
   3.1321367e-01  -2.0976286e+00  -1.4514350e+00   5.8449157e-03   1.6092260e+00   0.0000000e+00
   3.1683651e-01  -2.0960924e+00  -1.4427890e+00   5.6529219e-03   1.6092505e+00   0.0000000e+00
   2.9985273e-01  -2.0895222e+00  -1.4427816e+00   6.9330468e-03   1.6076108e+00   0.0000000e+00
   2.7683736e-01  -2.0824276e+00  -1.4441519e+00   8.3972476e-03   1.6053830e+00   0.0000000e+00
   2.5149618e-01  -2.0761468e+00  -1.4451698e+00   9.6834676e-03   1.6028404e+00   0.0000000e+00
   2.2578311e-01  -2.0712029e+00  -1.4452506e+00   1.0654501e-02   1.6001544e+00   0.0000000e+00
   2.0037889e-01  -2.0675807e+00  -1.4440551e+00   1.1292018e-02   1.5973885e+00   0.0000000e+00
   1.7600037e-01  -2.0651736e+00  -1.4414276e+00   1.1605433e-02   1.5946233e+00   0.0000000e+00
   1.5442510e-01  -2.0638504e+00  -1.4376852e+00   1.1636644e-02   1.5920808e+00   0.0000000e+00
   1.3488801e-01  -2.0632801e+00  -1.4330458e+00   1.1460875e-02   1.5896996e+00   0.0000000e+00
   1.1906267e-01  -2.0632777e+00  -1.4284932e+00   1.1174099e-02   1.5877202e+00   0.0000000e+00
   1.0632773e-01  -2.0636625e+00  -1.4246892e+00   1.0854705e-02   1.5861097e+00   0.0000000e+00
   9.3039914e-02  -2.0647758e+00  -1.4221368e+00   1.0470073e-02   1.5844732e+00   0.0000000e+00
   8.4408071e-02  -2.0661782e+00  -1.4225471e+00   1.0220303e-02   1.5834840e+00   0.0000000e+00
   7.0181345e-02  -2.0693605e+00  -1.4253154e+00   9.7717868e-03   1.5819226e+00   0.0000000e+00
   5.2461235e-02  -2.0739968e+00  -1.4285878e+00   9.0676937e-03   1.5799517e+00   0.0000000e+00
   3.1172894e-02  -2.0793496e+00  -1.4277042e+00   7.9622926e-03   1.5773816e+00   0.0000000e+00
   1.1398430e-02  -2.0826998e+00  -1.4171125e+00   6.6310879e-03   1.5746197e+00   0.0000000e+00
  -4.6557470e-03  -2.0838002e+00  -1.3986104e+00   5.1782563e-03   1.5719984e+00   0.0000000e+00
   4.3763724e-03  -2.0780487e+00  -1.3857057e+00   5.4071334e-03   1.5726025e+00   0.0000000e+00
   2.4807457e-02  -2.0697698e+00  -1.3731818e+00   6.1257420e-03   1.5745615e+00   0.0000000e+00
   4.5415865e-02  -2.0623953e+00  -1.3565673e+00   6.2983619e-03   1.5763295e+00   0.0000000e+00
   6.3150042e-02  -2.0569060e+00  -1.3377596e+00   5.8344365e-03   1.5776146e+00   0.0000000e+00
   7.7395212e-02  -2.0532123e+00  -1.3186829e+00   4.8904420e-03   1.5784337e+00   0.0000000e+00
   9.0903624e-02  -2.0504777e+00  -1.2961698e+00   3.3203931e-03   1.5789679e+00   0.0000000e+00
   1.0247368e-01  -2.0489498e+00  -1.2720801e+00   1.1996205e-03   1.5791573e+00   0.0000000e+00
   1.1156196e-01  -2.0485078e+00  -1.2487244e+00  -1.2275902e-03   1.5790540e+00   0.0000000e+00
   1.1903701e-01  -2.0488674e+00  -1.2255640e+00  -3.9570536e-03   1.5787387e+00   0.0000000e+00
   1.2545224e-01  -2.0498702e+00  -1.2025370e+00  -6.9651014e-03   1.5782755e+00   0.0000000e+00
   1.3140226e-01  -2.0514012e+00  -1.1796589e+00  -1.0228468e-02   1.5777352e+00   0.0000000e+00
   1.3654281e-01  -2.0530143e+00  -1.1607519e+00  -1.3124668e-02   1.5772902e+00   0.0000000e+00
   1.4244117e-01  -2.0548941e+00  -1.1420099e+00  -1.6170779e-02   1.5769181e+00   0.0000000e+00
