   0.0000000e+00   0.0000000e+00   0.0000000e+00   0.0000000e+00   0.0000000e+00   0.0000000e+00
  -1.6015316e-02  -5.7936071e-01   1.6327321e+00   6.0288714e-01  -7.8622139e-01   0.0000000e+00
  -1.3204530e-01  -7.1757341e-01   2.4629438e+00   4.1307198e-01  -8.7407913e-01   0.0000000e+00
  -2.4747636e-01  -4.6033717e-01   2.8628158e+00  -4.5581108e-01  -1.4640831e+00   0.0000000e+00
   1.0068125e-01  -6.3774859e-01   3.0467906e+00  -8.9771743e-01  -1.8012898e+00   0.0000000e+00
   2.3250615e-01  -9.4848608e-01   3.2646823e+00  -1.1666908e+00  -1.6808779e+00   0.0000000e+00
   2.5418426e-01  -1.1610440e+00   3.4515325e+00  -1.2531283e+00  -1.6261972e+00   0.0000000e+00
   2.6357739e-01  -1.2888502e+00   3.5942238e+00  -1.2839754e+00  -1.6033088e+00   0.0000000e+00
   2.6666606e-01  -1.3933767e+00   3.7311627e+00  -1.3012009e+00  -1.5868745e+00   0.0000000e+00
   2.6141550e-01  -1.4648919e+00   3.8347235e+00  -1.3101894e+00  -1.5753628e+00   0.0000000e+00
   2.4358424e-01  -1.5378664e+00   3.9461090e+00  -1.3180704e+00  -1.5623006e+00   0.0000000e+00
   2.2317606e-01  -1.5833525e+00   4.0161930e+00  -1.3227787e+00  -1.5531572e+00   0.0000000e+00
   1.9522288e-01  -1.6277872e+00   4.0829202e+00  -1.3275090e+00  -1.5434730e+00   0.0000000e+00
   1.6028836e-01  -1.6716908e+00   4.1453499e+00  -1.3324764e+00  -1.5333811e+00   0.0000000e+00
   1.1958841e-01  -1.7154458e+00   4.2033951e+00  -1.3377633e+00  -1.5230702e+00   0.0000000e+00
   7.2848337e-02  -1.7602653e+00   4.2598091e+00  -1.3434493e+00  -1.5123578e+00   0.0000000e+00
   2.6309567e-02  -1.8038984e+00   4.3155145e+00  -1.3490840e+00  -1.5022082e+00   0.0000000e+00
  -3.2560876e-03  -1.8359538e+00   4.3615467e+00  -1.3531444e+00  -1.4955027e+00   0.0000000e+00
  -1.6184231e-02  -1.8564650e+00   4.3990310e+00  -1.3555634e+00  -1.4918822e+00   0.0000000e+00
  -1.5679853e-02  -1.8695846e+00   4.4374213e+00  -1.3567756e+00  -1.4903269e+00   0.0000000e+00
  -9.6633447e-03  -1.8729098e+00   4.4577730e+00  -1.3568436e+00  -1.4903828e+00   0.0000000e+00
  -6.4976445e-04  -1.8740369e+00   4.4776921e+00  -1.3565873e+00  -1.4909104e+00   0.0000000e+00
   1.0514299e-02  -1.8736086e+00   4.4976062e+00  -1.3561141e+00  -1.4917599e+00   0.0000000e+00
   3.3691939e-02  -1.8707684e+00   4.5343721e+00  -1.3550456e+00  -1.4937032e+00   0.0000000e+00
   5.8330236e-02  -1.8673351e+00   4.5731920e+00  -1.3540918e+00  -1.4957580e+00   0.0000000e+00
   7.3349698e-02  -1.8656247e+00   4.5981349e+00  -1.3537088e+00  -1.4969416e+00   0.0000000e+00
   8.8015952e-02  -1.8644561e+00   4.6238600e+00  -1.3535389e+00  -1.4980249e+00   0.0000000e+00
   1.0225538e-01  -1.8639325e+00   4.6502952e+00  -1.3536131e+00  -1.4989971e+00   0.0000000e+00
   1.1610926e-01  -1.8640997e+00   4.6773770e+00  -1.3539521e+00  -1.4998633e+00   0.0000000e+00
   1.3079039e-01  -1.8650581e+00   4.7072735e+00  -1.3546294e+00  -1.5007006e+00   0.0000000e+00
   1.4547545e-01  -1.8668236e+00   4.7379175e+00  -1.3556474e+00  -1.5014692e+00   0.0000000e+00
   1.6052211e-01  -1.8694094e+00   4.7694545e+00  -1.3570322e+00  -1.5022065e+00   0.0000000e+00
   1.7619204e-01  -1.8728714e+00   4.8021762e+00  -1.3588290e+00  -1.5029305e+00   0.0000000e+00
   1.9245907e-01  -1.8774866e+00   4.8377557e+00  -1.3612019e+00  -1.5035666e+00   0.0000000e+00
   2.0770551e-01  -1.8832029e+00   4.8756323e+00  -1.3641771e+00  -1.5039311e+00   0.0000000e+00
   2.2091049e-01  -1.8901047e+00   4.9166763e+00  -1.3679029e+00  -1.5038595e+00   0.0000000e+00
   2.3125048e-01  -1.8983857e+00   4.9623259e+00  -1.3726413e+00  -1.5031843e+00   0.0000000e+00
   2.3671294e-01  -1.9056543e+00   5.0005615e+00  -1.3770667e+00  -1.5021842e+00   0.0000000e+00
   2.4014152e-01  -1.9141017e+00   5.0426185e+00  -1.3824813e+00  -1.5007166e+00   0.0000000e+00
   2.4147571e-01  -1.9235716e+00   5.0867184e+00  -1.3888059e+00  -1.4988377e+00   0.0000000e+00
   2.4073149e-01  -1.9335267e+00   5.1298900e+00  -1.3956753e+00  -1.4966790e+00   0.0000000e+00
   2.3800205e-01  -1.9431159e+00   5.1684822e+00  -1.4024667e+00  -1.4944292e+00   0.0000000e+00
   2.3346262e-01  -1.9513158e+00   5.1991668e+00  -1.4083190e+00  -1.4923030e+00   0.0000000e+00
   2.2736501e-01  -1.9572730e+00   5.2193342e+00  -1.4124608e+00  -1.4904927e+00   0.0000000e+00
   2.2003494e-01  -1.9604371e+00   5.2274015e+00  -1.4143424e+00  -1.4891435e+00   0.0000000e+00
   2.1125295e-01  -1.9605309e+00   5.2221363e+00  -1.4135778e+00  -1.4883041e+00   0.0000000e+00
   2.0204360e-01  -1.9577622e+00   5.2039819e+00  -1.4104071e+00  -1.4880542e+00   0.0000000e+00
   1.9294666e-01  -1.9529956e+00   5.1754232e+00  -1.4055755e+00  -1.4882990e+00   0.0000000e+00
   1.8447070e-01  -1.9472318e+00   5.1394877e+00  -1.3999010e+00  -1.4889184e+00   0.0000000e+00
   1.7738670e-01  -1.9417592e+00   5.1013943e+00  -1.3944583e+00  -1.4897359e+00   0.0000000e+00
   1.7155832e-01  -1.9369465e+00   5.0619312e+00  -1.3894472e+00  -1.4906907e+00   0.0000000e+00
   1.6715151e-01  -1.9331894e+00   5.0228343e+00  -1.3851239e+00  -1.4917256e+00   0.0000000e+00
   1.6420356e-01  -1.9306631e+00   4.9851400e+00  -1.3815715e+00  -1.4928077e+00   0.0000000e+00
   1.6247689e-01  -1.9292394e+00   4.9431275e+00  -1.3783062e+00  -1.4941202e+00   0.0000000e+00
   1.6226362e-01  -1.9295273e+00   4.9033816e+00  -1.3759421e+00  -1.4954479e+00   0.0000000e+00
   1.6305538e-01  -1.9314123e+00   4.8668780e+00  -1.3744073e+00  -1.4967106e+00   0.0000000e+00
   1.6425573e-01  -1.9344791e+00   4.8364320e+00  -1.3736325e+00  -1.4977664e+00   0.0000000e+00
   1.6527383e-01  -1.9382089e+00   4.8138010e+00  -1.3734595e+00  -1.4985120e+00   0.0000000e+00
   1.6536303e-01  -1.9414772e+00   4.8011633e+00  -1.3736327e+00  -1.4988300e+00   0.0000000e+00
   1.6400853e-01  -1.9437826e+00   4.7976428e+00  -1.3739465e+00  -1.4987084e+00   0.0000000e+00
   1.6087897e-01  -1.9450746e+00   4.8019047e+00  -1.3743208e+00  -1.4981552e+00   0.0000000e+00
   1.5614093e-01  -1.9456420e+00   4.8117019e+00  -1.3747532e+00  -1.4972546e+00   0.0000000e+00
   1.4968230e-01  -1.9459492e+00   4.8259912e+00  -1.3753257e+00  -1.4960125e+00   0.0000000e+00
   1.4158864e-01  -1.9463540e+00   4.8438037e+00  -1.3761052e+00  -1.4944590e+00   0.0000000e+00
   1.3201016e-01  -1.9471444e+00   4.8643173e+00  -1.3771484e+00  -1.4926289e+00   0.0000000e+00
   1.2146968e-01  -1.9484927e+00   4.8861978e+00  -1.3784590e+00  -1.4906215e+00   0.0000000e+00
   1.0988253e-01  -1.9505476e+00   4.9095518e+00  -1.3800936e+00  -1.4884177e+00   0.0000000e+00
   9.7413632e-02  -1.9533894e+00   4.9340607e+00  -1.3820757e+00  -1.4860443e+00   0.0000000e+00
   8.4214121e-02  -1.9570627e+00   4.9595440e+00  -1.3844266e+00  -1.4835226e+00   0.0000000e+00
   7.0278645e-02  -1.9616398e+00   4.9862259e+00  -1.3872009e+00  -1.4808409e+00   0.0000000e+00
   5.5831629e-02  -1.9671163e+00   5.0139684e+00  -1.3904144e+00  -1.4780291e+00   0.0000000e+00
   4.0945572e-02  -1.9735526e+00   5.0430775e+00  -1.3941381e+00  -1.4750813e+00   0.0000000e+00
   2.5664945e-02  -1.9810594e+00   5.0740907e+00  -1.3984892e+00  -1.4719771e+00   0.0000000e+00
   7.2697014e-03  -1.9914364e+00   5.1138622e+00  -1.4046031e+00  -1.4680947e+00   0.0000000e+00
  -1.1663529e-02  -2.0040738e+00   5.1592177e+00  -1.4123417e+00  -1.4638441e+00   0.0000000e+00
  -3.1208785e-02  -2.0193565e+00   5.2107131e+00  -1.4221209e+00  -1.4591601e+00   0.0000000e+00
  -5.1508954e-02  -2.0372288e+00   5.2665750e+00  -1.4340063e+00  -1.4540648e+00   0.0000000e+00
  -7.8543532e-02  -2.0626572e+00   5.3379139e+00  -1.4514875e+00  -1.4472008e+00   0.0000000e+00
  -1.0795126e-01  -2.0898933e+00   5.4041110e+00  -1.4704573e+00  -1.4400496e+00   0.0000000e+00
  -1.4043576e-01  -2.1174247e+00   5.4595129e+00  -1.4890558e+00  -1.4328747e+00   0.0000000e+00
  -1.7139939e-01  -2.1405902e+00   5.4948916e+00  -1.5031611e+00  -1.4268845e+00   0.0000000e+00
  -1.9419844e-01  -2.1524357e+00   5.4980142e+00  -1.5069993e+00  -1.4237448e+00   0.0000000e+00
  -2.0223062e-01  -2.1474227e+00   5.4622272e+00  -1.4976273e+00  -1.4246437e+00   0.0000000e+00
  -1.9978772e-01  -2.1380268e+00   5.4285490e+00  -1.4882225e+00  -1.4266991e+00   0.0000000e+00
  -1.9273611e-01  -2.1252611e+00   5.3884586e+00  -1.4773622e+00  -1.4295826e+00   0.0000000e+00
  -1.8157081e-01  -2.1103605e+00   5.3449028e+00  -1.4661483e+00  -1.4330556e+00   0.0000000e+00
  -1.6692624e-01  -2.0944685e+00   5.3005350e+00  -1.4553791e+00  -1.4369054e+00   0.0000000e+00
  -1.4966113e-01  -2.0787080e+00   5.2579500e+00  -1.4456414e+00  -1.4409177e+00   0.0000000e+00
  -1.3032714e-01  -2.0636096e+00   5.2183101e+00  -1.4370654e+00  -1.4449923e+00   0.0000000e+00
  -1.0936749e-01  -2.0495460e+00   5.1825377e+00  -1.4296892e+00  -1.4490543e+00   0.0000000e+00
  -8.6929281e-02  -2.0366243e+00   5.1509995e+00  -1.4234216e+00  -1.4530879e+00   0.0000000e+00
  -4.4288082e-02  -2.0167550e+00   5.1060108e+00  -1.4147008e+00  -1.4600955e+00   0.0000000e+00
  -5.4909970e-03  -2.0029460e+00   5.0773137e+00  -1.4092089e+00  -1.4659414e+00   0.0000000e+00
   1.1046238e-02  -1.9982387e+00   5.0683150e+00  -1.4074563e+00  -1.4682934e+00   0.0000000e+00
   2.2781582e-02  -1.9954308e+00   5.0635435e+00  -1.4064745e+00  -1.4698928e+00   0.0000000e+00
   2.9532186e-02  -1.9942147e+00   5.0621547e+00  -1.4061113e+00  -1.4707541e+00   0.0000000e+00
   3.1516551e-02  -1.9943099e+00   5.0633357e+00  -1.4062344e+00  -1.4709377e+00   0.0000000e+00
   2.5533866e-02  -1.9968584e+00   5.0692200e+00  -1.4072660e+00  -1.4699645e+00   0.0000000e+00
   1.0567656e-02  -2.0018381e+00   5.0777342e+00  -1.4090323e+00  -1.4677934e+00   0.0000000e+00
  -1.0142731e-02  -2.0087450e+00   5.0868897e+00  -1.4112622e+00  -1.4648865e+00   0.0000000e+00
  -3.3902209e-02  -2.0171334e+00   5.0952574e+00  -1.4137336e+00  -1.4616216e+00   0.0000000e+00
  -6.2351864e-02  -2.0279985e+00   5.1026089e+00  -1.4166180e+00  -1.4577946e+00   0.0000000e+00
  -9.0439795e-02  -2.0397086e+00   5.1068016e+00  -1.4193719e+00  -1.4541089e+00   0.0000000e+00
  -1.0814027e-01  -2.0476513e+00   5.1077265e+00  -1.4210524e+00  -1.4518369e+00   0.0000000e+00
  -1.2528285e-01  -2.0558153e+00   5.1073082e+00  -1.4226459e+00  -1.4496733e+00   0.0000000e+00
  -1.4194453e-01  -2.0642651e+00   5.1057442e+00  -1.4241853e+00  -1.4476001e+00   0.0000000e+00
  -1.5831872e-01  -2.0731483e+00   5.1033538e+00  -1.4257308e+00  -1.4455803e+00   0.0000000e+00
  -1.7169026e-01  -2.0808906e+00   5.1011025e+00  -1.4270601e+00  -1.4439317e+00   0.0000000e+00
  -1.8532552e-01  -2.0892882e+00   5.0989511e+00  -1.4285260e+00  -1.4422372e+00   0.0000000e+00
  -1.9953596e-01  -2.0986213e+00   5.0973652e+00  -1.4302231e+00  -1.4404412e+00   0.0000000e+00
  -2.1468503e-01  -2.1092481e+00   5.0969363e+00  -1.4322702e+00  -1.4384778e+00   0.0000000e+00
  -2.3094172e-01  -2.1214295e+00   5.0981180e+00  -1.4347536e+00  -1.4363106e+00   0.0000000e+00
  -2.4757878e-01  -2.1347555e+00   5.1003559e+00  -1.4375430e+00  -1.4340504e+00   0.0000000e+00
  -2.6366807e-01  -2.1485450e+00   5.1026673e+00  -1.4404211e+00  -1.4318469e+00   0.0000000e+00
  -2.7829981e-01  -2.1619948e+00   5.1038602e+00  -1.4431317e+00  -1.4298531e+00   0.0000000e+00
  -2.9371044e-01  -2.1774713e+00   5.1017411e+00  -1.4459505e+00  -1.4278200e+00   0.0000000e+00
  -3.0408732e-01  -2.1894863e+00   5.0931623e+00  -1.4475879e+00  -1.4266013e+00   0.0000000e+00
  -3.0863869e-01  -2.1970406e+00   5.0767897e+00  -1.4478172e+00  -1.4263288e+00   0.0000000e+00
  -3.0704417e-01  -2.1996616e+00   5.0530053e+00  -1.4466862e+00  -1.4270252e+00   0.0000000e+00
  -3.0024536e-01  -2.1976067e+00   5.0266451e+00  -1.4446812e+00  -1.4284523e+00   0.0000000e+00
  -2.8879374e-01  -2.1912410e+00   4.9992658e+00  -1.4420009e+00  -1.4305084e+00   0.0000000e+00
  -2.7340810e-01  -2.1808632e+00   4.9735291e+00  -1.4388470e+00  -1.4330523e+00   0.0000000e+00
  -2.5503957e-01  -2.1670986e+00   4.9515222e+00  -1.4353858e+00  -1.4359254e+00   0.0000000e+00
  -2.3419971e-01  -2.1504103e+00   4.9344727e+00  -1.4316807e+00  -1.4390417e+00   0.0000000e+00
  -2.1268211e-01  -2.1325228e+00   4.9242931e+00  -1.4280618e+00  -1.4421183e+00   0.0000000e+00
  -1.9167288e-01  -2.1147001e+00   4.9218464e+00  -1.4247531e+00  -1.4449669e+00   0.0000000e+00
  -1.7217599e-01  -2.0979995e+00   4.9278821e+00  -1.4219790e+00  -1.4474193e+00   0.0000000e+00
  -1.5385108e-01  -2.0823973e+00   4.9442966e+00  -1.4198671e+00  -1.4494481e+00   0.0000000e+00
  -1.3875510e-01  -2.0703241e+00   4.9673726e+00  -1.4188138e+00  -1.4508358e+00   0.0000000e+00
  -1.2719681e-01  -2.0622516e+00   4.9917617e+00  -1.4187095e+00  -1.4516670e+00   0.0000000e+00
  -1.1923610e-01  -2.0577106e+00   5.0123146e+00  -1.4191605e+00  -1.4520918e+00   0.0000000e+00
  -1.1533652e-01  -2.0558810e+00   5.0232136e+00  -1.4195523e+00  -1.4522594e+00   0.0000000e+00
  -1.1352946e-01  -2.0552505e+00   5.0282253e+00  -1.4197834e+00  -1.4523301e+00   0.0000000e+00
  -1.1360231e-01  -2.0555512e+00   5.0273470e+00  -1.4197809e+00  -1.4523378e+00   0.0000000e+00
  -1.1528768e-01  -2.0566574e+00   5.0212108e+00  -1.4195654e+00  -1.4522974e+00   0.0000000e+00
  -1.1834476e-01  -2.0586075e+00   5.0106713e+00  -1.4192246e+00  -1.4522072e+00   0.0000000e+00
  -1.2238771e-01  -2.0614218e+00   4.9970397e+00  -1.4188835e+00  -1.4520681e+00   0.0000000e+00
  -1.2704376e-01  -2.0650947e+00   4.9814269e+00  -1.4186379e+00  -1.4518869e+00   0.0000000e+00
  -1.3194886e-01  -2.0695517e+00   4.9647219e+00  -1.4185396e+00  -1.4516800e+00   0.0000000e+00
  -1.3678902e-01  -2.0747064e+00   4.9474860e+00  -1.4186096e+00  -1.4514684e+00   0.0000000e+00
  -1.4122761e-01  -2.0803740e+00   4.9302647e+00  -1.4188445e+00  -1.4512797e+00   0.0000000e+00
  -1.4501016e-01  -2.0863774e+00   4.9133095e+00  -1.4192205e+00  -1.4511408e+00   0.0000000e+00
  -1.4793497e-01  -2.0925424e+00   4.8967261e+00  -1.4197052e+00  -1.4510766e+00   0.0000000e+00
  -1.5030702e-01  -2.1011359e+00   4.8741513e+00  -1.4204992e+00  -1.4511531e+00   0.0000000e+00
  -1.5045435e-01  -2.1094373e+00   4.8520732e+00  -1.4213651e+00  -1.4514621e+00   0.0000000e+00
  -1.4823086e-01  -2.1173235e+00   4.8301886e+00  -1.4222658e+00  -1.4520322e+00   0.0000000e+00
  -1.4358658e-01  -2.1248802e+00   4.8081432e+00  -1.4232064e+00  -1.4528771e+00   0.0000000e+00
  -1.3663295e-01  -2.1322498e+00   4.7858766e+00  -1.4242097e+00  -1.4539839e+00   0.0000000e+00
  -1.2738370e-01  -2.1405171e+00   4.7624150e+00  -1.4254651e+00  -1.4553474e+00   0.0000000e+00
  -1.1594818e-01  -2.1507519e+00   4.7374752e+00  -1.4271668e+00  -1.4569363e+00   0.0000000e+00
  -1.0250465e-01  -2.1635532e+00   4.7118220e+00  -1.4294251e+00  -1.4587005e+00   0.0000000e+00
  -9.0038832e-02  -2.1755957e+00   4.6915391e+00  -1.4316251e+00  -1.4602540e+00   0.0000000e+00
  -7.6632166e-02  -2.1868986e+00   4.6736737e+00  -1.4337417e+00  -1.4618807e+00   0.0000000e+00
  -6.2633233e-02  -2.1956148e+00   4.6589926e+00  -1.4354290e+00  -1.4635715e+00   0.0000000e+00
  -4.8502696e-02  -2.2001320e+00   4.6478080e+00  -1.4363880e+00  -1.4653074e+00   0.0000000e+00
  -3.6908285e-02  -2.1997868e+00   4.6411077e+00  -1.4364656e+00  -1.4667792e+00   0.0000000e+00
  -2.6052417e-02  -2.1954257e+00   4.6370270e+00  -1.4358263e+00  -1.4682098e+00   0.0000000e+00
  -1.6432212e-02  -2.1872634e+00   4.6357389e+00  -1.4344959e+00  -1.4695325e+00   0.0000000e+00
  -8.6215138e-03  -2.1759121e+00   4.6374643e+00  -1.4325695e+00  -1.4706611e+00   0.0000000e+00
  -3.1821097e-03  -2.1620917e+00   4.6425631e+00  -1.4301627e+00  -1.4715041e+00   0.0000000e+00
  -9.4184941e-04  -2.1471960e+00   4.6512520e+00  -1.4275162e+00  -1.4719260e+00   0.0000000e+00
  -2.4128496e-03  -2.1324342e+00   4.6635804e+00  -1.4248519e+00  -1.4718355e+00   0.0000000e+00
  -7.8492194e-03  -2.1188840e+00   4.6793914e+00  -1.4223818e+00  -1.4711784e+00   0.0000000e+00
  -1.7314569e-02  -2.1073125e+00   4.6985720e+00  -1.4202726e+00  -1.4699296e+00   0.0000000e+00
  -3.0056553e-02  -2.0984134e+00   4.7203154e+00  -1.4186863e+00  -1.4681769e+00   0.0000000e+00
  -4.4928069e-02  -2.0922807e+00   4.7437276e+00  -1.4176711e+00  -1.4660707e+00   0.0000000e+00
  -6.0448127e-02  -2.0885775e+00   4.7676916e+00  -1.4171847e+00  -1.4638156e+00   0.0000000e+00
  -7.5534336e-02  -2.0865620e+00   4.7918438e+00  -1.4171082e+00  -1.4615625e+00   0.0000000e+00
  -8.8017659e-02  -2.0854409e+00   4.8138231e+00  -1.4172631e+00  -1.4596342e+00   0.0000000e+00
  -9.6799212e-02  -2.0843529e+00   4.8323792e+00  -1.4174459e+00  -1.4582069e+00   0.0000000e+00
  -1.0125847e-01  -2.0827215e+00   4.8463426e+00  -1.4174888e+00  -1.4573940e+00   0.0000000e+00
  -9.9021573e-02  -2.0782816e+00   4.8571301e+00  -1.4169850e+00  -1.4574849e+00   0.0000000e+00
  -8.6184730e-02  -2.0717735e+00   4.8535838e+00  -1.4157270e+00  -1.4591908e+00   0.0000000e+00
  -6.5965736e-02  -2.0645122e+00   4.8398679e+00  -1.4140725e+00  -1.4620188e+00   0.0000000e+00
  -4.0506048e-02  -2.0575755e+00   4.8201854e+00  -1.4123814e+00  -1.4655977e+00   0.0000000e+00
  -1.1398127e-02  -2.0519545e+00   4.7974457e+00  -1.4109452e+00  -1.4696498e+00   0.0000000e+00
   1.9078431e-02  -2.0485796e+00   4.7742652e+00  -1.4099996e+00  -1.4738239e+00   0.0000000e+00
   3.7325489e-02  -2.0478293e+00   4.7607684e+00  -1.4097102e+00  -1.4762850e+00   0.0000000e+00
   5.5443996e-02  -2.0480000e+00   4.7478155e+00  -1.4096211e+00  -1.4786961e+00   0.0000000e+00
   7.3328716e-02  -2.0489753e+00   4.7357165e+00  -1.4097094e+00  -1.4810390e+00   0.0000000e+00
   9.0930412e-02  -2.0505853e+00   4.7247496e+00  -1.4099401e+00  -1.4833043e+00   0.0000000e+00
   1.1350010e-01  -2.0532989e+00   4.7125263e+00  -1.4103838e+00  -1.4861437e+00   0.0000000e+00
   1.3572098e-01  -2.0562610e+00   4.7029942e+00  -1.4108957e+00  -1.4888638e+00   0.0000000e+00
   1.5787099e-01  -2.0590682e+00   4.6964098e+00  -1.4113909e+00  -1.4914977e+00   0.0000000e+00
   1.8040745e-01  -2.0614370e+00   4.6929685e+00  -1.4118085e+00  -1.4940967e+00   0.0000000e+00
   2.1046546e-01  -2.0636323e+00   4.6934219e+00  -1.4121854e+00  -1.4974378e+00   0.0000000e+00
   2.4449238e-01  -2.0653590e+00   4.7000167e+00  -1.4124668e+00  -1.5010476e+00   0.0000000e+00
   2.8241590e-01  -2.0675064e+00   4.7137233e+00  -1.4128287e+00  -1.5048462e+00   0.0000000e+00
   3.1659768e-01  -2.0695884e+00   4.7328289e+00  -1.4132340e+00  -1.5080236e+00   0.0000000e+00
   3.3133288e-01  -2.0700229e+00   4.7443658e+00  -1.4133699e+00  -1.5092890e+00   0.0000000e+00
   3.4147622e-01  -2.0694109e+00   4.7551600e+00  -1.4133427e+00  -1.5100885e+00   0.0000000e+00
   3.4644667e-01  -2.0674928e+00   4.7643488e+00  -1.4130939e+00  -1.5103970e+00   0.0000000e+00
   3.4600069e-01  -2.0642030e+00   4.7713054e+00  -1.4125961e+00  -1.5102131e+00   0.0000000e+00
   3.3712975e-01  -2.0579216e+00   4.7764965e+00  -1.4115581e+00  -1.5092348e+00   0.0000000e+00
   3.1980667e-01  -2.0505651e+00   4.7773298e+00  -1.4102769e+00  -1.5074827e+00   0.0000000e+00
   2.9566701e-01  -2.0434620e+00   4.7745477e+00  -1.4089923e+00  -1.5050684e+00   0.0000000e+00
   2.6675729e-01  -2.0378028e+00   4.7690040e+00  -1.4079241e+00  -1.5021530e+00   0.0000000e+00
   2.2322209e-01  -2.0340877e+00   4.7587391e+00  -1.4071456e+00  -1.4976588e+00   0.0000000e+00
   1.7999637e-01  -2.0356246e+00   4.7479297e+00  -1.4073053e+00  -1.4930397e+00   0.0000000e+00
   1.3969585e-01  -2.0410897e+00   4.7392513e+00  -1.4081912e+00  -1.4885613e+00   0.0000000e+00
   1.0263710e-01  -2.0482309e+00   4.7354164e+00  -1.4094115e+00  -1.4842582e+00   0.0000000e+00
   7.4291183e-02  -2.0539822e+00   4.7371933e+00  -1.4104218e+00  -1.4808277e+00   0.0000000e+00
   5.7586248e-02  -2.0559894e+00   4.7431806e+00  -1.4108072e+00  -1.4787100e+00   0.0000000e+00
   5.3497204e-02  -2.0550886e+00   4.7478586e+00  -1.4106834e+00  -1.4781419e+00   0.0000000e+00
   5.2549785e-02  -2.0528573e+00   4.7534825e+00  -1.4103401e+00  -1.4779408e+00   0.0000000e+00
   5.4282557e-02  -2.0494935e+00   4.7600881e+00  -1.4098153e+00  -1.4780475e+00   0.0000000e+00
   5.8205542e-02  -2.0452568e+00   4.7677291e+00  -1.4091587e+00  -1.4783973e+00   0.0000000e+00
   6.4971855e-02  -2.0395501e+00   4.7781345e+00  -1.4082944e+00  -1.4790319e+00   0.0000000e+00
   7.3412557e-02  -2.0334856e+00   4.7901204e+00  -1.4074158e+00  -1.4798194e+00   0.0000000e+00
   8.2967549e-02  -2.0274360e+00   4.8036898e+00  -1.4066010e+00  -1.4806842e+00   0.0000000e+00
   9.3216495e-02  -2.0216897e+00   4.8187800e+00  -1.4059141e+00  -1.4815708e+00   0.0000000e+00
   1.0618610e-01  -2.0154185e+00   4.8390006e+00  -1.4053250e+00  -1.4826232e+00   0.0000000e+00
   1.1947949e-01  -2.0101276e+00   4.8611207e+00  -1.4050638e+00  -1.4836167e+00   0.0000000e+00
   1.3303855e-01  -2.0059510e+00   4.8849872e+00  -1.4051810e+00  -1.4845417e+00   0.0000000e+00
   1.4700910e-01  -2.0029635e+00   4.9105282e+00  -1.4057207e+00  -1.4854109e+00   0.0000000e+00
   1.5907399e-01  -2.0014222e+00   4.9328795e+00  -1.4065154e+00  -1.4861074e+00   0.0000000e+00
   1.7175300e-01  -2.0007741e+00   4.9565382e+00  -1.4076689e+00  -1.4867899e+00   0.0000000e+00
   1.8484781e-01  -2.0010783e+00   4.9817212e+00  -1.4092340e+00  -1.4874231e+00   0.0000000e+00
   1.9782539e-01  -2.0023837e+00   5.0087055e+00  -1.4112747e+00  -1.4879315e+00   0.0000000e+00
   2.0997088e-01  -2.0047320e+00   5.0378553e+00  -1.4138755e+00  -1.4882146e+00   0.0000000e+00
   2.2070274e-01  -2.0081259e+00   5.0695700e+00  -1.4171215e+00  -1.4881872e+00   0.0000000e+00
   2.2952965e-01  -2.0126670e+00   5.1046265e+00  -1.4211925e+00  -1.4877535e+00   0.0000000e+00
   2.3608415e-01  -2.0186167e+00   5.1443367e+00  -1.4264098e+00  -1.4868008e+00   0.0000000e+00
   2.3971529e-01  -2.0252102e+00   5.1836272e+00  -1.4321859e+00  -1.4854647e+00   0.0000000e+00
   2.4141099e-01  -2.0332952e+00   5.2270453e+00  -1.4393438e+00  -1.4836370e+00   0.0000000e+00
   2.4115093e-01  -2.0424711e+00   5.2719583e+00  -1.4476151e+00  -1.4814184e+00   0.0000000e+00
   2.3898142e-01  -2.0518970e+00   5.3147368e+00  -1.4563308e+00  -1.4789907e+00   0.0000000e+00
   2.3501713e-01  -2.0603937e+00   5.3512012e+00  -1.4644702e+00  -1.4765993e+00   0.0000000e+00
   2.2944792e-01  -2.0666702e+00   5.3775290e+00  -1.4707046e+00  -1.4745264e+00   0.0000000e+00
   2.2253647e-01  -2.0697573e+00   5.3909627e+00  -1.4739713e+00  -1.4730017e+00   0.0000000e+00
   2.1461689e-01  -2.0691804e+00   5.3901918e+00  -1.4736983e+00  -1.4721640e+00   0.0000000e+00
   2.0596438e-01  -2.0649302e+00   5.3751469e+00  -1.4698218e+00  -1.4720501e+00   0.0000000e+00
   1.9713693e-01  -2.0578464e+00   5.3479994e+00  -1.4632724e+00  -1.4725486e+00   0.0000000e+00
   1.8857931e-01  -2.0490043e+00   5.3117092e+00  -1.4551767e+00  -1.4734933e+00   0.0000000e+00
   1.8070153e-01  -2.0394873e+00   5.2694379e+00  -1.4465629e+00  -1.4747245e+00   0.0000000e+00
   1.7361006e-01  -2.0299668e+00   5.2225065e+00  -1.4380038e+00  -1.4761527e+00   0.0000000e+00
   1.6791028e-01  -2.0215636e+00   5.1752360e+00  -1.4303979e+00  -1.4776301e+00   0.0000000e+00
   1.6374043e-01  -2.0146913e+00   5.1294638e+00  -1.4239871e+00  -1.4790990e+00   0.0000000e+00
   1.6109186e-01  -2.0094738e+00   5.0860823e+00  -1.4187734e+00  -1.4805370e+00   0.0000000e+00
   1.5974253e-01  -2.0054660e+00   5.0402812e+00  -1.4141391e+00  -1.4821180e+00   0.0000000e+00
   1.5969472e-01  -2.0033879e+00   4.9975732e+00  -1.4106557e+00  -1.4836325e+00   0.0000000e+00
   1.6043711e-01  -2.0030739e+00   4.9595014e+00  -1.4082402e+00  -1.4849918e+00   0.0000000e+00
   1.6139813e-01  -2.0040242e+00   4.9286988e+00  -1.4067698e+00  -1.4860760e+00   0.0000000e+00
   1.6198838e-01  -2.0054244e+00   4.9075783e+00  -1.4060276e+00  -1.4867800e+00   0.0000000e+00
   1.6174520e-01  -2.0065979e+00   4.8951566e+00  -1.4057060e+00  -1.4871130e+00   0.0000000e+00
   1.6030478e-01  -2.0071832e+00   4.8905755e+00  -1.4056263e+00  -1.4870772e+00   0.0000000e+00
   1.5743046e-01  -2.0071277e+00   4.8927172e+00  -1.4057037e+00  -1.4866852e+00   0.0000000e+00
   1.5265404e-01  -2.0065848e+00   4.9010386e+00  -1.4059546e+00  -1.4858962e+00   0.0000000e+00
   1.4611575e-01  -2.0059124e+00   4.9143751e+00  -1.4064281e+00  -1.4847513e+00   0.0000000e+00
   1.3790269e-01  -2.0054737e+00   4.9316348e+00  -1.4071824e+00  -1.4832824e+00   0.0000000e+00
   1.2817315e-01  -2.0055524e+00   4.9518931e+00  -1.4082664e+00  -1.4815267e+00   0.0000000e+00
   1.1779553e-01  -2.0062971e+00   4.9730756e+00  -1.4096293e+00  -1.4796428e+00   0.0000000e+00
   1.0641612e-01  -2.0078165e+00   4.9958219e+00  -1.4113512e+00  -1.4775657e+00   0.0000000e+00
   9.4192262e-02  -2.0101810e+00   5.0198191e+00  -1.4134546e+00  -1.4753195e+00   0.0000000e+00
   8.1267192e-02  -2.0134308e+00   5.0448989e+00  -1.4159632e+00  -1.4729231e+00   0.0000000e+00
   6.7518526e-02  -2.0176742e+00   5.0715228e+00  -1.4189661e+00  -1.4703419e+00   0.0000000e+00
   5.3265482e-02  -2.0228974e+00   5.0993941e+00  -1.4224713e+00  -1.4676200e+00   0.0000000e+00
   3.8575162e-02  -2.0291812e+00   5.1288853e+00  -1.4265737e+00  -1.4647466e+00   0.0000000e+00
   2.3486505e-02  -2.0366726e+00   5.1606383e+00  -1.4314310e+00  -1.4616938e+00   0.0000000e+00
   5.1338709e-03  -2.0473998e+00   5.2024155e+00  -1.4384620e+00  -1.4577880e+00   0.0000000e+00
  -1.3788374e-02  -2.0608110e+00   5.2507156e+00  -1.4475631e+00  -1.4534404e+00   0.0000000e+00
  -3.3369931e-02  -2.0772884e+00   5.3057990e+00  -1.4592262e+00  -1.4485819e+00   0.0000000e+00
  -5.3778786e-02  -2.0966485e+00   5.3653997e+00  -1.4734904e+00  -1.4432437e+00   0.0000000e+00
  -8.1686583e-02  -2.1246056e+00   5.4422684e+00  -1.4949076e+00  -1.4358588e+00   0.0000000e+00
  -1.1242050e-01  -2.1541489e+00   5.5121739e+00  -1.5179490e+00  -1.4281556e+00   0.0000000e+00
  -1.4583174e-01  -2.1827169e+00   5.5675319e+00  -1.5395025e+00  -1.4206828e+00   0.0000000e+00
  -1.7506739e-01  -2.2029517e+00   5.5944628e+00  -1.5524093e+00  -1.4153320e+00   0.0000000e+00
  -1.9296670e-01  -2.2067690e+00   5.5794575e+00  -1.5494169e+00  -1.4139853e+00   0.0000000e+00
  -1.9501327e-01  -2.1918800e+00   5.5227482e+00  -1.5313382e+00  -1.4169930e+00   0.0000000e+00
  -1.8882797e-01  -2.1766534e+00   5.4764690e+00  -1.5171686e+00  -1.4202490e+00   0.0000000e+00
  -1.7784783e-01  -2.1587592e+00   5.4256545e+00  -1.5025936e+00  -1.4241824e+00   0.0000000e+00
  -1.6283122e-01  -2.1398082e+00   5.3740313e+00  -1.4888690e+00  -1.4284978e+00   0.0000000e+00
  -1.4460420e-01  -2.1210326e+00   5.3244361e+00  -1.4766624e+00  -1.4329757e+00   0.0000000e+00
  -1.0764257e-01  -2.0911887e+00   5.2485900e+00  -1.4595711e+00  -1.4407199e+00   0.0000000e+00
  -6.5409432e-02  -2.0658463e+00   5.1886018e+00  -1.4471173e+00  -1.4482622e+00   0.0000000e+00
  -2.8052707e-02  -2.0487396e+00   5.1515546e+00  -1.4397003e+00  -1.4542145e+00   0.0000000e+00
   3.3217785e-03  -2.0373274e+00   5.1286485e+00  -1.4351502e+00  -1.4588562e+00   0.0000000e+00
   2.3718252e-02  -2.0313054e+00   5.1180478e+00  -1.4329469e+00  -1.4616933e+00   0.0000000e+00
   3.1591681e-02  -2.0294811e+00   5.1163888e+00  -1.4324297e+00  -1.4626923e+00   0.0000000e+00
   2.7825387e-02  -2.0308544e+00   5.1206089e+00  -1.4330984e+00  -1.4620823e+00   0.0000000e+00
   1.4625692e-02  -2.0347972e+00   5.1280298e+00  -1.4345910e+00  -1.4602228e+00   0.0000000e+00
  -4.7982901e-03  -2.0407536e+00   5.1364795e+00  -1.4366019e+00  -1.4575701e+00   0.0000000e+00
  -2.7687944e-02  -2.0482588e+00   5.1443962e+00  -1.4388887e+00  -1.4545062e+00   0.0000000e+00
  -5.5150624e-02  -2.0580349e+00   5.1513262e+00  -1.4415462e+00  -1.4509063e+00   0.0000000e+00
  -8.2533887e-02  -2.0686713e+00   5.1552335e+00  -1.4440771e+00  -1.4474058e+00   0.0000000e+00
  -9.9717969e-02  -2.0758381e+00   5.1559897e+00  -1.4455915e+00  -1.4452587e+00   0.0000000e+00
  -1.1638974e-01  -2.0831975e+00   5.1554028e+00  -1.4470078e+00  -1.4432129e+00   0.0000000e+00
  -1.3258276e-01  -2.0907891e+00   5.1536271e+00  -1.4483510e+00  -1.4412574e+00   0.0000000e+00
  -1.4843535e-01  -2.0987240e+00   5.1509257e+00  -1.4496702e+00  -1.4393647e+00   0.0000000e+00
  -1.6122554e-01  -2.1055522e+00   5.1483111e+00  -1.4507763e+00  -1.4378431e+00   0.0000000e+00
  -1.7413973e-01  -2.1128904e+00   5.1456143e+00  -1.4519750e+00  -1.4362998e+00   0.0000000e+00
  -1.8742843e-01  -2.1209616e+00   5.1432143e+00  -1.4533442e+00  -1.4346901e+00   0.0000000e+00
  -2.0140555e-01  -2.1300642e+00   5.1416086e+00  -1.4549854e+00  -1.4329582e+00   0.0000000e+00
  -2.1644611e-01  -2.1405777e+00   5.1414243e+00  -1.4570250e+00  -1.4310364e+00   0.0000000e+00
  -2.3227735e-01  -2.1524465e+00   5.1426364e+00  -1.4594462e+00  -1.4289600e+00   0.0000000e+00
  -2.4819019e-01  -2.1652109e+00   5.1445923e+00  -1.4620997e+00  -1.4268389e+00   0.0000000e+00
  -2.6334361e-01  -2.1781948e+00   5.1462920e+00  -1.4647661e+00  -1.4248102e+00   0.0000000e+00
  -2.7854587e-01  -2.1921906e+00   5.1463813e+00  -1.4674823e+00  -1.4228023e+00   0.0000000e+00
  -2.9069921e-01  -2.2043366e+00   5.1428693e+00  -1.4695295e+00  -1.4212727e+00   0.0000000e+00
  -2.9908362e-01  -2.2137505e+00   5.1343985e+00  -1.4706510e+00  -1.4203488e+00   0.0000000e+00
  -3.0323345e-01  -2.2198442e+00   5.1201313e+00  -1.4707200e+00  -1.4201067e+00   0.0000000e+00
  -3.0265124e-01  -2.2223996e+00   5.0975337e+00  -1.4696014e+00  -1.4206547e+00   0.0000000e+00
  -2.9672748e-01  -2.2204675e+00   5.0702162e+00  -1.4675022e+00  -1.4219847e+00   0.0000000e+00
  -2.8586220e-01  -2.2140835e+00   5.0413579e+00  -1.4647054e+00  -1.4239771e+00   0.0000000e+00
  -2.7078058e-01  -2.2035102e+00   5.0138090e+00  -1.4614185e+00  -1.4264891e+00   0.0000000e+00
  -2.5419097e-01  -2.1907056e+00   4.9919136e+00  -1.4581391e+00  -1.4290942e+00   0.0000000e+00
  -2.3583184e-01  -2.1757535e+00   4.9745551e+00  -1.4547537e+00  -1.4318517e+00   0.0000000e+00
  -2.1663309e-01  -2.1595839e+00   4.9627535e+00  -1.4514149e+00  -1.4346183e+00   0.0000000e+00
  -1.9749732e-01  -2.1431471e+00   4.9572123e+00  -1.4482796e+00  -1.4372545e+00   0.0000000e+00
  -1.7994383e-01  -2.1279347e+00   4.9581356e+00  -1.4455998e+00  -1.4395458e+00   0.0000000e+00
  -1.6380728e-01  -2.1139477e+00   4.9659192e+00  -1.4434175e+00  -1.4414890e+00   0.0000000e+00
  -1.4952972e-01  -2.1017866e+00   4.9802696e+00  -1.4418724e+00  -1.4430157e+00   0.0000000e+00
  -1.3740286e-01  -2.0920131e+00   4.9991468e+00  -1.4410319e+00  -1.4441199e+00   0.0000000e+00
  -1.2758111e-01  -2.0849545e+00   5.0192715e+00  -1.4408535e+00  -1.4448520e+00   0.0000000e+00
  -1.2011279e-01  -2.0802759e+00   5.0375429e+00  -1.4410945e+00  -1.4452997e+00   0.0000000e+00
  -1.1496076e-01  -2.0775013e+00   5.0515696e+00  -1.4414908e+00  -1.4455498e+00   0.0000000e+00
  -1.1201177e-01  -2.0761324e+00   5.0598824e+00  -1.4418068e+00  -1.4456754e+00   0.0000000e+00
  -1.1108411e-01  -2.0757358e+00   5.0619870e+00  -1.4418772e+00  -1.4457284e+00   0.0000000e+00
  -1.1180983e-01  -2.0761017e+00   5.0587074e+00  -1.4417178e+00  -1.4457321e+00   0.0000000e+00
  -1.1393060e-01  -2.0771819e+00   5.0508159e+00  -1.4413854e+00  -1.4456928e+00   0.0000000e+00
  -1.1715486e-01  -2.0789759e+00   5.0393019e+00  -1.4409667e+00  -1.4456123e+00   0.0000000e+00
  -1.2107570e-01  -2.0814552e+00   5.0255871e+00  -1.4405749e+00  -1.4454933e+00   0.0000000e+00
  -1.2544887e-01  -2.0846510e+00   5.0103454e+00  -1.4402780e+00  -1.4453407e+00   0.0000000e+00
  -1.2998520e-01  -2.0885146e+00   4.9942845e+00  -1.4401207e+00  -1.4451671e+00   0.0000000e+00
  -1.3441733e-01  -2.0929494e+00   4.9779201e+00  -1.4401172e+00  -1.4449904e+00   0.0000000e+00
  -1.3918093e-01  -2.0987315e+00   4.9587105e+00  -1.4402987e+00  -1.4448067e+00   0.0000000e+00
  -1.4314763e-01  -2.1048973e+00   4.9398478e+00  -1.4406488e+00  -1.4446823e+00   0.0000000e+00
  -1.4606795e-01  -2.1112276e+00   4.9214467e+00  -1.4411255e+00  -1.4446485e+00   0.0000000e+00
  -1.4776139e-01  -2.1175359e+00   4.9034886e+00  -1.4416875e+00  -1.4447316e+00   0.0000000e+00
  -1.4781171e-01  -2.1263611e+00   4.8780506e+00  -1.4425850e+00  -1.4450985e+00   0.0000000e+00
  -1.4487186e-01  -2.1346697e+00   4.8528438e+00  -1.4435358e+00  -1.4457902e+00   0.0000000e+00
  -1.3888070e-01  -2.1426448e+00   4.8273440e+00  -1.4445593e+00  -1.4468231e+00   0.0000000e+00
  -1.2987721e-01  -2.1509260e+00   4.8009596e+00  -1.4457627e+00  -1.4481927e+00   0.0000000e+00
  -1.2304920e-01  -2.1564853e+00   4.7843982e+00  -1.4466494e+00  -1.4491704e+00   0.0000000e+00
  -1.1520907e-01  -2.1631368e+00   4.7670863e+00  -1.4477765e+00  -1.4502474e+00   0.0000000e+00
  -1.0641426e-01  -2.1712288e+00   4.7491548e+00  -1.4492058e+00  -1.4514066e+00   0.0000000e+00
  -9.6745936e-02  -2.1805136e+00   4.7313282e+00  -1.4508920e+00  -1.4526305e+00   0.0000000e+00
  -8.6314669e-02  -2.1902101e+00   4.7146555e+00  -1.4526911e+00  -1.4539051e+00   0.0000000e+00
  -7.5272215e-02  -2.1992369e+00   4.6997848e+00  -1.4544005e+00  -1.4552277e+00   0.0000000e+00
  -6.3818848e-02  -2.2065335e+00   4.6871190e+00  -1.4558239e+00  -1.4565945e+00   0.0000000e+00
  -5.2207447e-02  -2.2111509e+00   4.6768390e+00  -1.4567879e+00  -1.4579969e+00   0.0000000e+00
  -4.0027191e-02  -2.2122793e+00   4.6685519e+00  -1.4571563e+00  -1.4595084e+00   0.0000000e+00
  -2.8463950e-02  -2.2091040e+00   4.6630918e+00  -1.4567678e+00  -1.4609982e+00   0.0000000e+00
  -1.8051374e-02  -2.2016936e+00   4.6606233e+00  -1.4556208e+00  -1.4624000e+00   0.0000000e+00
  -9.4154615e-03  -2.1906076e+00   4.6613795e+00  -1.4537968e+00  -1.4636241e+00   0.0000000e+00
  -3.2354198e-03  -2.1767886e+00   4.6656652e+00  -1.4514431e+00  -1.4645630e+00   0.0000000e+00
  -3.0474171e-04  -2.1615904e+00   4.6737564e+00  -1.4487852e+00  -1.4650865e+00   0.0000000e+00
  -1.2165950e-03  -2.1463383e+00   4.6857442e+00  -1.4460586e+00  -1.4650910e+00   0.0000000e+00
  -6.2986719e-03  -2.1322326e+00   4.7014886e+00  -1.4434930e+00  -1.4645111e+00   0.0000000e+00
  -1.5450100e-02  -2.1203619e+00   4.7204727e+00  -1.4413124e+00  -1.4633410e+00   0.0000000e+00
  -2.8013860e-02  -2.1111938e+00   4.7421683e+00  -1.4396393e+00  -1.4616551e+00   0.0000000e+00
  -4.2846523e-02  -2.1048590e+00   4.7656676e+00  -1.4385328e+00  -1.4596002e+00   0.0000000e+00
  -5.8437995e-02  -2.1010330e+00   4.7898212e+00  -1.4379598e+00  -1.4573813e+00   0.0000000e+00
  -7.3048744e-02  -2.0990211e+00   4.8132173e+00  -1.4378041e+00  -1.4552445e+00   0.0000000e+00
  -8.5324750e-02  -2.0979032e+00   4.8346651e+00  -1.4378813e+00  -1.4533917e+00   0.0000000e+00
  -9.4233016e-02  -2.0968777e+00   4.8530015e+00  -1.4380100e+00  -1.4519852e+00   0.0000000e+00
  -9.9160853e-02  -2.0953786e+00   4.8671412e+00  -1.4380357e+00  -1.4511335e+00   0.0000000e+00
  -9.8100909e-02  -2.0910858e+00   4.8791911e+00  -1.4375645e+00  -1.4510682e+00   0.0000000e+00
  -8.6358287e-02  -2.0846067e+00   4.8766720e+00  -1.4363671e+00  -1.4526066e+00   0.0000000e+00
  -6.6793107e-02  -2.0771246e+00   4.8633340e+00  -1.4347447e+00  -1.4553182e+00   0.0000000e+00
  -4.1703360e-02  -2.0698245e+00   4.8435261e+00  -1.4330662e+00  -1.4588157e+00   0.0000000e+00
  -1.3180809e-02  -2.0638304e+00   4.8206947e+00  -1.4316481e+00  -1.4627541e+00   0.0000000e+00
   1.6821850e-02  -2.0599979e+00   4.7973014e+00  -1.4307007e+00  -1.4668306e+00   0.0000000e+00
   3.4778886e-02  -2.0589505e+00   4.7836784e+00  -1.4304022e+00  -1.4692340e+00   0.0000000e+00
   5.2633896e-02  -2.0588196e+00   4.7705507e+00  -1.4302993e+00  -1.4715927e+00   0.0000000e+00
   7.0275460e-02  -2.0595056e+00   4.7582199e+00  -1.4303712e+00  -1.4738882e+00   0.0000000e+00
   8.7646862e-02  -2.0608524e+00   4.7469633e+00  -1.4305855e+00  -1.4761103e+00   0.0000000e+00
   1.0985956e-01  -2.0632709e+00   4.7343128e+00  -1.4310092e+00  -1.4788903e+00   0.0000000e+00
   1.3170992e-01  -2.0660121e+00   4.7242599e+00  -1.4315064e+00  -1.4815540e+00   0.0000000e+00
   1.5344176e-01  -2.0686750e+00   4.7170669e+00  -1.4319926e+00  -1.4841305e+00   0.0000000e+00
   1.7546149e-01  -2.0709632e+00   4.7129253e+00  -1.4324047e+00  -1.4866656e+00   0.0000000e+00
   2.0570617e-01  -2.0731595e+00   4.7124150e+00  -1.4327790e+00  -1.4900253e+00   0.0000000e+00
   2.3981423e-01  -2.0748024e+00   4.7182331e+00  -1.4330203e+00  -1.4936434e+00   0.0000000e+00
   2.7832301e-01  -2.0768516e+00   4.7315014e+00  -1.4333074e+00  -1.4975036e+00   0.0000000e+00
   3.1354679e-01  -2.0789454e+00   4.7506791e+00  -1.4336334e+00  -1.5007851e+00   0.0000000e+00
   3.2912112e-01  -2.0794054e+00   4.7626819e+00  -1.4337289e+00  -1.5021279e+00   0.0000000e+00
   3.3969580e-01  -2.0787266e+00   4.7738917e+00  -1.4336533e+00  -1.5029667e+00   0.0000000e+00
   3.4460186e-01  -2.0766094e+00   4.7833133e+00  -1.4333443e+00  -1.5032719e+00   0.0000000e+00
   3.4357684e-01  -2.0729893e+00   4.7902390e+00  -1.4327751e+00  -1.5030422e+00   0.0000000e+00
   3.3475039e-01  -2.0669473e+00   4.7947161e+00  -1.4317735e+00  -1.5020975e+00   0.0000000e+00
   3.1851902e-01  -2.0599652e+00   4.7953234e+00  -1.4305753e+00  -1.5004791e+00   0.0000000e+00
   2.9624501e-01  -2.0531512e+00   4.7926844e+00  -1.4293747e+00  -1.4982793e+00   0.0000000e+00
   2.6962509e-01  -2.0475273e+00   4.7875365e+00  -1.4283551e+00  -1.4956284e+00   0.0000000e+00
   2.2563902e-01  -2.0431028e+00   4.7770244e+00  -1.4275031e+00  -1.4911436e+00   0.0000000e+00
   1.8162707e-01  -2.0441639e+00   4.7657391e+00  -1.4276141e+00  -1.4864948e+00   0.0000000e+00
   1.4056681e-01  -2.0494298e+00   4.7565351e+00  -1.4284794e+00  -1.4819821e+00   0.0000000e+00
   1.0285894e-01  -2.0565394e+00   4.7523237e+00  -1.4296844e+00  -1.4776501e+00   0.0000000e+00
   7.5110963e-02  -2.0620831e+00   4.7538182e+00  -1.4306323e+00  -1.4743309e+00   0.0000000e+00
   5.8405454e-02  -2.0641204e+00   4.7593848e+00  -1.4309906e+00  -1.4722468e+00   0.0000000e+00
   5.4049075e-02  -2.0633086e+00   4.7638785e+00  -1.4308651e+00  -1.4716602e+00   0.0000000e+00
   5.2840487e-02  -2.0611685e+00   4.7693136e+00  -1.4305206e+00  -1.4714393e+00   0.0000000e+00
   5.4330254e-02  -2.0578875e+00   4.7757219e+00  -1.4299922e+00  -1.4715271e+00   0.0000000e+00
   5.8034896e-02  -2.0537184e+00   4.7831562e+00  -1.4293273e+00  -1.4718605e+00   0.0000000e+00
   6.4609126e-02  -2.0480437e+00   4.7933530e+00  -1.4284406e+00  -1.4724830e+00   0.0000000e+00
   7.2904704e-02  -2.0419847e+00   4.8051386e+00  -1.4275282e+00  -1.4732645e+00   0.0000000e+00
   8.2350940e-02  -2.0359212e+00   4.8185217e+00  -1.4266682e+00  -1.4741288e+00   0.0000000e+00
   9.2517266e-02  -2.0301481e+00   4.8334434e+00  -1.4259250e+00  -1.4750188e+00   0.0000000e+00
   1.0531349e-01  -2.0238784e+00   4.8533341e+00  -1.4252575e+00  -1.4760718e+00   0.0000000e+00
   1.1843943e-01  -2.0185726e+00   4.8751280e+00  -1.4248997e+00  -1.4770694e+00   0.0000000e+00
   1.3182431e-01  -2.0143681e+00   4.8986723e+00  -1.4249025e+00  -1.4780004e+00   0.0000000e+00
   1.4559875e-01  -2.0113412e+00   4.9238900e+00  -1.4253098e+00  -1.4788755e+00   0.0000000e+00
   1.5759339e-01  -2.0097467e+00   4.9462019e+00  -1.4259897e+00  -1.4795822e+00   0.0000000e+00
   1.7020789e-01  -2.0090548e+00   4.9698327e+00  -1.4270208e+00  -1.4802760e+00   0.0000000e+00
   1.8327942e-01  -2.0093265e+00   4.9949985e+00  -1.4284553e+00  -1.4809259e+00   0.0000000e+00
   1.9628530e-01  -2.0106155e+00   5.0219801e+00  -1.4303574e+00  -1.4814580e+00   0.0000000e+00
   2.0850225e-01  -2.0129696e+00   5.0511481e+00  -1.4328115e+00  -1.4817711e+00   0.0000000e+00
   2.1933697e-01  -2.0163937e+00   5.0829002e+00  -1.4359020e+00  -1.4817797e+00   0.0000000e+00
   2.2828535e-01  -2.0209920e+00   5.1180127e+00  -1.4398062e+00  -1.4813873e+00   0.0000000e+00
   2.3496806e-01  -2.0270297e+00   5.1578029e+00  -1.4448413e+00  -1.4804811e+00   0.0000000e+00
   2.4043825e-01  -2.0413361e+00   5.2376514e+00  -1.4569001e+00  -1.4775437e+00   0.0000000e+00
   2.3867024e-01  -2.0597401e+00   5.3239145e+00  -1.4730692e+00  -1.4731428e+00   0.0000000e+00
   2.3017559e-01  -2.0752989e+00   5.3894326e+00  -1.4876871e+00  -1.4687250e+00   0.0000000e+00
   2.1646875e-01  -2.0797226e+00   5.4093598e+00  -1.4924330e+00  -1.4661056e+00   0.0000000e+00
   2.0817817e-01  -2.0764717e+00   5.3986013e+00  -1.4896181e+00  -1.4657967e+00   0.0000000e+00
   1.9957841e-01  -2.0701066e+00   5.3752456e+00  -1.4839167e+00  -1.4661208e+00   0.0000000e+00
   1.9109162e-01  -2.0615983e+00   5.3419143e+00  -1.4763507e+00  -1.4669303e+00   0.0000000e+00
   1.8311945e-01  -2.0520187e+00   5.3016406e+00  -1.4679516e+00  -1.4680671e+00   0.0000000e+00
   1.7581691e-01  -2.0421552e+00   5.2561944e+00  -1.4594326e+00  -1.4694180e+00   0.0000000e+00
   1.6974039e-01  -2.0331369e+00   5.2095845e+00  -1.4516921e+00  -1.4708387e+00   0.0000000e+00
   1.6506863e-01  -2.0254808e+00   5.1638527e+00  -1.4450559e+00  -1.4722611e+00   0.0000000e+00
   1.6185173e-01  -2.0194000e+00   5.1201724e+00  -1.4395916e+00  -1.4736552e+00   0.0000000e+00
   1.5990616e-01  -2.0145115e+00   5.0753510e+00  -1.4348209e+00  -1.4751399e+00   0.0000000e+00
   1.5931789e-01  -2.0114158e+00   5.0330039e+00  -1.4311341e+00  -1.4765877e+00   0.0000000e+00
   1.5969359e-01  -2.0100106e+00   4.9935699e+00  -1.4284048e+00  -1.4779581e+00   0.0000000e+00
   1.6056282e-01  -2.0100646e+00   4.9594370e+00  -1.4265831e+00  -1.4791424e+00   0.0000000e+00
   1.6150879e-01  -2.0112647e+00   4.9302897e+00  -1.4254643e+00  -1.4801252e+00   0.0000000e+00
   1.6172397e-01  -2.0126137e+00   4.9120376e+00  -1.4249759e+00  -1.4806728e+00   0.0000000e+00
   1.6064823e-01  -2.0134173e+00   4.9039079e+00  -1.4248218e+00  -1.4807766e+00   0.0000000e+00
   1.5790065e-01  -2.0134597e+00   4.9044975e+00  -1.4248500e+00  -1.4804481e+00   0.0000000e+00
   1.5381006e-01  -2.0129959e+00   4.9110869e+00  -1.4250097e+00  -1.4797998e+00   0.0000000e+00
   1.4816994e-01  -2.0123542e+00   4.9223467e+00  -1.4253344e+00  -1.4788388e+00   0.0000000e+00
   1.4103292e-01  -2.0118349e+00   4.9373365e+00  -1.4258730e+00  -1.4775896e+00   0.0000000e+00
   1.3251413e-01  -2.0116908e+00   4.9552434e+00  -1.4266708e+00  -1.4760809e+00   0.0000000e+00
   1.2258135e-01  -2.0121453e+00   4.9757934e+00  -1.4277941e+00  -1.4743091e+00   0.0000000e+00
   1.1154998e-01  -2.0133547e+00   4.9981480e+00  -1.4292646e+00  -1.4723292e+00   0.0000000e+00
   9.9587011e-02  -2.0154111e+00   5.0219182e+00  -1.4311088e+00  -1.4701679e+00   0.0000000e+00
   8.6848789e-02  -2.0183664e+00   5.0468655e+00  -1.4333510e+00  -1.4678469e+00   0.0000000e+00
   7.3549416e-02  -2.0222242e+00   5.0727607e+00  -1.4360040e+00  -1.4653959e+00   0.0000000e+00
   5.9722352e-02  -2.0270283e+00   5.0998072e+00  -1.4391181e+00  -1.4628088e+00   0.0000000e+00
   4.5443990e-02  -2.0328412e+00   5.1282772e+00  -1.4427672e+00  -1.4600806e+00   0.0000000e+00
   3.0763722e-02  -2.0397771e+00   5.1586784e+00  -1.4470736e+00  -1.4571922e+00   0.0000000e+00
   1.3097387e-02  -2.0495278e+00   5.1975978e+00  -1.4531608e+00  -1.4535678e+00   0.0000000e+00
  -5.0973949e-03  -2.0616740e+00   5.2423348e+00  -1.4609875e+00  -1.4495618e+00   0.0000000e+00
  -2.3879942e-02  -2.0767198e+00   5.2939825e+00  -1.4711151e+00  -1.4450817e+00   0.0000000e+00
  -4.3373191e-02  -2.0947137e+00   5.3512163e+00  -1.4837768e+00  -1.4401201e+00   0.0000000e+00
  -6.9733728e-02  -2.1213319e+00   5.4275385e+00  -1.5034202e+00  -1.4331735e+00   0.0000000e+00
  -9.8350965e-02  -2.1502308e+00   5.5001632e+00  -1.5255484e+00  -1.4257996e+00   0.0000000e+00
  -1.3016172e-01  -2.1795129e+00   5.5622894e+00  -1.5479217e+00  -1.4183036e+00   0.0000000e+00
  -1.6142458e-01  -2.2042923e+00   5.6035372e+00  -1.5655002e+00  -1.4119085e+00   0.0000000e+00
  -1.8314153e-01  -2.2158944e+00   5.6104599e+00  -1.5706312e+00  -1.4087540e+00   0.0000000e+00
  -1.9387446e-01  -2.2125255e+00   5.5820099e+00  -1.5622056e+00  -1.4090986e+00   0.0000000e+00
  -1.9430150e-01  -2.2034553e+00   5.5494948e+00  -1.5517901e+00  -1.4108893e+00   0.0000000e+00
  -1.9022125e-01  -2.1903364e+00   5.5088066e+00  -1.5392044e+00  -1.4135870e+00   0.0000000e+00
  -1.8196667e-01  -2.1744690e+00   5.4631138e+00  -1.5258895e+00  -1.4169311e+00   0.0000000e+00
  -1.7004925e-01  -2.1571146e+00   5.4153764e+00  -1.5129155e+00  -1.4206904e+00   0.0000000e+00
  -1.5503628e-01  -2.1393621e+00   5.3680421e+00  -1.5009537e+00  -1.4246842e+00   0.0000000e+00
  -1.3765047e-01  -2.1221364e+00   5.3232428e+00  -1.4903976e+00  -1.4287492e+00   0.0000000e+00
  -1.1843800e-01  -2.1059790e+00   5.2822482e+00  -1.4813373e+00  -1.4327911e+00   0.0000000e+00
  -9.7721789e-02  -2.0911247e+00   5.2456907e+00  -1.4736873e+00  -1.4367702e+00   0.0000000e+00
  -5.5771385e-02  -2.0670809e+00   5.1901152e+00  -1.4626136e+00  -1.4439859e+00   0.0000000e+00
  -1.4120747e-02  -2.0490539e+00   5.1520252e+00  -1.4552733e+00  -1.4504107e+00   0.0000000e+00
   1.7434636e-02  -2.0385002e+00   5.1319003e+00  -1.4513622e+00  -1.4549133e+00   0.0000000e+00
   3.1425237e-02  -2.0348150e+00   5.1268565e+00  -1.4501965e+00  -1.4567574e+00   0.0000000e+00
   2.8735072e-02  -2.0359100e+00   5.1309211e+00  -1.4507695e+00  -1.4562893e+00   0.0000000e+00
   1.3348210e-02  -2.0404929e+00   5.1394669e+00  -1.4524370e+00  -1.4541464e+00   0.0000000e+00
  -6.5618665e-03  -2.0466233e+00   5.1479099e+00  -1.4544192e+00  -1.4514580e+00   0.0000000e+00
  -2.9682896e-02  -2.0542555e+00   5.1556722e+00  -1.4566518e+00  -1.4483954e+00   0.0000000e+00
  -5.7421335e-02  -2.0642009e+00   5.1623352e+00  -1.4592503e+00  -1.4447968e+00   0.0000000e+00
  -8.4931666e-02  -2.0749618e+00   5.1658287e+00  -1.4617118e+00  -1.4413170e+00   0.0000000e+00
  -1.0227362e-01  -2.0822472e+00   5.1662672e+00  -1.4631925e+00  -1.4391730e+00   0.0000000e+00
  -1.1908567e-01  -2.0897296e+00   5.1653322e+00  -1.4645801e+00  -1.4371311e+00   0.0000000e+00
  -1.3542815e-01  -2.0974682e+00   5.1632127e+00  -1.4659058e+00  -1.4351759e+00   0.0000000e+00
  -1.5147380e-01  -2.1056023e+00   5.1602182e+00  -1.4672269e+00  -1.4332744e+00   0.0000000e+00
  -1.6461275e-01  -2.1127308e+00   5.1574172e+00  -1.4683677e+00  -1.4317188e+00   0.0000000e+00
  -1.7797527e-01  -2.1204778e+00   5.1546654e+00  -1.4696322e+00  -1.4301242e+00   0.0000000e+00
  -1.9185871e-01  -2.1291167e+00   5.1524227e+00  -1.4711117e+00  -1.4284382e+00   0.0000000e+00
  -2.0662135e-01  -2.1390049e+00   5.1512834e+00  -1.4729219e+00  -1.4265974e+00   0.0000000e+00
  -2.2251291e-01  -2.1504631e+00   5.1517940e+00  -1.4751660e+00  -1.4245535e+00   0.0000000e+00
  -2.3891953e-01  -2.1631668e+00   5.1535217e+00  -1.4777422e+00  -1.4223968e+00   0.0000000e+00
  -2.5494242e-01  -2.1764583e+00   5.1555075e+00  -1.4804442e+00  -1.4202689e+00   0.0000000e+00
  -2.6967282e-01  -2.1895334e+00   5.1565465e+00  -1.4830205e+00  -1.4183195e+00   0.0000000e+00
  -2.8742078e-01  -2.2066955e+00   5.1536822e+00  -1.4860460e+00  -1.4160513e+00   0.0000000e+00
  -2.9855487e-01  -2.2191759e+00   5.1418355e+00  -1.4875172e+00  -1.4148336e+00   0.0000000e+00
  -3.0194928e-01  -2.2255443e+00   5.1192571e+00  -1.4871592e+00  -1.4148421e+00   0.0000000e+00
  -2.9729629e-01  -2.2252117e+00   5.0877652e+00  -1.4851669e+00  -1.4160615e+00   0.0000000e+00
  -2.8733374e-01  -2.2196540e+00   5.0576660e+00  -1.4825679e+00  -1.4179224e+00   0.0000000e+00
  -2.7263162e-01  -2.2094819e+00   5.0283580e+00  -1.4794023e+00  -1.4203774e+00   0.0000000e+00
  -2.5423167e-01  -2.1953575e+00   5.0027212e+00  -1.4758834e+00  -1.4232491e+00   0.0000000e+00
  -2.3339918e-01  -2.1783203e+00   4.9828348e+00  -1.4721934e+00  -1.4263426e+00   0.0000000e+00
  -2.1296493e-01  -2.1609846e+00   4.9707307e+00  -1.4687612e+00  -1.4292503e+00   0.0000000e+00
  -1.9274082e-01  -2.1435110e+00   4.9658087e+00  -1.4655473e+00  -1.4319974e+00   0.0000000e+00
  -1.7368021e-01  -2.1269269e+00   4.9686946e+00  -1.4627400e+00  -1.4344324e+00   0.0000000e+00
  -1.5653120e-01  -2.1120840e+00   4.9798488e+00  -1.4605374e+00  -1.4364279e+00   0.0000000e+00
  -1.3408497e-01  -2.0938033e+00   5.0119431e+00  -1.4586756e+00  -1.4385755e+00   0.0000000e+00
  -1.1904796e-01  -2.0837974e+00   5.0461870e+00  -1.4586753e+00  -1.4396032e+00   0.0000000e+00
  -1.1140737e-01  -2.0798674e+00   5.0672894e+00  -1.4592338e+00  -1.4399793e+00   0.0000000e+00
  -1.1035652e-01  -2.0794048e+00   5.0689714e+00  -1.4592561e+00  -1.4400614e+00   0.0000000e+00
  -1.1241608e-01  -2.0803507e+00   5.0610211e+00  -1.4589247e+00  -1.4400271e+00   0.0000000e+00
  -1.1602649e-01  -2.0822752e+00   5.0480292e+00  -1.4584976e+00  -1.4399288e+00   0.0000000e+00
  -1.2070376e-01  -2.0852307e+00   5.0316336e+00  -1.4581265e+00  -1.4397691e+00   0.0000000e+00
  -1.2595599e-01  -2.0891663e+00   5.0132123e+00  -1.4578992e+00  -1.4395644e+00   0.0000000e+00
  -1.3068670e-01  -2.0933705e+00   4.9961648e+00  -1.4578584e+00  -1.4393662e+00   0.0000000e+00
  -1.3519285e-01  -2.0981468e+00   4.9789532e+00  -1.4579834e+00  -1.4391736e+00   0.0000000e+00
  -1.3921941e-01  -2.1033458e+00   4.9619025e+00  -1.4582595e+00  -1.4390106e+00   0.0000000e+00
  -1.4255674e-01  -2.1088068e+00   4.9451814e+00  -1.4586600e+00  -1.4389009e+00   0.0000000e+00
  -1.4573862e-01  -2.1165064e+00   4.9226604e+00  -1.4593590e+00  -1.4388773e+00   0.0000000e+00
  -1.4699682e-01  -2.1240804e+00   4.9007366e+00  -1.4601607e+00  -1.4390425e+00   0.0000000e+00
  -1.4614977e-01  -2.1313349e+00   4.8791802e+00  -1.4610172e+00  -1.4394285e+00   0.0000000e+00
  -1.4311264e-01  -2.1382371e+00   4.8576947e+00  -1.4619127e+00  -1.4400535e+00   0.0000000e+00
  -1.3905044e-01  -2.1436574e+00   4.8401443e+00  -1.4626782e+00  -1.4407377e+00   0.0000000e+00
  -1.3356148e-01  -2.1491177e+00   4.8222346e+00  -1.4635120e+00  -1.4415815e+00   0.0000000e+00
  -1.2667458e-01  -2.1549487e+00   4.8037630e+00  -1.4644721e+00  -1.4425783e+00   0.0000000e+00
  -1.1843670e-01  -2.1616779e+00   4.7845086e+00  -1.4656515e+00  -1.4437155e+00   0.0000000e+00
  -1.0891679e-01  -2.1700995e+00   4.7642185e+00  -1.4671905e+00  -1.4449715e+00   0.0000000e+00
  -9.8213522e-02  -2.1802218e+00   4.7437835e+00  -1.4690852e+00  -1.4463186e+00   0.0000000e+00
  -8.6479951e-02  -2.1911461e+00   4.7245042e+00  -1.4711661e+00  -1.4477375e+00   0.0000000e+00
  -7.3933032e-02  -2.2014476e+00   4.7074418e+00  -1.4731673e+00  -1.4492194e+00   0.0000000e+00
  -6.1623891e-02  -2.2090628e+00   4.6940203e+00  -1.4746991e+00  -1.4506706e+00   0.0000000e+00
  -4.9168589e-02  -2.2134382e+00   4.6833264e+00  -1.4756726e+00  -1.4521650e+00   0.0000000e+00
  -3.6962602e-02  -2.2137525e+00   4.6754474e+00  -1.4759392e+00  -1.4536761e+00   0.0000000e+00
  -2.5484590e-02  -2.2096539e+00   4.6704823e+00  -1.4754288e+00  -1.4551562e+00   0.0000000e+00
  -1.5019376e-02  -2.2009758e+00   4.6685643e+00  -1.4741031e+00  -1.4565736e+00   0.0000000e+00
  -6.6742733e-03  -2.1886145e+00   4.6702468e+00  -1.4720840e+00  -1.4577710e+00   0.0000000e+00
  -1.2400790e-03  -2.1737655e+00   4.6758553e+00  -1.4695570e+00  -1.4586225e+00   0.0000000e+00
   5.1881866e-04  -2.1578326e+00   4.6855739e+00  -1.4667567e+00  -1.4590025e+00   0.0000000e+00
  -2.0324364e-03  -2.1423226e+00   4.6994361e+00  -1.4639492e+00  -1.4587995e+00   0.0000000e+00
  -9.1280230e-03  -2.1285603e+00   4.7172253e+00  -1.4613917e+00  -1.4579575e+00   0.0000000e+00
  -2.0423957e-02  -2.1174578e+00   4.7384030e+00  -1.4592823e+00  -1.4565033e+00   0.0000000e+00
  -3.4926188e-02  -2.1094285e+00   4.7621079e+00  -1.4577400e+00  -1.4545568e+00   0.0000000e+00
  -6.1006114e-02  -2.1024416e+00   4.8026925e+00  -1.4564673e+00  -1.4509154e+00   0.0000000e+00
  -8.3581275e-02  -2.1000116e+00   4.8405198e+00  -1.4562529e+00  -1.4476125e+00   0.0000000e+00
  -9.6666957e-02  -2.0981666e+00   4.8691077e+00  -1.4562810e+00  -1.4455557e+00   0.0000000e+00
  -9.8508369e-02  -2.0944997e+00   4.8847458e+00  -1.4559151e+00  -1.4450842e+00   0.0000000e+00
  -9.0288882e-02  -2.0889659e+00   4.8860702e+00  -1.4549896e+00  -1.4461069e+00   0.0000000e+00
  -7.4063243e-02  -2.0820181e+00   4.8764421e+00  -1.4536192e+00  -1.4483158e+00   0.0000000e+00
  -5.1964123e-02  -2.0747653e+00   4.8594559e+00  -1.4521028e+00  -1.4513693e+00   0.0000000e+00
  -2.6074878e-02  -2.0683220e+00   4.8386056e+00  -1.4507391e+00  -1.4549292e+00   0.0000000e+00
   4.6123338e-03  -2.0631753e+00   4.8142529e+00  -1.4496579e+00  -1.4590913e+00   0.0000000e+00
   3.6051750e-02  -2.0606989e+00   4.7901666e+00  -1.4491433e+00  -1.4632763e+00   0.0000000e+00
   5.5012310e-02  -2.0605872e+00   4.7762191e+00  -1.4491187e+00  -1.4657559e+00   0.0000000e+00
   7.3722961e-02  -2.0613825e+00   4.7632153e+00  -1.4492797e+00  -1.4681640e+00   0.0000000e+00
   9.2123981e-02  -2.0628893e+00   4.7514855e+00  -1.4495843e+00  -1.4704897e+00   0.0000000e+00
   1.1021935e-01  -2.0648728e+00   4.7412991e+00  -1.4499824e+00  -1.4727320e+00   0.0000000e+00
   1.3366927e-01  -2.0677868e+00   4.7306059e+00  -1.4505595e+00  -1.4755671e+00   0.0000000e+00
   1.5699202e-01  -2.0705718e+00   4.7232141e+00  -1.4510984e+00  -1.4783077e+00   0.0000000e+00
   1.8072463e-01  -2.0728816e+00   4.7193606e+00  -1.4515252e+00  -1.4810136e+00   0.0000000e+00
   2.0574909e-01  -2.0746039e+00   4.7193282e+00  -1.4518103e+00  -1.4837749e+00   0.0000000e+00
   2.3402151e-01  -2.0759605e+00   4.7237034e+00  -1.4519834e+00  -1.4867825e+00   0.0000000e+00
   2.6597238e-01  -2.0775497e+00   4.7333380e+00  -1.4521456e+00  -1.4900339e+00   0.0000000e+00
   2.9768914e-01  -2.0794614e+00   4.7478741e+00  -1.4523424e+00  -1.4930881e+00   0.0000000e+00
   3.2374098e-01  -2.0807482e+00   4.7650298e+00  -1.4524642e+00  -1.4954300e+00   0.0000000e+00
   3.4202065e-01  -2.0794837e+00   4.7844709e+00  -1.4522157e+00  -1.4968964e+00   0.0000000e+00
   3.4259108e-01  -2.0737257e+00   4.7975670e+00  -1.4512663e+00  -1.4967228e+00   0.0000000e+00
   3.3277231e-01  -2.0674922e+00   4.8014835e+00  -1.4502269e+00  -1.4956986e+00   0.0000000e+00
   3.1570934e-01  -2.0604468e+00   4.8015874e+00  -1.4490367e+00  -1.4940100e+00   0.0000000e+00
   2.9282257e-01  -2.0537162e+00   4.7985502e+00  -1.4478871e+00  -1.4917545e+00   0.0000000e+00
   2.6583642e-01  -2.0483031e+00   4.7931249e+00  -1.4469515e+00  -1.4890662e+00   0.0000000e+00
   2.2147914e-01  -2.0443114e+00   4.7823407e+00  -1.4462486e+00  -1.4845361e+00   0.0000000e+00
   1.7750802e-01  -2.0458287e+00   4.7710459e+00  -1.4464986e+00  -1.4798809e+00   0.0000000e+00
   1.3664865e-01  -2.0513901e+00   4.7621620e+00  -1.4474474e+00  -1.4753788e+00   0.0000000e+00
   9.9326881e-02  -2.0585369e+00   4.7585909e+00  -1.4486550e+00  -1.4710836e+00   0.0000000e+00
   8.1797136e-02  -2.0620825e+00   4.7593227e+00  -1.4492442e+00  -1.4689996e+00   0.0000000e+00
   6.8274330e-02  -2.0644666e+00   4.7617156e+00  -1.4496327e+00  -1.4673562e+00   0.0000000e+00
   5.9179872e-02  -2.0652767e+00   4.7654824e+00  -1.4497549e+00  -1.4662189e+00   0.0000000e+00
   5.4407169e-02  -2.0643657e+00   4.7704419e+00  -1.4495893e+00  -1.4655836e+00   0.0000000e+00
   5.3413899e-02  -2.0619910e+00   4.7762032e+00  -1.4491826e+00  -1.4653915e+00   0.0000000e+00
   5.5328494e-02  -2.0583959e+00   4.7830460e+00  -1.4485781e+00  -1.4655308e+00   0.0000000e+00
   5.9586947e-02  -2.0538831e+00   4.7910451e+00  -1.4478309e+00  -1.4659277e+00   0.0000000e+00
   6.5653612e-02  -2.0487734e+00   4.8002577e+00  -1.4470007e+00  -1.4665113e+00   0.0000000e+00
   8.0314004e-02  -2.0386294e+00   4.8209718e+00  -1.4454236e+00  -1.4678948e+00   0.0000000e+00
   9.7308884e-02  -2.0290839e+00   4.8460142e+00  -1.4440973e+00  -1.4693977e+00   0.0000000e+00
