 -1.094476, -1.094476, -1.094476, -1.094476, -1.094476, -1.094476
 -1.111639, -1.111639, -1.111639, -1.111639, -1.111639, -1.111639
 -1.130128, -1.130128, -1.130128, -1.130128, -1.130128, -1.130128
 -1.149825, -1.149825, -1.149825, -1.149825, -1.149825, -1.149825
 -1.170567, -1.170567, -1.170567, -1.170567, -1.170567, -1.170567
 -1.192130, -1.192130, -1.192130, -1.192130, -1.192130, -1.192130
 -1.214231, -1.214231, -1.214231, -1.214231, -1.214231, -1.214231
 -1.236522, -1.236522, -1.236522, -1.236522, -1.236522, -1.236522
 -1.258584, -1.258584, -1.258584, -1.258584, -1.258584, -1.258584
 -1.279939, -1.279939, -1.279939, -1.279939, -1.279939, -1.279939
 -1.300050, -1.300050, -1.300050, -1.300050, -1.300050, -1.300050
 -1.318340, -1.318340, -1.318340, -1.318340, -1.318340, -1.318340
 -1.334223, -1.334223, -1.334223, -1.334223, -1.334223, -1.334223
 -1.347138, -1.347138, -1.347138, -1.347138, -1.347138, -1.347138
 -1.356596, -1.356596, -1.356596, -1.356596, -1.356596, -1.356596
 -1.362233, -1.362233, -1.362233, -1.362233, -1.362233, -1.362233
 -1.363854, -1.363854, -1.363854, -1.363854, -1.363854, -1.363854
 -1.361454, -1.361454, -1.361454, -1.361454, -1.361454, -1.361454
 -1.355228, -1.355228, -1.355228, -1.355228, -1.355228, -1.355228
 -1.345543, -1.345543, -1.345543, -1.345543, -1.345543, -1.345543
 -1.332897, -1.332897, -1.332897, -1.332897, -1.332897, -1.332897
 -1.317868, -1.317868, -1.317868, -1.317868, -1.317868, -1.317868
 -1.301069, -1.301069, -1.301069, -1.301069, -1.301069, -1.301069
 -1.283097, -1.283097, -1.283097, -1.283097, -1.283097, -1.283097
 -1.264513, -1.264513, -1.264513, -1.264513, -1.264513, -1.264513
 -1.245816, -1.245816, -1.245816, -1.245816, -1.245816, -1.245816
 -1.227435, -1.227435, -1.227435, -1.227435, -1.227435, -1.227435
 -1.209726, -1.209726, -1.209726, -1.209726, -1.209726, -1.209726
 -1.192975, -1.192975, -1.192975, -1.192975, -1.192975, -1.192975
 -1.177397, -1.177397, -1.177397, -1.177397, -1.177397, -1.177397
 -1.163149, -1.163149, -1.163149, -1.163149, -1.163149, -1.163149
 -1.150332, -1.150332, -1.150332, -1.150332, -1.150332, -1.150332
 -1.139001, -1.139001, -1.139001, -1.139001, -1.139001, -1.139001
 -1.129172, -1.129172, -1.129172, -1.129172, -1.129172, -1.129172
 -1.120832, -1.120832, -1.120832, -1.120832, -1.120832, -1.120832
 -1.113942, -1.113942, -1.113942, -1.113942, -1.113942, -1.113942
 -1.108446, -1.108446, -1.108446, -1.108446, -1.108446, -1.108446
 -1.104277, -1.104277, -1.104277, -1.104277, -1.104277, -1.104277
 -1.101361, -1.101361, -1.101361, -1.101361, -1.101361, -1.101361
 -1.099618, -1.099618, -1.099618, -1.099618, -1.099618, -1.099618
 -1.098971, -1.098971, -1.098971, -1.098971, -1.098971, -1.098971
 -1.099343, -1.099343, -1.099343, -1.099343, -1.099343, -1.099343
 -1.100661, -1.100661, -1.100661, -1.100661, -1.100661, -1.100661
 -1.102856, -1.102856, -1.102856, -1.102856, -1.102856, -1.102856
 -1.105867, -1.105867, -1.105867, -1.105867, -1.105867, -1.105867
 -1.109637, -1.109637, -1.109637, -1.109637, -1.109637, -1.109637
 -1.114114, -1.114114, -1.114114, -1.114114, -1.114114, -1.114114
 -1.119254, -1.119254, -1.119254, -1.119254, -1.119254, -1.119254
 -1.125015, -1.125015, -1.125015, -1.125015, -1.125015, -1.125015
 -1.131363, -1.131363, -1.131363, -1.131363, -1.131363, -1.131363
 -1.138267, -1.138267, -1.138267, -1.138267, -1.138267, -1.138267
 -1.145699, -1.145699, -1.145699, -1.145699, -1.145699, -1.145699
 -1.153633, -1.153633, -1.153633, -1.153633, -1.153633, -1.153633
 -1.162046, -1.162046, -1.162046, -1.162046, -1.162046, -1.162046
 -1.170914, -1.170914, -1.170914, -1.170914, -1.170914, -1.170914
 -1.180213, -1.180213, -1.180213, -1.180213, -1.180213, -1.180213
 -1.189916, -1.189916, -1.189916, -1.189916, -1.189916, -1.189916
 -1.199994, -1.199994, -1.199994, -1.199994, -1.199994, -1.199994
 -1.210411, -1.210411, -1.210411, -1.210411, -1.210411, -1.210411
 -1.221125, -1.221125, -1.221125, -1.221125, -1.221125, -1.221125
 -1.232084, -1.232084, -1.232084, -1.232084, -1.232084, -1.232084
 -1.243227, -1.243227, -1.243227, -1.243227, -1.243227, -1.243227
 -1.254479, -1.254479, -1.254479, -1.254479, -1.254479, -1.254479
 -1.265754, -1.265754, -1.265754, -1.265754, -1.265754, -1.265754
 -1.276952, -1.276952, -1.276952, -1.276952, -1.276952, -1.276952
 -1.287958, -1.287958, -1.287958, -1.287958, -1.287958, -1.287958
 -1.298647, -1.298647, -1.298647, -1.298647, -1.298647, -1.298647
 -1.308883, -1.308883, -1.308883, -1.308883, -1.308883, -1.308883
 -1.318527, -1.318527, -1.318527, -1.318527, -1.318527, -1.318527
 -1.327441, -1.327441, -1.327441, -1.327441, -1.327441, -1.327441
 -1.335497, -1.335497, -1.335497, -1.335497, -1.335497, -1.335497
 -1.342586, -1.342586, -1.342586, -1.342586, -1.342586, -1.342586
 -1.348626, -1.348626, -1.348626, -1.348626, -1.348626, -1.348626
 -1.353574, -1.353574, -1.353574, -1.353574, -1.353574, -1.353574
 -1.357432, -1.357432, -1.357432, -1.357432, -1.357432, -1.357432
 -1.360251, -1.360251, -1.360251, -1.360251, -1.360251, -1.360251
 -1.362133, -1.362133, -1.362133, -1.362133, -1.362133, -1.362133
 -1.363230, -1.363230, -1.363230, -1.363230, -1.363230, -1.363230
 -1.363734, -1.363734, -1.363734, -1.363734, -1.363734, -1.363734
 -1.363869, -1.363869, -1.363869, -1.363869, -1.363869, -1.363869
 -1.363879, -1.363879, -1.363879, -1.363879, -1.363879, -1.363879
 -1.364016, -1.364016, -1.364016, -1.364016, -1.364016, -1.364016
 -1.364522, -1.364522, -1.364522, -1.364522, -1.364522, -1.364522
 -1.365626, -1.365626, -1.365626, -1.365626, -1.365626, -1.365626
 -1.367527, -1.367527, -1.367527, -1.367527, -1.367527, -1.367527
 -1.370391, -1.370391, -1.370391, -1.370391, -1.370391, -1.370391
 -1.374348, -1.374348, -1.374348, -1.374348, -1.374348, -1.374348
 -1.379489, -1.379489, -1.379489, -1.379489, -1.379489, -1.379489
 -1.385865, -1.385865, -1.385865, -1.385865, -1.385865, -1.385865
 -1.393495, -1.393495, -1.393495, -1.393495, -1.393495, -1.393495
 -1.402366, -1.402366, -1.402366, -1.402366, -1.402366, -1.402366
 -1.412440, -1.412440, -1.412440, -1.412440, -1.412440, -1.412440
 -1.423661, -1.423661, -1.423661, -1.423661, -1.423661, -1.423661
 -1.435958, -1.435958, -1.435958, -1.435958, -1.435958, -1.435958
 -1.449252, -1.449252, -1.449252, -1.449252, -1.449252, -1.449252
 -1.463458, -1.463458, -1.463458, -1.463458, -1.463458, -1.463458
 -1.478495, -1.478495, -1.478495, -1.478495, -1.478495, -1.478495
 -1.494281, -1.494281, -1.494281, -1.494281, -1.494281, -1.494281
 -1.510740, -1.510740, -1.510740, -1.510740, -1.510740, -1.510740
 -1.527801, -1.527801, -1.527801, -1.527801, -1.527801, -1.527801
 -1.545398, -1.545398, -1.545398, -1.545398, -1.545398, -1.545398
 -1.563472, -1.563472, -1.563472, -1.563472, -1.563472, -1.563472
 -1.581963, -1.581963, -1.581963, -1.581963, -1.581963, -1.581963
 -1.600815, -1.600815, -1.600815, -1.600815, -1.600815, -1.600815
 -1.619966, -1.619966, -1.619966, -1.619966, -1.619966, -1.619966
 -1.639351, -1.639351, -1.639351, -1.639351, -1.639351, -1.639351
 -1.658889, -1.658889, -1.658889, -1.658889, -1.658889, -1.658889
 -1.678488, -1.678488, -1.678488, -1.678488, -1.678488, -1.678488
 -1.698029, -1.698029, -1.698029, -1.698029, -1.698029, -1.698029
 -1.717367, -1.717367, -1.717367, -1.717367, -1.717367, -1.717367
 -1.736324, -1.736324, -1.736324, -1.736324, -1.736324, -1.736324
 -1.754682, -1.754682, -1.754682, -1.754682, -1.754682, -1.754682
 -1.772182, -1.772182, -1.772182, -1.772182, -1.772182, -1.772182
 -1.788520, -1.788520, -1.788520, -1.788520, -1.788520, -1.788520
 -1.803352, -1.803352, -1.803352, -1.803352, -1.803352, -1.803352
 -1.816299, -1.816299, -1.816299, -1.816299, -1.816299, -1.816299
 -1.826956, -1.826956, -1.826956, -1.826956, -1.826956, -1.826956
 -1.834908, -1.834908, -1.834908, -1.834908, -1.834908, -1.834908
 -1.839751, -1.839751, -1.839751, -1.839751, -1.839751, -1.839751
 -1.841117, -1.841117, -1.841117, -1.841117, -1.841117, -1.841117
 -1.838700, -1.838700, -1.838700, -1.838700, -1.838700, -1.838700
 -1.832288, -1.832288, -1.832288, -1.832288, -1.832288, -1.832288
 -1.821794, -1.821794, -1.821794, -1.821794, -1.821794, -1.821794
 -1.807271, -1.807271, -1.807271, -1.807271, -1.807271, -1.807271
 -1.788930, -1.788930, -1.788930, -1.788930, -1.788930, -1.788930
 -1.767133, -1.767133, -1.767133, -1.767133, -1.767133, -1.767133
 -1.742368, -1.742368, -1.742368, -1.742368, -1.742368, -1.742368
 -1.715211, -1.715211, -1.715211, -1.715211, -1.715211, -1.715211
 -1.686280, -1.686280, -1.686280, -1.686280, -1.686280, -1.686280
 -1.656188, -1.656188, -1.656188, -1.656188, -1.656188, -1.656188
 -1.625512, -1.625512, -1.625512, -1.625512, -1.625512, -1.625512
 -1.594779, -1.594779, -1.594779, -1.594779, -1.594779, -1.594779
 -1.564456, -1.564456, -1.564456, -1.564456, -1.564456, -1.564456
 -1.534967, -1.534967, -1.534967, -1.534967, -1.534967, -1.534967
 -1.506701, -1.506701, -1.506701, -1.506701, -1.506701, -1.506701
 -1.480027, -1.480027, -1.480027, -1.480027, -1.480027, -1.480027
 -1.455300, -1.455300, -1.455300, -1.455300, -1.455300, -1.455300
 -1.432870, -1.432870, -1.432870, -1.432870, -1.432870, -1.432870
 -1.413073, -1.413073, -1.413073, -1.413073, -1.413073, -1.413073
 -1.396234, -1.396234, -1.396234, -1.396234, -1.396234, -1.396234
 -1.382652, -1.382652, -1.382652, -1.382652, -1.382652, -1.382652
 -1.372594, -1.372594, -1.372594, -1.372594, -1.372594, -1.372594
 -1.366284, -1.366284, -1.366284, -1.366284, -1.366284, -1.366284
 -1.363893, -1.363893, -1.363893, -1.363893, -1.363893, -1.363893
 -1.365534, -1.365534, -1.365534, -1.365534, -1.365534, -1.365534
 -1.371262, -1.371262, -1.371262, -1.371262, -1.371262, -1.371262
 -1.381073, -1.381073, -1.381073, -1.381073, -1.381073, -1.381073
 -1.394914, -1.394914, -1.394914, -1.394914, -1.394914, -1.394914
 -1.412692, -1.412692, -1.412692, -1.412692, -1.412692, -1.412692
 -1.434294, -1.434294, -1.434294, -1.434294, -1.434294, -1.434294
 -1.459602, -1.459602, -1.459602, -1.459602, -1.459602, -1.459602
 -1.488517, -1.488517, -1.488517, -1.488517, -1.488517, -1.488517
 -1.520982, -1.520982, -1.520982, -1.520982, -1.520982, -1.520982
 -1.557006, -1.557006, -1.557006, -1.557006, -1.557006, -1.557006
 -1.596683, -1.596683, -1.596683, -1.596683, -1.596683, -1.596683
 -1.640205, -1.640205, -1.640205, -1.640205, -1.640205, -1.640205
 -1.687858, -1.687858, -1.687858, -1.687858, -1.687858, -1.687858
 -1.739976, -1.739976, -1.739976, -1.739976, -1.739976, -1.739976
 -1.796834, -1.796834, -1.796834, -1.796834, -1.796834, -1.796834
 -1.858466, -1.858466, -1.858466, -1.858466, -1.858466, -1.858466
 -1.924414, -1.924414, -1.924414, -1.924414, -1.924414, -1.924414
 -1.993507, -1.993507, -1.993507, -1.993507, -1.993507, -1.993507
 -2.063835, -2.063835, -2.063835, -2.063835, -2.063835, -2.063835
 -2.133006, -2.133006, -2.133006, -2.133006, -2.133006, -2.133006
 -2.198618, -2.198618, -2.198618, -2.198618, -2.198618, -2.198618
 -2.258699, -2.258699, -2.258699, -2.258699, -2.258699, -2.258699
 -2.311910, -2.311910, -2.311910, -2.311910, -2.311910, -2.311910
 -2.357519, -2.357519, -2.357519, -2.357519, -2.357519, -2.357519
 -2.395243, -2.395243, -2.395243, -2.395243, -2.395243, -2.395243
 -2.425080, -2.425080, -2.425080, -2.425080, -2.425080, -2.425080
 -2.447176, -2.447176, -2.447176, -2.447176, -2.447176, -2.447176
 -2.461748, -2.461748, -2.461748, -2.461748, -2.461748, -2.461748
 -2.469033, -2.469033, -2.469033, -2.469033, -2.469033, -2.469033
 -2.469268, -2.469268, -2.469268, -2.469268, -2.469268, -2.469268
 -2.462674, -2.462674, -2.462674, -2.462674, -2.462674, -2.462674
 -2.449453, -2.449453, -2.449453, -2.449453, -2.449453, -2.449453
 -2.429789, -2.429789, -2.429789, -2.429789, -2.429789, -2.429789
 -2.403852, -2.403852, -2.403852, -2.403852, -2.403852, -2.403852
 -2.371819, -2.371819, -2.371819, -2.371819, -2.371819, -2.371819
 -2.333909, -2.333909, -2.333909, -2.333909, -2.333909, -2.333909
 -2.290429, -2.290429, -2.290429, -2.290429, -2.290429, -2.290429
 -2.241846, -2.241846, -2.241846, -2.241846, -2.241846, -2.241846
 -2.188859, -2.188859, -2.188859, -2.188859, -2.188859, -2.188859
 -2.132442, -2.132442, -2.132442, -2.132442, -2.132442, -2.132442
 -2.073833, -2.073833, -2.073833, -2.073833, -2.073833, -2.073833
 -2.014438, -2.014438, -2.014438, -2.014438, -2.014438, -2.014438
 -1.955648, -1.955648, -1.955648, -1.955648, -1.955648, -1.955648
 -1.898660, -1.898660, -1.898660, -1.898660, -1.898660, -1.898660
 -1.844332, -1.844332, -1.844332, -1.844332, -1.844332, -1.844332
 -1.793159, -1.793159, -1.793159, -1.793159, -1.793159, -1.793159
 -1.745318, -1.745318, -1.745318, -1.745318, -1.745318, -1.745318
 -1.700770, -1.700770, -1.700770, -1.700770, -1.700770, -1.700770
 -1.659361, -1.659361, -1.659361, -1.659361, -1.659361, -1.659361
 -1.620902, -1.620902, -1.620902, -1.620902, -1.620902, -1.620902
 -1.585219, -1.585219, -1.585219, -1.585219, -1.585219, -1.585219
 -1.552182, -1.552182, -1.552182, -1.552182, -1.552182, -1.552182
 -1.521714, -1.521714, -1.521714, -1.521714, -1.521714, -1.521714
 -1.493791, -1.493791, -1.493791, -1.493791, -1.493791, -1.493791
 -1.468430, -1.468430, -1.468430, -1.468430, -1.468430, -1.468430
 -1.445682, -1.445682, -1.445682, -1.445682, -1.445682, -1.445682
 -1.425619, -1.425619, -1.425619, -1.425619, -1.425619, -1.425619
 -1.408314, -1.408314, -1.408314, -1.408314, -1.408314, -1.408314
 -1.393835, -1.393835, -1.393835, -1.393835, -1.393835, -1.393835
 -1.382225, -1.382225, -1.382225, -1.382225, -1.382225, -1.382225
 -1.373495, -1.373495, -1.373495, -1.373495, -1.373495, -1.373495
 -1.367610, -1.367610, -1.367610, -1.367610, -1.367610, -1.367610
 -1.364488, -1.364488, -1.364488, -1.364488, -1.364488, -1.364488
 -1.363990, -1.363990, -1.363990, -1.363990, -1.363990, -1.363990
 -1.365923, -1.365923, -1.365923, -1.365923, -1.365923, -1.365923
 -1.370041, -1.370041, -1.370041, -1.370041, -1.370041, -1.370041
 -1.376052, -1.376052, -1.376052, -1.376052, -1.376052, -1.376052
 -1.383623, -1.383623, -1.383623, -1.383623, -1.383623, -1.383623
 -1.392394, -1.392394, -1.392394, -1.392394, -1.392394, -1.392394
 -1.401984, -1.401984, -1.401984, -1.401984, -1.401984, -1.401984
 -1.412006, -1.412006, -1.412006, -1.412006, -1.412006, -1.412006
 -1.422080, -1.422080, -1.422080, -1.422080, -1.422080, -1.422080
 -1.431842, -1.431842, -1.431842, -1.431842, -1.431842, -1.431842
 -1.440959, -1.440959, -1.440959, -1.440959, -1.440959, -1.440959
 -1.449141, -1.449141, -1.449141, -1.449141, -1.449141, -1.449141
 -1.456145, -1.456145, -1.456145, -1.456145, -1.456145, -1.456145
 -1.461787, -1.461787, -1.461787, -1.461787, -1.461787, -1.461787
 -1.465939, -1.465939, -1.465939, -1.465939, -1.465939, -1.465939
 -1.468538, -1.468538, -1.468538, -1.468538, -1.468538, -1.468538
 -1.469573, -1.469573, -1.469573, -1.469573, -1.469573, -1.469573
 -1.469083, -1.469083, -1.469083, -1.469083, -1.469083, -1.469083
 -1.467148, -1.467148, -1.467148, -1.467148, -1.467148, -1.467148
 -1.463876, -1.463876, -1.463876, -1.463876, -1.463876, -1.463876
 -1.459400, -1.459400, -1.459400, -1.459400, -1.459400, -1.459400
 -1.453859, -1.453859, -1.453859, -1.453859, -1.453859, -1.453859
 -1.447399, -1.447399, -1.447399, -1.447399, -1.447399, -1.447399
 -1.440163, -1.440163, -1.440163, -1.440163, -1.440163, -1.440163
 -1.432285, -1.432285, -1.432285, -1.432285, -1.432285, -1.432285
 -1.423893, -1.423893, -1.423893, -1.423893, -1.423893, -1.423893
 -1.415103, -1.415103, -1.415103, -1.415103, -1.415103, -1.415103
 -1.406019, -1.406019, -1.406019, -1.406019, -1.406019, -1.406019
 -1.396734, -1.396734, -1.396734, -1.396734, -1.396734, -1.396734
 -1.387335, -1.387335, -1.387335, -1.387335, -1.387335, -1.387335
 -1.377896, -1.377896, -1.377896, -1.377896, -1.377896, -1.377896
 -1.368488, -1.368488, -1.368488, -1.368488, -1.368488, -1.368488
 -1.359174, -1.359174, -1.359174, -1.359174, -1.359174, -1.359174
 -1.350015, -1.350015, -1.350015, -1.350015, -1.350015, -1.350015
 -1.341068, -1.341068, -1.341068, -1.341068, -1.341068, -1.341068
 -1.332391, -1.332391, -1.332391, -1.332391, -1.332391, -1.332391
 -1.324040, -1.324040, -1.324040, -1.324040, -1.324040, -1.324040
 -1.316074, -1.316074, -1.316074, -1.316074, -1.316074, -1.316074
 -1.308552, -1.308552, -1.308552, -1.308552, -1.308552, -1.308552
 -1.301540, -1.301540, -1.301540, -1.301540, -1.301540, -1.301540
 -1.295103, -1.295103, -1.295103, -1.295103, -1.295103, -1.295103
 -1.289310, -1.289310, -1.289310, -1.289310, -1.289310, -1.289310
 -1.284237, -1.284237, -1.284237, -1.284237, -1.284237, -1.284237
 -1.279958, -1.279958, -1.279958, -1.279958, -1.279958, -1.279958
 -1.276550, -1.276550, -1.276550, -1.276550, -1.276550, -1.276550
 -1.274091, -1.274091, -1.274091, -1.274091, -1.274091, -1.274091
 -1.272651, -1.272651, -1.272651, -1.272651, -1.272651, -1.272651
 -1.272299, -1.272299, -1.272299, -1.272299, -1.272299, -1.272299
 -1.273088, -1.273088, -1.273088, -1.273088, -1.273088, -1.273088
 -1.275058, -1.275058, -1.275058, -1.275058, -1.275058, -1.275058
 -1.278226, -1.278226, -1.278226, -1.278226, -1.278226, -1.278226
 -1.282581, -1.282581, -1.282581, -1.282581, -1.282581, -1.282581
 -1.288076, -1.288076, -1.288076, -1.288076, -1.288076, -1.288076
 -1.294625, -1.294625, -1.294625, -1.294625, -1.294625, -1.294625
 -1.302091, -1.302091, -1.302091, -1.302091, -1.302091, -1.302091
 -1.310290, -1.310290, -1.310290, -1.310290, -1.310290, -1.310290
 -1.318978, -1.318978, -1.318978, -1.318978, -1.318978, -1.318978
 -1.327860, -1.327860, -1.327860, -1.327860, -1.327860, -1.327860
 -1.336586, -1.336586, -1.336586, -1.336586, -1.336586, -1.336586
 -1.344769, -1.344769, -1.344769, -1.344769, -1.344769, -1.344769
 -1.351990, -1.351990, -1.351990, -1.351990, -1.351990, -1.351990
 -1.357825, -1.357825, -1.357825, -1.357825, -1.357825, -1.357825
 -1.361870, -1.361870, -1.361870, -1.361870, -1.361870, -1.361870
 -1.363768, -1.363768, -1.363768, -1.363768, -1.363768, -1.363768
 -1.363238, -1.363238, -1.363238, -1.363238, -1.363238, -1.363238
 -1.360102, -1.360102, -1.360102, -1.360102, -1.360102, -1.360102
 -1.354295, -1.354295, -1.354295, -1.354295, -1.354295, -1.354295
 -1.345873, -1.345873, -1.345873, -1.345873, -1.345873, -1.345873
 -1.335000, -1.335000, -1.335000, -1.335000, -1.335000, -1.335000
 -1.321932, -1.321932, -1.321932, -1.321932, -1.321932, -1.321932
 -1.306989, -1.306989, -1.306989, -1.306989, -1.306989, -1.306989
 -1.290529, -1.290529, -1.290529, -1.290529, -1.290529, -1.290529
 -1.272925, -1.272925, -1.272925, -1.272925, -1.272925, -1.272925
 -1.254539, -1.254539, -1.254539, -1.254539, -1.254539, -1.254539
 -1.235713, -1.235713, -1.235713, -1.235713, -1.235713, -1.235713
 -1.216756, -1.216756, -1.216756, -1.216756, -1.216756, -1.216756
 -1.197937, -1.197937, -1.197937, -1.197937, -1.197937, -1.197937
 -1.179482, -1.179482, -1.179482, -1.179482, -1.179482, -1.179482
 -1.161579, -1.161579, -1.161579, -1.161579, -1.161579, -1.161579
 -1.144376, -1.144376, -1.144376, -1.144376, -1.144376, -1.144376
 -1.127984, -1.127984, -1.127984, -1.127984, -1.127984, -1.127984
 -1.112485, -1.112485, -1.112485, -1.112485, -1.112485, -1.112485
 -1.097933, -1.097933, -1.097933, -1.097933, -1.097933, -1.097933
 -1.084358, -1.084358, -1.084358, -1.084358, -1.084358, -1.084358
 -1.071775, -1.071775, -1.071775, -1.071775, -1.071775, -1.071775
 -1.060182, -1.060182, -1.060182, -1.060182, -1.060182, -1.060182
 -1.049570, -1.049570, -1.049570, -1.049570, -1.049570, -1.049570
 -1.039922, -1.039922, -1.039922, -1.039922, -1.039922, -1.039922
 -1.031216, -1.031216, -1.031216, -1.031216, -1.031216, -1.031216
 -1.023431, -1.023431, -1.023431, -1.023431, -1.023431, -1.023431
 -1.016545, -1.016545, -1.016545, -1.016545, -1.016545, -1.016545
 -1.010540, -1.010540, -1.010540, -1.010540, -1.010540, -1.010540
 -1.005399, -1.005399, -1.005399, -1.005399, -1.005399, -1.005399
 -1.001112, -1.001112, -1.001112, -1.001112, -1.001112, -1.001112
 -0.997675, -0.997675, -0.997675, -0.997675, -0.997675, -0.997675
 -0.995089, -0.995089, -0.995089, -0.995089, -0.995089, -0.995089
 -0.993362, -0.993362, -0.993362, -0.993362, -0.993362, -0.993362
 -0.992508, -0.992508, -0.992508, -0.992508, -0.992508, -0.992508
 -0.992550, -0.992550, -0.992550, -0.992550, -0.992550, -0.992550
 -0.993518, -0.993518, -0.993518, -0.993518, -0.993518, -0.993518
 -0.995447, -0.995447, -0.995447, -0.995447, -0.995447, -0.995447
 -0.998381, -0.998381, -0.998381, -0.998381, -0.998381, -0.998381
 -1.002369, -1.002369, -1.002369, -1.002369, -1.002369, -1.002369
 -1.007464, -1.007464, -1.007464, -1.007464, -1.007464, -1.007464
 -1.013725, -1.013725, -1.013725, -1.013725, -1.013725, -1.013725
 -1.021210, -1.021210, -1.021210, -1.021210, -1.021210, -1.021210
 -1.029978, -1.029978, -1.029978, -1.029978, -1.029978, -1.029978
 -1.040084, -1.040084, -1.040084, -1.040084, -1.040084, -1.040084
 -1.051575, -1.051575, -1.051575, -1.051575, -1.051575, -1.051575
 -1.064486, -1.064486, -1.064486, -1.064486, -1.064486, -1.064486
 -1.078835, -1.078835, -1.078835, -1.078835, -1.078835, -1.078835
 -1.094614, -1.094614, -1.094614, -1.094614, -1.094614, -1.094614
 -1.111790, -1.111790, -1.111790, -1.111790, -1.111790, -1.111790
 -1.130289, -1.130289, -1.130289, -1.130289, -1.130289, -1.130289
 -1.149996, -1.149996, -1.149996, -1.149996, -1.149996, -1.149996
 -1.170745, -1.170745, -1.170745, -1.170745, -1.170745, -1.170745
 -1.192314, -1.192314, -1.192314, -1.192314, -1.192314, -1.192314
 -1.214419, -1.214419, -1.214419, -1.214419, -1.214419, -1.214419
 -1.236709, -1.236709, -1.236709, -1.236709, -1.236709, -1.236709
 -1.258768, -1.258768, -1.258768, -1.258768, -1.258768, -1.258768
 -1.280115, -1.280115, -1.280115, -1.280115, -1.280115, -1.280115
 -1.300212, -1.300212, -1.300212, -1.300212, -1.300212, -1.300212
 -1.318485, -1.318485, -1.318485, -1.318485, -1.318485, -1.318485
 -1.334345, -1.334345, -1.334345, -1.334345, -1.334345, -1.334345
 -1.347233, -1.347233, -1.347233, -1.347233, -1.347233, -1.347233
 -1.356660, -1.356660, -1.356660, -1.356660, -1.356660, -1.356660
 -1.362264, -1.362264, -1.362264, -1.362264, -1.362264, -1.362264
 -1.363850, -1.363850, -1.363850, -1.363850, -1.363850, -1.363850
 -1.361417, -1.361417, -1.361417, -1.361417, -1.361417, -1.361417
 -1.355161, -1.355161, -1.355161, -1.355161, -1.355161, -1.355161
 -1.345448, -1.345448, -1.345448, -1.345448, -1.345448, -1.345448
 -1.332779, -1.332779, -1.332779, -1.332779, -1.332779, -1.332779
 -1.317733, -1.317733, -1.317733, -1.317733, -1.317733, -1.317733
 -1.300921, -1.300921, -1.300921, -1.300921, -1.300921, -1.300921
 -1.282942, -1.282942, -1.282942, -1.282942, -1.282942, -1.282942
 -1.264355, -1.264355, -1.264355, -1.264355, -1.264355, -1.264355
 -1.245659, -1.245659, -1.245659, -1.245659, -1.245659, -1.245659
 -1.227282, -1.227282, -1.227282, -1.227282, -1.227282, -1.227282
 -1.209581, -1.209581, -1.209581, -1.209581, -1.209581, -1.209581
 -1.192838, -1.192838, -1.192838, -1.192838, -1.192838, -1.192838
 -1.177271, -1.177271, -1.177271, -1.177271, -1.177271, -1.177271
 -1.163035, -1.163035, -1.163035, -1.163035, -1.163035, -1.163035
 -1.150230, -1.150230, -1.150230, -1.150230, -1.150230, -1.150230
 -1.138912, -1.138912, -1.138912, -1.138912, -1.138912, -1.138912
 -1.129096, -1.129096, -1.129096, -1.129096, -1.129096, -1.129096
 -1.120768, -1.120768, -1.120768, -1.120768, -1.120768, -1.120768
 -1.113890, -1.113890, -1.113890, -1.113890, -1.113890, -1.113890
 -1.108405, -1.108405, -1.108405, -1.108405, -1.108405, -1.108405
 -1.104248, -1.104248, -1.104248, -1.104248, -1.104248, -1.104248
 -1.101341, -1.101341, -1.101341, -1.101341, -1.101341, -1.101341
 -1.099608, -1.099608, -1.099608, -1.099608, -1.099608, -1.099608
 -1.098970, -1.098970, -1.098970, -1.098970, -1.098970, -1.098970
 -1.099350, -1.099350, -1.099350, -1.099350, -1.099350, -1.099350
 -1.100676, -1.100676, -1.100676, -1.100676, -1.100676, -1.100676
 -1.102878, -1.102878, -1.102878, -1.102878, -1.102878, -1.102878
 -1.105896, -1.105896, -1.105896, -1.105896, -1.105896, -1.105896
 -1.109672, -1.109672, -1.109672, -1.109672, -1.109672, -1.109672
 -1.114155, -1.114155, -1.114155, -1.114155, -1.114155, -1.114155
 -1.119299, -1.119299, -1.119299, -1.119299, -1.119299, -1.119299
 -1.125066, -1.125066, -1.125066, -1.125066, -1.125066, -1.125066
 -1.131419, -1.131419, -1.131419, -1.131419, -1.131419, -1.131419
 -1.138328, -1.138328, -1.138328, -1.138328, -1.138328, -1.138328
 -1.145764, -1.145764, -1.145764, -1.145764, -1.145764, -1.145764
 -1.153702, -1.153702, -1.153702, -1.153702, -1.153702, -1.153702
 -1.162119, -1.162119, -1.162119, -1.162119, -1.162119, -1.162119
 -1.170990, -1.170990, -1.170990, -1.170990, -1.170990, -1.170990
 -1.180293, -1.180293, -1.180293, -1.180293, -1.180293, -1.180293
 -1.190000, -1.190000, -1.190000, -1.190000, -1.190000, -1.190000
 -1.200081, -1.200081, -1.200081, -1.200081, -1.200081, -1.200081
 -1.210500, -1.210500, -1.210500, -1.210500, -1.210500, -1.210500
 -1.221216, -1.221216, -1.221216, -1.221216, -1.221216, -1.221216
 -1.232177, -1.232177, -1.232177, -1.232177, -1.232177, -1.232177
 -1.243321, -1.243321, -1.243321, -1.243321, -1.243321, -1.243321
 -1.254574, -1.254574, -1.254574, -1.254574, -1.254574, -1.254574
 -1.265849, -1.265849, -1.265849, -1.265849, -1.265849, -1.265849
 -1.277046, -1.277046, -1.277046, -1.277046, -1.277046, -1.277046
 -1.288050, -1.288050, -1.288050, -1.288050, -1.288050, -1.288050
 -1.298735, -1.298735, -1.298735, -1.298735, -1.298735, -1.298735
 -1.308967, -1.308967, -1.308967, -1.308967, -1.308967, -1.308967
 -1.318605, -1.318605, -1.318605, -1.318605, -1.318605, -1.318605
 -1.327512, -1.327512, -1.327512, -1.327512, -1.327512, -1.327512
 -1.335561, -1.335561, -1.335561, -1.335561, -1.335561, -1.335561
 -1.342641, -1.342641, -1.342641, -1.342641, -1.342641, -1.342641
 -1.348672, -1.348672, -1.348672, -1.348672, -1.348672, -1.348672
 -1.353611, -1.353611, -1.353611, -1.353611, -1.353611, -1.353611
 -1.357460, -1.357460, -1.357460, -1.357460, -1.357460, -1.357460
 -1.360270, -1.360270, -1.360270, -1.360270, -1.360270, -1.360270
 -1.362145, -1.362145, -1.362145, -1.362145, -1.362145, -1.362145
 -1.363236, -1.363236, -1.363236, -1.363236, -1.363236, -1.363236
 -1.363736, -1.363736, -1.363736, -1.363736, -1.363736, -1.363736
 -1.363869, -1.363869, -1.363869, -1.363869, -1.363869, -1.363869
 -1.363880, -1.363880, -1.363880, -1.363880, -1.363880, -1.363880
 -1.364018, -1.364018, -1.364018, -1.364018, -1.364018, -1.364018
 -1.364529, -1.364529, -1.364529, -1.364529, -1.364529, -1.364529
 -1.365638, -1.365638, -1.365638, -1.365638, -1.365638, -1.365638
 -1.367546, -1.367546, -1.367546, -1.367546, -1.367546, -1.367546
 -1.370420, -1.370420, -1.370420, -1.370420, -1.370420, -1.370420
 -1.374386, -1.374386, -1.374386, -1.374386, -1.374386, -1.374386
 -1.379537, -1.379537, -1.379537, -1.379537, -1.379537, -1.379537
 -1.385924, -1.385924, -1.385924, -1.385924, -1.385924, -1.385924
 -1.393564, -1.393564, -1.393564, -1.393564, -1.393564, -1.393564
 -1.402446, -1.402446, -1.402446, -1.402446, -1.402446, -1.402446
 -1.412530, -1.412530, -1.412530, -1.412530, -1.412530, -1.412530
 -1.423761, -1.423761, -1.423761, -1.423761, -1.423761, -1.423761
 -1.436066, -1.436066, -1.436066, -1.436066, -1.436066, -1.436066
 -1.449368, -1.449368, -1.449368, -1.449368, -1.449368, -1.449368
 -1.463582, -1.463582, -1.463582, -1.463582, -1.463582, -1.463582
 -1.478625, -1.478625, -1.478625, -1.478625, -1.478625, -1.478625
 -1.494417, -1.494417, -1.494417, -1.494417, -1.494417, -1.494417
 -1.510881, -1.510881, -1.510881, -1.510881, -1.510881, -1.510881
 -1.527947, -1.527947, -1.527947, -1.527947, -1.527947, -1.527947
 -1.545549, -1.545549, -1.545549, -1.545549, -1.545549, -1.545549
 -1.563626, -1.563626, -1.563626, -1.563626, -1.563626, -1.563626
 -1.582121, -1.582121, -1.582121, -1.582121, -1.582121, -1.582121
 -1.600975, -1.600975, -1.600975, -1.600975, -1.600975, -1.600975
 -1.620129, -1.620129, -1.620129, -1.620129, -1.620129, -1.620129
 -1.639515, -1.639515, -1.639515, -1.639515, -1.639515, -1.639515
 -1.659054, -1.659054, -1.659054, -1.659054, -1.659054, -1.659054
 -1.678653, -1.678653, -1.678653, -1.678653, -1.678653, -1.678653
 -1.698193, -1.698193, -1.698193, -1.698193, -1.698193, -1.698193
 -1.717529, -1.717529, -1.717529, -1.717529, -1.717529, -1.717529
 -1.736481, -1.736481, -1.736481, -1.736481, -1.736481, -1.736481
 -1.754833, -1.754833, -1.754833, -1.754833, -1.754833, -1.754833
 -1.772324, -1.772324, -1.772324, -1.772324, -1.772324, -1.772324
 -1.788651, -1.788651, -1.788651, -1.788651, -1.788651, -1.788651
 -1.803469, -1.803469, -1.803469, -1.803469, -1.803469, -1.803469
 -1.816399, -1.816399, -1.816399, -1.816399, -1.816399, -1.816399
 -1.827035, -1.827035, -1.827035, -1.827035, -1.827035, -1.827035
 -1.834962, -1.834962, -1.834962, -1.834962, -1.834962, -1.834962
 -1.839778, -1.839778, -1.839778, -1.839778, -1.839778, -1.839778
 -1.841113, -1.841113, -1.841113, -1.841113, -1.841113, -1.841113
 -1.838663, -1.838663, -1.838663, -1.838663, -1.838663, -1.838663
 -1.832217, -1.832217, -1.832217, -1.832217, -1.832217, -1.832217
 -1.821688, -1.821688, -1.821688, -1.821688, -1.821688, -1.821688
 -1.807132, -1.807132, -1.807132, -1.807132, -1.807132, -1.807132
 -1.788761, -1.788761, -1.788761, -1.788761, -1.788761, -1.788761
 -1.766936, -1.766936, -1.766936, -1.766936, -1.766936, -1.766936
 -1.742149, -1.742149, -1.742149, -1.742149, -1.742149, -1.742149
 -1.714974, -1.714974, -1.714974, -1.714974, -1.714974, -1.714974
 -1.686030, -1.686030, -1.686030, -1.686030, -1.686030, -1.686030
 -1.655931, -1.655931, -1.655931, -1.655931, -1.655931, -1.655931
 -1.625253, -1.625253, -1.625253, -1.625253, -1.625253, -1.625253
 -1.594521, -1.594521, -1.594521, -1.594521, -1.594521, -1.594521
 -1.564203, -1.564203, -1.564203, -1.564203, -1.564203, -1.564203
 -1.534723, -1.534723, -1.534723, -1.534723, -1.534723, -1.534723
 -1.506469, -1.506469, -1.506469, -1.506469, -1.506469, -1.506469
 -1.479810, -1.479810, -1.479810, -1.479810, -1.479810, -1.479810
 -1.455101, -1.455101, -1.455101, -1.455101, -1.455101, -1.455101
 -1.432691, -1.432691, -1.432691, -1.432691, -1.432691, -1.432691
 -1.412918, -1.412918, -1.412918, -1.412918, -1.412918, -1.412918
 -1.396105, -1.396105, -1.396105, -1.396105, -1.396105, -1.396105
 -1.382552, -1.382552, -1.382552, -1.382552, -1.382552, -1.382552
 -1.372525, -1.372525, -1.372525, -1.372525, -1.372525, -1.372525
 -1.366247, -1.366247, -1.366247, -1.366247, -1.366247, -1.366247
 -1.363890, -1.363890, -1.363890, -1.363890, -1.363890, -1.363890
 -1.365565, -1.365565, -1.365565, -1.365565, -1.365565, -1.365565
 -1.371328, -1.371328, -1.371328, -1.371328, -1.371328, -1.371328
 -1.381173, -1.381173, -1.381173, -1.381173, -1.381173, -1.381173
 -1.395047, -1.395047, -1.395047, -1.395047, -1.395047, -1.395047
 -1.412858, -1.412858, -1.412858, -1.412858, -1.412858, -1.412858
 -1.434492, -1.434492, -1.434492, -1.434492, -1.434492, -1.434492
 -1.459830, -1.459830, -1.459830, -1.459830, -1.459830, -1.459830
 -1.488776, -1.488776, -1.488776, -1.488776, -1.488776, -1.488776
 -1.521271, -1.521271, -1.521271, -1.521271, -1.521271, -1.521271
 -1.557325, -1.557325, -1.557325, -1.557325, -1.557325, -1.557325
 -1.597033, -1.597033, -1.597033, -1.597033, -1.597033, -1.597033
 -1.640589, -1.640589, -1.640589, -1.640589, -1.640589, -1.640589
 -1.688278, -1.688278, -1.688278, -1.688278, -1.688278, -1.688278
 -1.740435, -1.740435, -1.740435, -1.740435, -1.740435, -1.740435
 -1.797333, -1.797333, -1.797333, -1.797333, -1.797333, -1.797333
 -1.859005, -1.859005, -1.859005, -1.859005, -1.859005, -1.859005
 -1.924985, -1.924985, -1.924985, -1.924985, -1.924985, -1.924985
 -1.994097, -1.994097, -1.994097, -1.994097, -1.994097, -1.994097
 -2.064426, -2.064426, -2.064426, -2.064426, -2.064426, -2.064426
 -2.133576, -2.133576, -2.133576, -2.133576, -2.133576, -2.133576
 -2.199150, -2.199150, -2.199150, -2.199150, -2.199150, -2.199150
 -2.259178, -2.259178, -2.259178, -2.259178, -2.259178, -2.259178
 -2.312327, -2.312327, -2.312327, -2.312327, -2.312327, -2.312327
 -2.357870, -2.357870, -2.357870, -2.357870, -2.357870, -2.357870
 -2.395528, -2.395528, -2.395528, -2.395528, -2.395528, -2.395528
 -2.425298, -2.425298, -2.425298, -2.425298, -2.425298, -2.425298
 -2.447330, -2.447330, -2.447330, -2.447330, -2.447330, -2.447330
 -2.461839, -2.461839, -2.461839, -2.461839, -2.461839, -2.461839
 -2.469064, -2.469064, -2.469064, -2.469064, -2.469064, -2.469064
 -2.469241, -2.469241, -2.469241, -2.469241, -2.469241, -2.469241
 -2.462590, -2.462590, -2.462590, -2.462590, -2.462590, -2.462590
 -2.449314, -2.449314, -2.449314, -2.449314, -2.449314, -2.449314
 -2.429596, -2.429596, -2.429596, -2.429596, -2.429596, -2.429596
 -2.403607, -2.403607, -2.403607, -2.403607, -2.403607, -2.403607
 -2.371524, -2.371524, -2.371524, -2.371524, -2.371524, -2.371524
 -2.333565, -2.333565, -2.333565, -2.333565, -2.333565, -2.333565
 -2.290040, -2.290040, -2.290040, -2.290040, -2.290040, -2.290040
 -2.241417, -2.241417, -2.241417, -2.241417, -2.241417, -2.241417
 -2.188397, -2.188397, -2.188397, -2.188397, -2.188397, -2.188397
 -2.131955, -2.131955, -2.131955, -2.131955, -2.131955, -2.131955
 -2.073334, -2.073334, -2.073334, -2.073334, -2.073334, -2.073334
 -2.013938, -2.013938, -2.013938, -2.013938, -2.013938, -2.013938
 -1.955159, -1.955159, -1.955159, -1.955159, -1.955159, -1.955159
 -1.898190, -1.898190, -1.898190, -1.898190, -1.898190, -1.898190
 -1.843888, -1.843888, -1.843888, -1.843888, -1.843888, -1.843888
 -1.792742, -1.792742, -1.792742, -1.792742, -1.792742, -1.792742
 -1.744929, -1.744929, -1.744929, -1.744929, -1.744929, -1.744929
 -1.700408, -1.700408, -1.700408, -1.700408, -1.700408, -1.700408
 -1.659025, -1.659025, -1.659025, -1.659025, -1.659025, -1.659025
 -1.620590, -1.620590, -1.620590, -1.620590, -1.620590, -1.620590
 -1.584930, -1.584930, -1.584930, -1.584930, -1.584930, -1.584930
 -1.551915, -1.551915, -1.551915, -1.551915, -1.551915, -1.551915
 -1.521468, -1.521468, -1.521468, -1.521468, -1.521468, -1.521468
 -1.493566, -1.493566, -1.493566, -1.493566, -1.493566, -1.493566
 -1.468227, -1.468227, -1.468227, -1.468227, -1.468227, -1.468227
 -1.445502, -1.445502, -1.445502, -1.445502, -1.445502, -1.445502
 -1.425461, -1.425461, -1.425461, -1.425461, -1.425461, -1.425461
 -1.408180, -1.408180, -1.408180, -1.408180, -1.408180, -1.408180
 -1.393725, -1.393725, -1.393725, -1.393725, -1.393725, -1.393725
 -1.382140, -1.382140, -1.382140, -1.382140, -1.382140, -1.382140
 -1.373433, -1.373433, -1.373433, -1.373433, -1.373433, -1.373433
 -1.367573, -1.367573, -1.367573, -1.367573, -1.367573, -1.367573
 -1.364473, -1.364473, -1.364473, -1.364473, -1.364473, -1.364473
 -1.363996, -1.363996, -1.363996, -1.363996, -1.363996, -1.363996
 -1.365949, -1.365949, -1.365949, -1.365949, -1.365949, -1.365949
 -1.370084, -1.370084, -1.370084, -1.370084, -1.370084, -1.370084
 -1.376109, -1.376109, -1.376109, -1.376109, -1.376109, -1.376109
 -1.383693, -1.383693, -1.383693, -1.383693, -1.383693, -1.383693
 -1.392472, -1.392472, -1.392472, -1.392472, -1.392472, -1.392472
 -1.402067, -1.402067, -1.402067, -1.402067, -1.402067, -1.402067
 -1.412091, -1.412091, -1.412091, -1.412091, -1.412091, -1.412091
 -1.422164, -1.422164, -1.422164, -1.422164, -1.422164, -1.422164
 -1.431922, -1.431922, -1.431922, -1.431922, -1.431922, -1.431922
 -1.441033, -1.441033, -1.441033, -1.441033, -1.441033, -1.441033
 -1.449205, -1.449205, -1.449205, -1.449205, -1.449205, -1.449205
 -1.456199, -1.456199, -1.456199, -1.456199, -1.456199, -1.456199
 -1.461828, -1.461828, -1.461828, -1.461828, -1.461828, -1.461828
 -1.465968, -1.465968, -1.465968, -1.465968, -1.465968, -1.465968
 -1.468554, -1.468554, -1.468554, -1.468554, -1.468554, -1.468554
 -1.469575, -1.469575, -1.469575, -1.469575, -1.469575, -1.469575
 -1.469073, -1.469073, -1.469073, -1.469073, -1.469073, -1.469073
 -1.467125, -1.467125, -1.467125, -1.467125, -1.467125, -1.467125
 -1.463844, -1.463844, -1.463844, -1.463844, -1.463844, -1.463844
 -1.459357, -1.459357, -1.459357, -1.459357, -1.459357, -1.459357
 -1.453808, -1.453808, -1.453808, -1.453808, -1.453808, -1.453808
 -1.447341, -1.447341, -1.447341, -1.447341, -1.447341, -1.447341
 -1.440099, -1.440099, -1.440099, -1.440099, -1.440099, -1.440099
 -1.432217, -1.432217, -1.432217, -1.432217, -1.432217, -1.432217
 -1.423821, -1.423821, -1.423821, -1.423821, -1.423821, -1.423821
 -1.415028, -1.415028, -1.415028, -1.415028, -1.415028, -1.415028
 -1.405941, -1.405941, -1.405941, -1.405941, -1.405941, -1.405941
 -1.396656, -1.396656, -1.396656, -1.396656, -1.396656, -1.396656
 -1.387255, -1.387255, -1.387255, -1.387255, -1.387255, -1.387255
 -1.377817, -1.377817, -1.377817, -1.377817, -1.377817, -1.377817
 -1.368409, -1.368409, -1.368409, -1.368409, -1.368409, -1.368409
 -1.359096, -1.359096, -1.359096, -1.359096, -1.359096, -1.359096
 -1.349938, -1.349938, -1.349938, -1.349938, -1.349938, -1.349938
 -1.340994, -1.340994, -1.340994, -1.340994, -1.340994, -1.340994
 -1.332319, -1.332319, -1.332319, -1.332319, -1.332319, -1.332319
 -1.323971, -1.323971, -1.323971, -1.323971, -1.323971, -1.323971
 -1.316008, -1.316008, -1.316008, -1.316008, -1.316008, -1.316008
 -1.308491, -1.308491, -1.308491, -1.308491, -1.308491, -1.308491
 -1.301483, -1.301483, -1.301483, -1.301483, -1.301483, -1.301483
 -1.295051, -1.295051, -1.295051, -1.295051, -1.295051, -1.295051
 -1.289265, -1.289265, -1.289265, -1.289265, -1.289265, -1.289265
 -1.284198, -1.284198, -1.284198, -1.284198, -1.284198, -1.284198
 -1.279926, -1.279926, -1.279926, -1.279926, -1.279926, -1.279926
 -1.276526, -1.276526, -1.276526, -1.276526, -1.276526, -1.276526
 -1.274074, -1.274074, -1.274074, -1.274074, -1.274074, -1.274074
 -1.272644, -1.272644, -1.272644, -1.272644, -1.272644, -1.272644
 -1.272301, -1.272301, -1.272301, -1.272301, -1.272301, -1.272301
 -1.273100, -1.273100, -1.273100, -1.273100, -1.273100, -1.273100
 -1.275080, -1.275080, -1.275080, -1.275080, -1.275080, -1.275080
 -1.278258, -1.278258, -1.278258, -1.278258, -1.278258, -1.278258
 -1.282622, -1.282622, -1.282622, -1.282622, -1.282622, -1.282622
 -1.288127, -1.288127, -1.288127, -1.288127, -1.288127, -1.288127
 -1.294684, -1.294684, -1.294684, -1.294684, -1.294684, -1.294684
 -1.302158, -1.302158, -1.302158, -1.302158, -1.302158, -1.302158
 -1.310362, -1.310362, -1.310362, -1.310362, -1.310362, -1.310362
 -1.319053, -1.319053, -1.319053, -1.319053, -1.319053, -1.319053
 -1.327934, -1.327934, -1.327934, -1.327934, -1.327934, -1.327934
 -1.336658, -1.336658, -1.336658, -1.336658, -1.336658, -1.336658
 -1.344834, -1.344834, -1.344834, -1.344834, -1.344834, -1.344834
 -1.352045, -1.352045, -1.352045, -1.352045, -1.352045, -1.352045
 -1.357867, -1.357867, -1.357867, -1.357867, -1.357867, -1.357867
 -1.361896, -1.361896, -1.361896, -1.361896, -1.361896, -1.361896
 -1.363774, -1.363774, -1.363774, -1.363774, -1.363774, -1.363774
 -1.363223, -1.363223, -1.363223, -1.363223, -1.363223, -1.363223
 -1.360064, -1.360064, -1.360064, -1.360064, -1.360064, -1.360064
 -1.354235, -1.354235, -1.354235, -1.354235, -1.354235, -1.354235
 -1.345791, -1.345791, -1.345791, -1.345791, -1.345791, -1.345791
 -1.334899, -1.334899, -1.334899, -1.334899, -1.334899, -1.334899
 -1.321814, -1.321814, -1.321814, -1.321814, -1.321814, -1.321814
 -1.306856, -1.306856, -1.306856, -1.306856, -1.306856, -1.306856
 -1.290385, -1.290385, -1.290385, -1.290385, -1.290385, -1.290385
 -1.272772, -1.272772, -1.272772, -1.272772, -1.272772, -1.272772
 -1.254382, -1.254382, -1.254382, -1.254382, -1.254382, -1.254382
 -1.235554, -1.235554, -1.235554, -1.235554, -1.235554, -1.235554
 -1.216597, -1.216597, -1.216597, -1.216597, -1.216597, -1.216597
 -1.197779, -1.197779, -1.197779, -1.197779, -1.197779, -1.197779
 -1.179329, -1.179329, -1.179329, -1.179329, -1.179329, -1.179329
 -1.161431, -1.161431, -1.161431, -1.161431, -1.161431, -1.161431
 -1.144234, -1.144234, -1.144234, -1.144234, -1.144234, -1.144234
 -1.127850, -1.127850, -1.127850, -1.127850, -1.127850, -1.127850
 -1.112359, -1.112359, -1.112359, -1.112359, -1.112359, -1.112359
 -1.097814, -1.097814, -1.097814, -1.097814, -1.097814, -1.097814
 -1.084248, -1.084248, -1.084248, -1.084248, -1.084248, -1.084248
 -1.071673, -1.071673, -1.071673, -1.071673, -1.071673, -1.071673
 -1.060089, -1.060089, -1.060089, -1.060089, -1.060089, -1.060089
 -1.049485, -1.049485, -1.049485, -1.049485, -1.049485, -1.049485
 -1.039845, -1.039845, -1.039845, -1.039845, -1.039845, -1.039845
 -1.031147, -1.031147, -1.031147, -1.031147, -1.031147, -1.031147
 -1.023369, -1.023369, -1.023369, -1.023369, -1.023369, -1.023369
 -1.016491, -1.016491, -1.016491, -1.016491, -1.016491, -1.016491
 -1.010493, -1.010493, -1.010493, -1.010493, -1.010493, -1.010493
 -1.005359, -1.005359, -1.005359, -1.005359, -1.005359, -1.005359
 -1.001080, -1.001080, -1.001080, -1.001080, -1.001080, -1.001080
 -0.997650, -0.997650, -0.997650, -0.997650, -0.997650, -0.997650
 -0.995071, -0.995071, -0.995071, -0.995071, -0.995071, -0.995071
 -0.993351, -0.993351, -0.993351, -0.993351, -0.993351, -0.993351
 -0.992505, -0.992505, -0.992505, -0.992505, -0.992505, -0.992505
 -0.992555, -0.992555, -0.992555, -0.992555, -0.992555, -0.992555
 -0.993530, -0.993530, -0.993530, -0.993530, -0.993530, -0.993530
 -0.995468, -0.995468, -0.995468, -0.995468, -0.995468, -0.995468
 -0.998410, -0.998410, -0.998410, -0.998410, -0.998410, -0.998410
 -1.002407, -1.002407, -1.002407, -1.002407, -1.002407, -1.002407
 -1.007512, -1.007512, -1.007512, -1.007512, -1.007512, -1.007512
 -1.013782, -1.013782, -1.013782, -1.013782, -1.013782, -1.013782
 -1.021278, -1.021278, -1.021278, -1.021278, -1.021278, -1.021278
 -1.030058, -1.030058, -1.030058, -1.030058, -1.030058, -1.030058
 -1.040175, -1.040175, -1.040175, -1.040175, -1.040175, -1.040175
 -1.051678, -1.051678, -1.051678, -1.051678, -1.051678, -1.051678
 -1.064601, -1.064601, -1.064601, -1.064601, -1.064601, -1.064601
 -1.078962, -1.078962, -1.078962, -1.078962, -1.078962, -1.078962
 -1.094753, -1.094753, -1.094753, -1.094753, -1.094753, -1.094753
 -1.111940, -1.111940, -1.111940, -1.111940, -1.111940, -1.111940
 -1.130450, -1.130450, -1.130450, -1.130450, -1.130450, -1.130450
 -1.150167, -1.150167, -1.150167, -1.150167, -1.150167, -1.150167
 -1.170924, -1.170924, -1.170924, -1.170924, -1.170924, -1.170924
 -1.192499, -1.192499, -1.192499, -1.192499, -1.192499, -1.192499
 -1.214606, -1.214606, -1.214606, -1.214606, -1.214606, -1.214606
 -1.236896, -1.236896, -1.236896, -1.236896, -1.236896, -1.236896
 -1.258952, -1.258952, -1.258952, -1.258952, -1.258952, -1.258952
 -1.280290, -1.280290, -1.280290, -1.280290, -1.280290, -1.280290
 -1.300375, -1.300375, -1.300375, -1.300375, -1.300375, -1.300375
 -1.318629, -1.318629, -1.318629, -1.318629, -1.318629, -1.318629
 -1.334467, -1.334467, -1.334467, -1.334467, -1.334467, -1.334467
 -1.347327, -1.347327, -1.347327, -1.347327, -1.347327, -1.347327
 -1.356723, -1.356723, -1.356723, -1.356723, -1.356723, -1.356723
 -1.362294, -1.362294, -1.362294, -1.362294, -1.362294, -1.362294
 -1.363846, -1.363846, -1.363846, -1.363846, -1.363846, -1.363846
 -1.361380, -1.361380, -1.361380, -1.361380, -1.361380, -1.361380
 -1.355093, -1.355093, -1.355093, -1.355093, -1.355093, -1.355093
 -1.345353, -1.345353, -1.345353, -1.345353, -1.345353, -1.345353
 -1.332661, -1.332661, -1.332661, -1.332661, -1.332661, -1.332661
 -1.317598, -1.317598, -1.317598, -1.317598, -1.317598, -1.317598
 -1.300774, -1.300774, -1.300774, -1.300774, -1.300774, -1.300774
 -1.282788, -1.282788, -1.282788, -1.282788, -1.282788, -1.282788
 -1.264198, -1.264198, -1.264198, -1.264198, -1.264198, -1.264198
 -1.245502, -1.245502, -1.245502, -1.245502, -1.245502, -1.245502
 -1.227130, -1.227130, -1.227130, -1.227130, -1.227130, -1.227130
 -1.209435, -1.209435, -1.209435, -1.209435, -1.209435, -1.209435
 -1.192702, -1.192702, -1.192702, -1.192702, -1.192702, -1.192702
 -1.177146, -1.177146, -1.177146, -1.177146, -1.177146, -1.177146
 -1.162921, -1.162921, -1.162921, -1.162921, -1.162921, -1.162921
 -1.150129, -1.150129, -1.150129, -1.150129, -1.150129, -1.150129
 -1.138823, -1.138823, -1.138823, -1.138823, -1.138823, -1.138823
 -1.129019, -1.129019, -1.129019, -1.129019, -1.129019, -1.129019
 -1.120704, -1.120704, -1.120704, -1.120704, -1.120704, -1.120704
 -1.113838, -1.113838, -1.113838, -1.113838, -1.113838, -1.113838
 -1.108365, -1.108365, -1.108365, -1.108365, -1.108365, -1.108365
 -1.104218, -1.104218, -1.104218, -1.104218, -1.104218, -1.104218
 -1.101322, -1.101322, -1.101322, -1.101322, -1.101322, -1.101322
 -1.099598, -1.099598, -1.099598, -1.099598, -1.099598, -1.099598
 -1.098969, -1.098969, -1.098969, -1.098969, -1.098969, -1.098969
 -1.099357, -1.099357, -1.099357, -1.099357, -1.099357, -1.099357
 -1.100691, -1.100691, -1.100691, -1.100691, -1.100691, -1.100691
 -1.102901, -1.102901, -1.102901, -1.102901, -1.102901, -1.102901
 -1.105925, -1.105925, -1.105925, -1.105925, -1.105925, -1.105925
 -1.109707, -1.109707, -1.109707, -1.109707, -1.109707, -1.109707
 -1.114195, -1.114195, -1.114195, -1.114195, -1.114195, -1.114195
 -1.119346, -1.119346, -1.119346, -1.119346, -1.119346, -1.119346
 -1.125117, -1.125117, -1.125117, -1.125117, -1.125117, -1.125117
 -1.131475, -1.131475, -1.131475, -1.131475, -1.131475, -1.131475
 -1.138388, -1.138388, -1.138388, -1.138388, -1.138388, -1.138388
 -1.145828, -1.145828, -1.145828, -1.145828, -1.145828, -1.145828
 -1.153771, -1.153771, -1.153771, -1.153771, -1.153771, -1.153771
 -1.162192, -1.162192, -1.162192, -1.162192, -1.162192, -1.162192
 -1.171067, -1.171067, -1.171067, -1.171067, -1.171067, -1.171067
 -1.180373, -1.180373, -1.180373, -1.180373, -1.180373, -1.180373
 -1.190083, -1.190083, -1.190083, -1.190083, -1.190083, -1.190083
 -1.200167, -1.200167, -1.200167, -1.200167, -1.200167, -1.200167
 -1.210589, -1.210589, -1.210589, -1.210589, -1.210589, -1.210589
 -1.221308, -1.221308, -1.221308, -1.221308, -1.221308, -1.221308
 -1.232270, -1.232270, -1.232270, -1.232270, -1.232270, -1.232270
 -1.243415, -1.243415, -1.243415, -1.243415, -1.243415, -1.243415
 -1.254669, -1.254669, -1.254669, -1.254669, -1.254669, -1.254669
 -1.265944, -1.265944, -1.265944, -1.265944, -1.265944, -1.265944
 -1.277140, -1.277140, -1.277140, -1.277140, -1.277140, -1.277140
 -1.288141, -1.288141, -1.288141, -1.288141, -1.288141, -1.288141
 -1.298823, -1.298823, -1.298823, -1.298823, -1.298823, -1.298823
 -1.309051, -1.309051, -1.309051, -1.309051, -1.309051, -1.309051
 -1.318683, -1.318683, -1.318683, -1.318683, -1.318683, -1.318683
 -1.327584, -1.327584, -1.327584, -1.327584, -1.327584, -1.327584
 -1.335625, -1.335625, -1.335625, -1.335625, -1.335625, -1.335625
 -1.342696, -1.342696, -1.342696, -1.342696, -1.342696, -1.342696
 -1.348718, -1.348718, -1.348718, -1.348718, -1.348718, -1.348718
 -1.353648, -1.353648, -1.353648, -1.353648, -1.353648, -1.353648
 -1.357488, -1.357488, -1.357488, -1.357488, -1.357488, -1.357488
 -1.360290, -1.360290, -1.360290, -1.360290, -1.360290, -1.360290
 -1.362158, -1.362158, -1.362158, -1.362158, -1.362158, -1.362158
 -1.363243, -1.363243, -1.363243, -1.363243, -1.363243, -1.363243
 -1.363738, -1.363738, -1.363738, -1.363738, -1.363738, -1.363738
 -1.363869, -1.363869, -1.363869, -1.363869, -1.363869, -1.363869
 -1.363880, -1.363880, -1.363880, -1.363880, -1.363880, -1.363880
 -1.364021, -1.364021, -1.364021, -1.364021, -1.364021, -1.364021
 -1.364535, -1.364535, -1.364535, -1.364535, -1.364535, -1.364535
 -1.365651, -1.365651, -1.365651, -1.365651, -1.365651, -1.365651
 -1.367566, -1.367566, -1.367566, -1.367566, -1.367566, -1.367566
 -1.370448, -1.370448, -1.370448, -1.370448, -1.370448, -1.370448
 -1.374425, -1.374425, -1.374425, -1.374425, -1.374425, -1.374425
 -1.379586, -1.379586, -1.379586, -1.379586, -1.379586, -1.379586
 -1.385983, -1.385983, -1.385983, -1.385983, -1.385983, -1.385983
 -1.393634, -1.393634, -1.393634, -1.393634, -1.393634, -1.393634
 -1.402526, -1.402526, -1.402526, -1.402526, -1.402526, -1.402526
 -1.412620, -1.412620, -1.412620, -1.412620, -1.412620, -1.412620
 -1.423860, -1.423860, -1.423860, -1.423860, -1.423860, -1.423860
 -1.436174, -1.436174, -1.436174, -1.436174, -1.436174, -1.436174
 -1.449484, -1.449484, -1.449484, -1.449484, -1.449484, -1.449484
 -1.463705, -1.463705, -1.463705, -1.463705, -1.463705, -1.463705
 -1.478755, -1.478755, -1.478755, -1.478755, -1.478755, -1.478755
 -1.494553, -1.494553, -1.494553, -1.494553, -1.494553, -1.494553
 -1.511022, -1.511022, -1.511022, -1.511022, -1.511022, -1.511022
 -1.528093, -1.528093, -1.528093, -1.528093, -1.528093, -1.528093
 -1.545699, -1.545699, -1.545699, -1.545699, -1.545699, -1.545699
 -1.563780, -1.563780, -1.563780, -1.563780, -1.563780, -1.563780
 -1.582278, -1.582278, -1.582278, -1.582278, -1.582278, -1.582278
 -1.601135, -1.601135, -1.601135, -1.601135, -1.601135, -1.601135
 -1.620291, -1.620291, -1.620291, -1.620291, -1.620291, -1.620291
 -1.639679, -1.639679, -1.639679, -1.639679, -1.639679, -1.639679
 -1.659219, -1.659219, -1.659219, -1.659219, -1.659219, -1.659219
 -1.678818, -1.678818, -1.678818, -1.678818, -1.678818, -1.678818
 -1.698357, -1.698357, -1.698357, -1.698357, -1.698357, -1.698357
 -1.717690, -1.717690, -1.717690, -1.717690, -1.717690, -1.717690
 -1.736639, -1.736639, -1.736639, -1.736639, -1.736639, -1.736639
 -1.754985, -1.754985, -1.754985, -1.754985, -1.754985, -1.754985
 -1.772467, -1.772467, -1.772467, -1.772467, -1.772467, -1.772467
 -1.788783, -1.788783, -1.788783, -1.788783, -1.788783, -1.788783
 -1.803587, -1.803587, -1.803587, -1.803587, -1.803587, -1.803587
 -1.816499, -1.816499, -1.816499, -1.816499, -1.816499, -1.816499
 -1.827113, -1.827113, -1.827113, -1.827113, -1.827113, -1.827113
 -1.835016, -1.835016, -1.835016, -1.835016, -1.835016, -1.835016
 -1.839804, -1.839804, -1.839804, -1.839804, -1.839804, -1.839804
 -1.841108, -1.841108, -1.841108, -1.841108, -1.841108, -1.841108
 -1.838625, -1.838625, -1.838625, -1.838625, -1.838625, -1.838625
 -1.832146, -1.832146, -1.832146, -1.832146, -1.832146, -1.832146
 -1.821582, -1.821582, -1.821582, -1.821582, -1.821582, -1.821582
 -1.806993, -1.806993, -1.806993, -1.806993, -1.806993, -1.806993
 -1.788591, -1.788591, -1.788591, -1.788591, -1.788591, -1.788591
 -1.766739, -1.766739, -1.766739, -1.766739, -1.766739, -1.766739
 -1.741929, -1.741929, -1.741929, -1.741929, -1.741929, -1.741929
 -1.714737, -1.714737, -1.714737, -1.714737, -1.714737, -1.714737
 -1.685781, -1.685781, -1.685781, -1.685781, -1.685781, -1.685781
 -1.655674, -1.655674, -1.655674, -1.655674, -1.655674, -1.655674
 -1.624994, -1.624994, -1.624994, -1.624994, -1.624994, -1.624994
 -1.594263, -1.594263, -1.594263, -1.594263, -1.594263, -1.594263
 -1.563951, -1.563951, -1.563951, -1.563951, -1.563951, -1.563951
 -1.534479, -1.534479, -1.534479, -1.534479, -1.534479, -1.534479
 -1.506237, -1.506237, -1.506237, -1.506237, -1.506237, -1.506237
 -1.479593, -1.479593, -1.479593, -1.479593, -1.479593, -1.479593
 -1.454902, -1.454902, -1.454902, -1.454902, -1.454902, -1.454902
 -1.432513, -1.432513, -1.432513, -1.432513, -1.432513, -1.432513
 -1.412764, -1.412764, -1.412764, -1.412764, -1.412764, -1.412764
 -1.395977, -1.395977, -1.395977, -1.395977, -1.395977, -1.395977
 -1.382452, -1.382452, -1.382452, -1.382452, -1.382452, -1.382452
 -1.372456, -1.372456, -1.372456, -1.372456, -1.372456, -1.372456
 -1.366211, -1.366211, -1.366211, -1.366211, -1.366211, -1.366211
 -1.363887, -1.363887, -1.363887, -1.363887, -1.363887, -1.363887
 -1.365597, -1.365597, -1.365597, -1.365597, -1.365597, -1.365597
 -1.371394, -1.371394, -1.371394, -1.371394, -1.371394, -1.371394
 -1.381273, -1.381273, -1.381273, -1.381273, -1.381273, -1.381273
 -1.395181, -1.395181, -1.395181, -1.395181, -1.395181, -1.395181
 -1.413025, -1.413025, -1.413025, -1.413025, -1.413025, -1.413025
 -1.434690, -1.434690, -1.434690, -1.434690, -1.434690, -1.434690
 -1.460059, -1.460059, -1.460059, -1.460059, -1.460059, -1.460059
 -1.489035, -1.489035, -1.489035, -1.489035, -1.489035, -1.489035
 -1.521560, -1.521560, -1.521560, -1.521560, -1.521560, -1.521560
 -1.557644, -1.557644, -1.557644, -1.557644, -1.557644, -1.557644
 -1.597384, -1.597384, -1.597384, -1.597384, -1.597384, -1.597384
 -1.640973, -1.640973, -1.640973, -1.640973, -1.640973, -1.640973
 -1.688698, -1.688698, -1.688698, -1.688698, -1.688698, -1.688698
 -1.740894, -1.740894, -1.740894, -1.740894, -1.740894, -1.740894
 -1.797833, -1.797833, -1.797833, -1.797833, -1.797833, -1.797833
 -1.859544, -1.859544, -1.859544, -1.859544, -1.859544, -1.859544
 -1.925556, -1.925556, -1.925556, -1.925556, -1.925556, -1.925556
 -1.994688, -1.994688, -1.994688, -1.994688, -1.994688, -1.994688
 -2.065017, -2.065017, -2.065017, -2.065017, -2.065017, -2.065017
 -2.134147, -2.134147, -2.134147, -2.134147, -2.134147, -2.134147
 -2.199681, -2.199681, -2.199681, -2.199681, -2.199681, -2.199681
 -2.259655, -2.259655, -2.259655, -2.259655, -2.259655, -2.259655
 -2.312743, -2.312743, -2.312743, -2.312743, -2.312743, -2.312743
 -2.358220, -2.358220, -2.358220, -2.358220, -2.358220, -2.358220
 -2.395811, -2.395811, -2.395811, -2.395811, -2.395811, -2.395811
 -2.425516, -2.425516, -2.425516, -2.425516, -2.425516, -2.425516
 -2.447483, -2.447483, -2.447483, -2.447483, -2.447483, -2.447483
 -2.461930, -2.461930, -2.461930, -2.461930, -2.461930, -2.461930
 -2.469095, -2.469095, -2.469095, -2.469095, -2.469095, -2.469095
 -2.469213, -2.469213, -2.469213, -2.469213, -2.469213, -2.469213
 -2.462506, -2.462506, -2.462506, -2.462506, -2.462506, -2.462506
 -2.449175, -2.449175, -2.449175, -2.449175, -2.449175, -2.449175
 -2.429403, -2.429403, -2.429403, -2.429403, -2.429403, -2.429403
 -2.403362, -2.403362, -2.403362, -2.403362, -2.403362, -2.403362
 -2.371229, -2.371229, -2.371229, -2.371229, -2.371229, -2.371229
 -2.333221, -2.333221, -2.333221, -2.333221, -2.333221, -2.333221
 -2.289651, -2.289651, -2.289651, -2.289651, -2.289651, -2.289651
 -2.240988, -2.240988, -2.240988, -2.240988, -2.240988, -2.240988
 -2.187934, -2.187934, -2.187934, -2.187934, -2.187934, -2.187934
 -2.131469, -2.131469, -2.131469, -2.131469, -2.131469, -2.131469
 -2.072835, -2.072835, -2.072835, -2.072835, -2.072835, -2.072835
 -2.013438, -2.013438, -2.013438, -2.013438, -2.013438, -2.013438
 -1.954670, -1.954670, -1.954670, -1.954670, -1.954670, -1.954670
 -1.897720, -1.897720, -1.897720, -1.897720, -1.897720, -1.897720
 -1.843443, -1.843443, -1.843443, -1.843443, -1.843443, -1.843443
 -1.792325, -1.792325, -1.792325, -1.792325, -1.792325, -1.792325
 -1.744541, -1.744541, -1.744541, -1.744541, -1.744541, -1.744541
 -1.700047, -1.700047, -1.700047, -1.700047, -1.700047, -1.700047
 -1.658689, -1.658689, -1.658689, -1.658689, -1.658689, -1.658689
 -1.620278, -1.620278, -1.620278, -1.620278, -1.620278, -1.620278
 -1.584641, -1.584641, -1.584641, -1.584641, -1.584641, -1.584641
 -1.551647, -1.551647, -1.551647, -1.551647, -1.551647, -1.551647
 -1.521223, -1.521223, -1.521223, -1.521223, -1.521223, -1.521223
 -1.493342, -1.493342, -1.493342, -1.493342, -1.493342, -1.493342
 -1.468025, -1.468025, -1.468025, -1.468025, -1.468025, -1.468025
 -1.445322, -1.445322, -1.445322, -1.445322, -1.445322, -1.445322
 -1.425304, -1.425304, -1.425304, -1.425304, -1.425304, -1.425304
 -1.408047, -1.408047, -1.408047, -1.408047, -1.408047, -1.408047
 -1.393616, -1.393616, -1.393616, -1.393616, -1.393616, -1.393616
 -1.382054, -1.382054, -1.382054, -1.382054, -1.382054, -1.382054
 -1.373372, -1.373372, -1.373372, -1.373372, -1.373372, -1.373372
 -1.367535, -1.367535, -1.367535, -1.367535, -1.367535, -1.367535
 -1.364458, -1.364458, -1.364458, -1.364458, -1.364458, -1.364458
 -1.364003, -1.364003, -1.364003, -1.364003, -1.364003, -1.364003
 -1.365975, -1.365975, -1.365975, -1.365975, -1.365975, -1.365975
 -1.370127, -1.370127, -1.370127, -1.370127, -1.370127, -1.370127
 -1.376167, -1.376167, -1.376167, -1.376167, -1.376167, -1.376167
 -1.383762, -1.383762, -1.383762, -1.383762, -1.383762, -1.383762
 -1.392550, -1.392550, -1.392550, -1.392550, -1.392550, -1.392550
 -1.402151, -1.402151, -1.402151, -1.402151, -1.402151, -1.402151
 -1.412177, -1.412177, -1.412177, -1.412177, -1.412177, -1.412177
 -1.422248, -1.422248, -1.422248, -1.422248, -1.422248, -1.422248
 -1.432001, -1.432001, -1.432001, -1.432001, -1.432001, -1.432001
 -1.441106, -1.441106, -1.441106, -1.441106, -1.441106, -1.441106
 -1.449269, -1.449269, -1.449269, -1.449269, -1.449269, -1.449269
 -1.456252, -1.456252, -1.456252, -1.456252, -1.456252, -1.456252
 -1.461869, -1.461869, -1.461869, -1.461869, -1.461869, -1.461869
 -1.465996, -1.465996, -1.465996, -1.465996, -1.465996, -1.465996
 -1.468569, -1.468569, -1.468569, -1.468569, -1.468569, -1.468569
 -1.469577, -1.469577, -1.469577, -1.469577, -1.469577, -1.469577
 -1.469062, -1.469062, -1.469062, -1.469062, -1.469062, -1.469062
 -1.467103, -1.467103, -1.467103, -1.467103, -1.467103, -1.467103
 -1.463811, -1.463811, -1.463811, -1.463811, -1.463811, -1.463811
 -1.459315, -1.459315, -1.459315, -1.459315, -1.459315, -1.459315
 -1.453757, -1.453757, -1.453757, -1.453757, -1.453757, -1.453757
 -1.447283, -1.447283, -1.447283, -1.447283, -1.447283, -1.447283
 -1.440035, -1.440035, -1.440035, -1.440035, -1.440035, -1.440035
 -1.432148, -1.432148, -1.432148, -1.432148, -1.432148, -1.432148
 -1.423748, -1.423748, -1.423748, -1.423748, -1.423748, -1.423748
 -1.414952, -1.414952, -1.414952, -1.414952, -1.414952, -1.414952
 -1.405864, -1.405864, -1.405864, -1.405864, -1.405864, -1.405864
 -1.396577, -1.396577, -1.396577, -1.396577, -1.396577, -1.396577
 -1.387176, -1.387176, -1.387176, -1.387176, -1.387176, -1.387176
 -1.377737, -1.377737, -1.377737, -1.377737, -1.377737, -1.377737
 -1.368330, -1.368330, -1.368330, -1.368330, -1.368330, -1.368330
 -1.359018, -1.359018, -1.359018, -1.359018, -1.359018, -1.359018
 -1.349862, -1.349862, -1.349862, -1.349862, -1.349862, -1.349862
 -1.340919, -1.340919, -1.340919, -1.340919, -1.340919, -1.340919
 -1.332247, -1.332247, -1.332247, -1.332247, -1.332247, -1.332247
 -1.323902, -1.323902, -1.323902, -1.323902, -1.323902, -1.323902
 -1.315943, -1.315943, -1.315943, -1.315943, -1.315943, -1.315943
 -1.308430, -1.308430, -1.308430, -1.308430, -1.308430, -1.308430
 -1.301426, -1.301426, -1.301426, -1.301426, -1.301426, -1.301426
 -1.294999, -1.294999, -1.294999, -1.294999, -1.294999, -1.294999
 -1.289219, -1.289219, -1.289219, -1.289219, -1.289219, -1.289219
 -1.284158, -1.284158, -1.284158, -1.284158, -1.284158, -1.284158
 -1.279893, -1.279893, -1.279893, -1.279893, -1.279893, -1.279893
 -1.276501, -1.276501, -1.276501, -1.276501, -1.276501, -1.276501
 -1.274058, -1.274058, -1.274058, -1.274058, -1.274058, -1.274058
 -1.272636, -1.272636, -1.272636, -1.272636, -1.272636, -1.272636
 -1.272303, -1.272303, -1.272303, -1.272303, -1.272303, -1.272303
 -1.273112, -1.273112, -1.273112, -1.273112, -1.273112, -1.273112
 -1.275102, -1.275102, -1.275102, -1.275102, -1.275102, -1.275102
 -1.278290, -1.278290, -1.278290, -1.278290, -1.278290, -1.278290
 -1.282664, -1.282664, -1.282664, -1.282664, -1.282664, -1.282664
 -1.288178, -1.288178, -1.288178, -1.288178, -1.288178, -1.288178
 -1.294743, -1.294743, -1.294743, -1.294743, -1.294743, -1.294743
 -1.302224, -1.302224, -1.302224, -1.302224, -1.302224, -1.302224
 -1.310433, -1.310433, -1.310433, -1.310433, -1.310433, -1.310433
 -1.319127, -1.319127, -1.319127, -1.319127, -1.319127, -1.319127
 -1.328009, -1.328009, -1.328009, -1.328009, -1.328009, -1.328009
 -1.336730, -1.336730, -1.336730, -1.336730, -1.336730, -1.336730
 -1.344900, -1.344900, -1.344900, -1.344900, -1.344900, -1.344900
 -1.352101, -1.352101, -1.352101, -1.352101, -1.352101, -1.352101
 -1.357909, -1.357909, -1.357909, -1.357909, -1.357909, -1.357909
 -1.361921, -1.361921, -1.361921, -1.361921, -1.361921, -1.361921
 -1.363780, -1.363780, -1.363780, -1.363780, -1.363780, -1.363780
 -1.363207, -1.363207, -1.363207, -1.363207, -1.363207, -1.363207
 -1.360026, -1.360026, -1.360026, -1.360026, -1.360026, -1.360026
 -1.354174, -1.354174, -1.354174, -1.354174, -1.354174, -1.354174
 -1.345709, -1.345709, -1.345709, -1.345709, -1.345709, -1.345709
 -1.334797, -1.334797, -1.334797, -1.334797, -1.334797, -1.334797
 -1.321695, -1.321695, -1.321695, -1.321695, -1.321695, -1.321695
 -1.306723, -1.306723, -1.306723, -1.306723, -1.306723, -1.306723
 -1.290241, -1.290241, -1.290241, -1.290241, -1.290241, -1.290241
 -1.272620, -1.272620, -1.272620, -1.272620, -1.272620, -1.272620
 -1.254224, -1.254224, -1.254224, -1.254224, -1.254224, -1.254224
 -1.235394, -1.235394, -1.235394, -1.235394, -1.235394, -1.235394
 -1.216437, -1.216437, -1.216437, -1.216437, -1.216437, -1.216437
 -1.197622, -1.197622, -1.197622, -1.197622, -1.197622, -1.197622
 -1.179175, -1.179175, -1.179175, -1.179175, -1.179175, -1.179175
 -1.161283, -1.161283, -1.161283, -1.161283, -1.161283, -1.161283
 -1.144093, -1.144093, -1.144093, -1.144093, -1.144093, -1.144093
 -1.127716, -1.127716, -1.127716, -1.127716, -1.127716, -1.127716
 -1.112232, -1.112232, -1.112232, -1.112232, -1.112232, -1.112232
 -1.097696, -1.097696, -1.097696, -1.097696, -1.097696, -1.097696
 -1.084138, -1.084138, -1.084138, -1.084138, -1.084138, -1.084138
 -1.071571, -1.071571, -1.071571, -1.071571, -1.071571, -1.071571
 -1.059995, -1.059995, -1.059995, -1.059995, -1.059995, -1.059995
 -1.049400, -1.049400, -1.049400, -1.049400, -1.049400, -1.049400
 -1.039767, -1.039767, -1.039767, -1.039767, -1.039767, -1.039767
 -1.031077, -1.031077, -1.031077, -1.031077, -1.031077, -1.031077
 -1.023308, -1.023308, -1.023308, -1.023308, -1.023308, -1.023308
 -1.016437, -1.016437, -1.016437, -1.016437, -1.016437, -1.016437
 -1.010446, -1.010446, -1.010446, -1.010446, -1.010446, -1.010446
 -1.005320, -1.005320, -1.005320, -1.005320, -1.005320, -1.005320
 -1.001047, -1.001047, -1.001047, -1.001047, -1.001047, -1.001047
 -0.997625, -0.997625, -0.997625, -0.997625, -0.997625, -0.997625
 -0.995053, -0.995053, -0.995053, -0.995053, -0.995053, -0.995053
 -0.993340, -0.993340, -0.993340, -0.993340, -0.993340, -0.993340
 -0.992501, -0.992501, -0.992501, -0.992501, -0.992501, -0.992501
 -0.992559, -0.992559, -0.992559, -0.992559, -0.992559, -0.992559
 -0.993542, -0.993542, -0.993542, -0.993542, -0.993542, -0.993542
 -0.995488, -0.995488, -0.995488, -0.995488, -0.995488, -0.995488
 -0.998439, -0.998439, -0.998439, -0.998439, -0.998439, -0.998439
 -1.002445, -1.002445, -1.002445, -1.002445, -1.002445, -1.002445
 -1.007560, -1.007560, -1.007560, -1.007560, -1.007560, -1.007560
 -1.013840, -1.013840, -1.013840, -1.013840, -1.013840, -1.013840
 -1.021347, -1.021347, -1.021347, -1.021347, -1.021347, -1.021347
 -1.030137, -1.030137, -1.030137, -1.030137, -1.030137, -1.030137
 -1.040266, -1.040266, -1.040266, -1.040266, -1.040266, -1.040266
 -1.051781, -1.051781, -1.051781, -1.051781, -1.051781, -1.051781
 -1.064716, -1.064716, -1.064716, -1.064716, -1.064716, -1.064716
 -1.079089, -1.079089, -1.079089, -1.079089, -1.079089, -1.079089
 -1.094892, -1.094892, -1.094892, -1.094892, -1.094892, -1.094892
 -1.112091, -1.112091, -1.112091, -1.112091, -1.112091, -1.112091
 -1.130611, -1.130611, -1.130611, -1.130611, -1.130611, -1.130611
 -1.150337, -1.150337, -1.150337, -1.150337, -1.150337, -1.150337
 -1.171102, -1.171102, -1.171102, -1.171102, -1.171102, -1.171102
 -1.192683, -1.192683, -1.192683, -1.192683, -1.192683, -1.192683
 -1.214794, -1.214794, -1.214794, -1.214794, -1.214794, -1.214794
 -1.237084, -1.237084, -1.237084, -1.237084, -1.237084, -1.237084
 -1.259135, -1.259135, -1.259135, -1.259135, -1.259135, -1.259135
 -1.280465, -1.280465, -1.280465, -1.280465, -1.280465, -1.280465
 -1.300537, -1.300537, -1.300537, -1.300537, -1.300537, -1.300537
 -1.318774, -1.318774, -1.318774, -1.318774, -1.318774, -1.318774
 -1.334589, -1.334589, -1.334589, -1.334589, -1.334589, -1.334589
 -1.347421, -1.347421, -1.347421, -1.347421, -1.347421, -1.347421
 -1.356787, -1.356787, -1.356787, -1.356787, -1.356787, -1.356787
 -1.362324, -1.362324, -1.362324, -1.362324, -1.362324, -1.362324
 -1.363842, -1.363842, -1.363842, -1.363842, -1.363842, -1.363842
 -1.361343, -1.361343, -1.361343, -1.361343, -1.361343, -1.361343
 -1.355024, -1.355024, -1.355024, -1.355024, -1.355024, -1.355024
 -1.345258, -1.345258, -1.345258, -1.345258, -1.345258, -1.345258
 -1.332544, -1.332544, -1.332544, -1.332544, -1.332544, -1.332544
 -1.317463, -1.317463, -1.317463, -1.317463, -1.317463, -1.317463
 -1.300626, -1.300626, -1.300626, -1.300626, -1.300626, -1.300626
 -1.282633, -1.282633, -1.282633, -1.282633, -1.282633, -1.282633
 -1.264040, -1.264040, -1.264040, -1.264040, -1.264040, -1.264040
 -1.245346, -1.245346, -1.245346, -1.245346, -1.245346, -1.245346
 -1.226977, -1.226977, -1.226977, -1.226977, -1.226977, -1.226977
 -1.209290, -1.209290, -1.209290, -1.209290, -1.209290, -1.209290
 -1.192566, -1.192566, -1.192566, -1.192566, -1.192566, -1.192566
 -1.177020, -1.177020, -1.177020, -1.177020, -1.177020, -1.177020
 -1.162807, -1.162807, -1.162807, -1.162807, -1.162807, -1.162807
 -1.150027, -1.150027, -1.150027, -1.150027, -1.150027, -1.150027
 -1.138734, -1.138734, -1.138734, -1.138734, -1.138734, -1.138734
 -1.128943, -1.128943, -1.128943, -1.128943, -1.128943, -1.128943
 -1.120640, -1.120640, -1.120640, -1.120640, -1.120640, -1.120640
 -1.113786, -1.113786, -1.113786, -1.113786, -1.113786, -1.113786
 -1.108325, -1.108325, -1.108325, -1.108325, -1.108325, -1.108325
 -1.104188, -1.104188, -1.104188, -1.104188, -1.104188, -1.104188
 -1.101303, -1.101303, -1.101303, -1.101303, -1.101303, -1.101303
 -1.099589, -1.099589, -1.099589, -1.099589, -1.099589, -1.099589
 -1.098968, -1.098968, -1.098968, -1.098968, -1.098968, -1.098968
 -1.099365, -1.099365, -1.099365, -1.099365, -1.099365, -1.099365
 -1.100706, -1.100706, -1.100706, -1.100706, -1.100706, -1.100706
 -1.102923, -1.102923, -1.102923, -1.102923, -1.102923, -1.102923
 -1.105954, -1.105954, -1.105954, -1.105954, -1.105954, -1.105954
 -1.109742, -1.109742, -1.109742, -1.109742, -1.109742, -1.109742
